"LLR dict generation REPORT"
"---------------------------"
"N=512"
"design_p=0.11"
"Capacity for 512channels:256"
"design for rate:123"
"Z Construct--------------------------------------------------------"
"Good Channels:"
[511, 255, 383, 447, 479, 495, 503, 507, 509, 127, 191, 319, 223, 351, 415, 239, 367, 431, 463, 247, 375, 439, 471, 251, 379, 510, 487, 443, 475, 491, 253, 381, 63, 95, 445, 159, 111, 287, 175, 303, 477, 207, 119, 499, 335, 183, 311, 399, 215, 343, 493, 407, 123, 254, 231, 187, 382, 359, 315, 219, 446, 423, 347, 411, 501, 235, 478, 455, 363, 125, 189, 427, 31, 317, 47, 221, 243, 79, 494, 349, 55, 371, 143, 459, 87, 271, 505, 413, 237, 435, 151, 365, 126, 103, 279, 59, 190, 167, 502, 91, 429, 467, 318, 295, 155, 245, 222, 199, 107, 283, 373, 350, 327, 461, 171, 61, 483, 437, 299, 238, 93, 414, 391]
"R order:"
[511, 255, 383, 447, 479, 495, 503, 507, 509, 127, 191, 319, 223, 351, 415, 239, 367, 431, 463, 247, 375, 439, 471, 251, 379, 510, 487, 443, 475, 491, 253, 381, 63, 95, 445, 159, 111, 287, 175, 303, 477, 207, 119, 499, 335, 183, 311, 399, 215, 343, 493, 407, 123, 254, 231, 187, 382, 359, 315, 219, 446, 423, 347, 411, 501, 235, 478, 455, 363, 125, 189, 427, 31, 317, 47, 221, 243, 79, 494, 349, 55, 371, 143, 459, 87, 271, 505, 413, 237, 435, 151, 365, 126, 103, 279, 59, 190, 167, 502, 91, 429, 467, 318, 295, 155, 245, 222, 199, 107, 283, 373, 350, 327, 461, 171, 61, 483, 437, 299, 238, 93, 414, 391, 506, 115, 203, 366, 15, 249, 157, 179, 331, 109, 469, 377, 285, 23, 430, 307, 246, 173, 395, 211, 62, 39, 441, 508, 374, 301, 27, 339, 117, 485, 462, 94, 71, 205, 227, 438, 473, 181, 43, 158, 333, 403, 135, 250, 110, 355, 309, 286, 263, 75, 378, 397, 470, 213, 121, 29, 489, 174, 51, 419, 139, 341, 442, 185, 252, 302, 118, 486, 45, 83, 229, 267, 497, 206, 451, 405, 313, 380, 474, 182, 217, 357, 334, 77, 147, 444, 99, 310, 490, 53, 345, 30, 421, 7, 275, 398, 122, 141, 214, 233, 476, 409, 163, 498, 453, 269, 342, 85, 186, 361, 46, 492, 291, 230, 406, 11, 241, 314, 195, 425, 149, 57, 358, 124, 218, 500, 369, 323, 101, 457, 78, 277, 422, 346, 504, 433, 188, 387, 54, 234, 89, 410, 454, 165, 19, 142, 465, 316, 362, 293, 220, 270, 153, 481, 242, 197, 426, 13, 86, 348, 105, 281, 370, 325, 458, 236, 35, 412, 434, 150, 389, 58, 364, 169, 278, 466, 102, 244, 428, 297, 113, 482, 67, 372, 201, 460, 21, 166, 90, 248, 436, 329, 177, 131, 294, 376, 468, 393, 305, 154, 198, 259, 440, 484, 209, 60, 282, 326, 106, 472, 337, 37, 390, 14, 488, 225, 401, 170, 496, 353, 92, 298, 25, 417, 114, 69, 202, 449, 156, 330, 178, 284, 133, 394, 108, 306, 261, 22, 210, 172, 41, 338, 300, 226, 402, 116, 204, 354, 332, 418, 180, 73, 396, 450, 308, 38, 120, 212, 137, 49, 340, 265, 3, 184, 228, 404, 312, 26, 356, 70, 216, 420, 81, 344, 452, 134, 232, 408, 262, 145, 360, 273, 240, 424, 97, 368, 456, 42, 432, 161, 464, 289, 480, 193, 321, 74, 385, 28, 138, 266, 50, 5, 82, 44, 146, 272, 256, 128, 384, 64, 320, 192, 448, 400, 32, 288, 160, 416, 96, 352, 224, 16, 144, 80, 176, 208, 100, 164, 292, 36, 196, 324, 68, 388, 132, 260, 4, 56, 88, 20, 152, 24, 104, 168, 296, 40, 200, 328, 72, 392, 136, 264, 8, 112, 280, 276, 148, 84, 9, 17, 304, 33, 65, 129, 257, 1, 48, 6, 10, 274, 18, 98, 162, 290, 34, 194, 322, 66, 386, 130, 258, 2, 76, 140, 268, 12, 52, 336, 0]
"Number of good channels:"
123
"R=0.240234375"
"Frozen channels:"
389
"sim ran :1000"
"Outputilename:./simresults/llrsgndict-512-0p11-18-05-10_12-50-57.txt"
