"LLR dict generation REPORT"
"---------------------------"
"N=1024"
"design_p=0.11"
"Capacity for 1024channels:512"
"design for rate:255"
"Z Construct--------------------------------------------------------"
"Good Channels:"
[1023, 511, 767, 895, 959, 991, 1007, 1015, 1019, 255, 1021, 383, 639, 447, 703, 831, 479, 735, 863, 927, 495, 751, 879, 943, 975, 503, 759, 887, 951, 983, 507, 763, 891, 1022, 999, 955, 987, 1003, 509, 127, 765, 191, 319, 893, 223, 575, 351, 607, 415, 957, 239, 671, 367, 623, 799, 431, 687, 815, 989, 463, 247, 719, 375, 631, 1011, 847, 439, 695, 823, 911, 471, 727, 855, 1005, 251, 379, 919, 510, 487, 635, 766, 743, 443, 699, 894, 871, 827, 475, 731, 958, 935, 859, 923, 491, 1013, 747, 990, 253, 967, 381, 63, 875, 637, 95, 445, 159, 701, 111, 287, 939, 175, 543, 829, 303, 477, 207, 559, 733, 119, 499, 335, 183, 755, 591, 1006, 861, 311, 399, 215, 567, 883, 655, 971, 343, 493, 599, 783, 1017, 925, 749, 407, 123, 254, 231, 947, 663, 187, 382, 359, 877, 315, 638, 615, 791, 219, 571, 446, 423, 347, 702, 679, 1014, 603, 941, 979, 411, 830, 501, 807, 235, 478, 455, 667, 757, 363, 734, 125, 711, 619, 189, 795, 885, 427, 31, 862, 317, 839, 973, 683, 47, 221, 573, 243, 79, 494, 349, 995, 949, 811, 55, 371, 143, 750, 459, 605, 926, 903, 1018, 87, 627, 271, 505, 413, 715, 237, 435, 878, 151, 527, 761, 669, 365, 126, 103, 691, 843, 279, 59, 621, 981, 190, 889, 167, 797, 535, 502, 91, 429, 942, 819, 467, 318, 295, 758, 155, 685, 245, 907, 222, 723, 199, 574, 551, 107, 283]
"R order:"
[1023, 511, 767, 895, 959, 991, 1007, 1015, 1019, 255, 1021, 383, 639, 447, 703, 831, 479, 735, 863, 927, 495, 751, 879, 943, 975, 503, 759, 887, 951, 983, 507, 763, 891, 1022, 999, 955, 987, 1003, 509, 127, 765, 191, 319, 893, 223, 575, 351, 607, 415, 957, 239, 671, 367, 623, 799, 431, 687, 815, 989, 463, 247, 719, 375, 631, 1011, 847, 439, 695, 823, 911, 471, 727, 855, 1005, 251, 379, 919, 510, 487, 635, 766, 743, 443, 699, 894, 871, 827, 475, 731, 958, 935, 859, 923, 491, 1013, 747, 990, 253, 967, 381, 63, 875, 637, 95, 445, 159, 701, 111, 287, 939, 175, 543, 829, 303, 477, 207, 559, 733, 119, 499, 335, 183, 755, 591, 1006, 861, 311, 399, 215, 567, 883, 655, 971, 343, 493, 599, 783, 1017, 925, 749, 407, 123, 254, 231, 947, 663, 187, 382, 359, 877, 315, 638, 615, 791, 219, 571, 446, 423, 347, 702, 679, 1014, 603, 941, 979, 411, 830, 501, 807, 235, 478, 455, 667, 757, 363, 734, 125, 711, 619, 189, 795, 885, 427, 31, 862, 317, 839, 973, 683, 47, 221, 573, 243, 79, 494, 349, 995, 949, 811, 55, 371, 143, 750, 459, 605, 926, 903, 1018, 87, 627, 271, 505, 413, 715, 237, 435, 878, 151, 527, 761, 669, 365, 126, 103, 691, 843, 279, 59, 621, 981, 190, 889, 167, 797, 535, 502, 91, 429, 942, 819, 467, 318, 295, 758, 155, 685, 245, 907, 222, 723, 199, 574, 551, 107, 283, 953, 373, 1020, 350, 327, 461, 886, 813, 171, 539, 61, 851, 629, 997, 974, 606, 583, 717, 483, 437, 299, 238, 93, 414, 391, 506, 115, 203, 739, 950, 985, 693, 555, 366, 670, 845, 15, 249, 157, 915, 647, 762, 179, 331, 109, 622, 469, 867, 377, 285, 23, 821, 798, 775, 430, 587, 307, 890, 909, 982, 246, 173, 725, 633, 541, 395, 211, 1001, 62, 39, 686, 563, 441, 931, 508, 374, 301, 651, 27, 853, 339, 954, 117, 485, 462, 94, 71, 697, 205, 764, 814, 630, 998, 557, 595, 741, 779, 1009, 227, 438, 718, 473, 963, 181, 43, 158, 333, 917, 403, 135, 825, 250, 892, 986, 694, 110, 729, 869, 355, 846, 309, 589, 659, 286, 263, 75, 378, 397, 470, 213, 956, 121, 29, 611, 489, 822, 1002, 565, 857, 174, 51, 542, 933, 519, 787, 910, 419, 634, 653, 726, 139, 341, 745, 442, 988, 185, 921, 252, 675, 302, 1010, 118, 486, 965, 45, 781, 854, 597, 83, 229, 698, 267, 497, 873, 206, 451, 558, 405, 1004, 313, 803, 742, 380, 474, 918, 523, 753, 826, 182, 707, 937, 217, 357, 661, 334, 77, 569, 147, 870, 636, 730, 1012, 881, 835, 444, 613, 969, 590, 99, 789, 310, 490, 53, 345, 934, 858, 30, 421, 1016, 7, 275, 398, 122, 945, 700, 141, 899, 214, 566, 746, 601, 233, 922, 966, 677, 531, 654, 476, 409, 977, 828, 163, 498, 874, 453, 269, 342, 805, 732, 782, 85, 186, 665, 361, 993, 754, 709, 938, 525, 46, 598, 492, 291, 230, 860, 617, 793, 882, 406, 837, 11, 970, 241, 314, 748, 195, 547, 425, 924, 149, 57, 946, 662, 901, 358, 124, 570, 218, 500, 876, 681, 369, 790, 978, 323, 614, 101, 756, 457, 940, 78, 809, 277, 625, 422, 346, 994, 579, 504, 884, 713, 972, 533, 433, 188, 387, 678, 602, 760, 54, 948, 841, 234, 89, 689, 410, 454, 165, 643, 806, 19, 142, 888, 980, 905, 465, 316, 817, 666, 710, 771, 362, 952, 996, 721, 572, 293, 794, 838, 220, 270, 618, 984, 153, 481, 849, 549, 242, 902, 526, 197, 426, 1000, 13, 86, 737, 913, 348, 682, 105, 281, 1008, 865, 370, 604, 325, 458, 810, 537, 236, 929, 35, 626, 412, 581, 714, 961, 434, 150, 668, 389, 842, 58, 364, 169, 690, 796, 645, 906, 620, 278, 466, 818, 102, 773, 244, 428, 297, 534, 722, 113, 684, 553, 482, 850, 67, 372, 201, 460, 812, 21, 738, 914, 628, 716, 166, 90, 866, 248, 436, 329, 844, 930, 177, 692, 585, 908, 131, 294, 962, 376, 468, 820, 393, 550, 305, 632, 154, 724, 649, 198, 259, 561, 440, 484, 852, 777, 515, 209, 60, 696, 282, 740, 916, 326, 106, 472, 824, 538, 868, 582, 337, 37, 728, 932, 390, 14, 593, 488, 856, 964, 646, 225, 401, 744, 920, 774, 657, 170, 496, 872, 353, 785, 752, 936, 92, 609, 298, 25, 880, 968, 417, 554, 114, 944, 69, 673, 202, 976, 449, 801, 156, 992, 705, 330, 833, 586, 178, 284, 133, 897, 394, 540, 108, 650, 306, 261, 778, 562, 517, 22, 210, 172, 41, 338, 594, 300, 402, 226, 556, 116, 658, 204, 354, 332, 704, 192, 832, 320, 96, 64, 384, 640, 128, 768, 256, 512, 576, 896, 960, 928, 32, 544, 288, 800, 480, 160, 736, 224, 864, 352, 672, 608, 416, 448, 272, 33, 5, 260, 516, 4, 120, 184, 312, 568, 56, 216, 772, 344, 88, 408, 664, 152, 792, 280, 536, 24, 232, 600, 360, 132, 388, 20, 228, 356, 612, 100, 420, 676, 164, 804, 644, 292, 36, 452, 708, 196, 836, 324, 580, 68, 900, 548, 532, 616, 424, 112, 432, 688, 176, 816, 304, 560, 48, 464, 624, 720, 848, 336, 592, 80, 912, 400, 656, 144, 784, 208, 104, 368, 8, 680, 168, 808, 296, 552, 40, 456, 712, 200, 240, 840, 584, 72, 904, 392, 648, 136, 776, 264, 520, 328, 276, 788, 148, 257, 513, 1, 16, 38, 70, 134, 262, 518, 769, 6, 42, 74, 138, 266, 522, 10, 50, 82, 146, 26, 786, 129, 385, 73, 137, 265, 521, 9, 49, 81, 145, 273, 641, 529, 97, 161, 289, 545, 528, 193, 321, 577, 65, 17, 274, 530, 18, 44, 588, 76, 396, 652, 140, 780, 268, 524, 28, 12, 308, 564, 52, 212, 340, 596, 84, 404, 660, 180, 2, 514, 258, 610, 98, 418, 674, 162, 802, 290, 546, 34, 450, 706, 194, 834, 322, 578, 66, 898, 386, 642, 130, 770, 3, 0]
"Number of good channels:"
255
"R=0.2490234375"
"Frozen channels:"
769
"sim ran :1000"
"Outputilename:./simresults/llrsgndict-1024-0p11-18-05-10_15-36-05.txt"
