"LLR dict generation REPORT"
"---------------------------"
"N=256"
"design_p=0.11"
"Capacity for 256channels:128"
"design for rate:57"
"Z Construct--------------------------------------------------------"
"Good Channels:"
[255, 127, 191, 223, 239, 247, 251, 253, 63, 95, 159, 111, 175, 207, 119, 183, 215, 123, 254, 231, 187, 219, 235, 125, 189, 31, 47, 221, 243, 79, 55, 143, 87, 237, 151, 126, 103, 59, 190, 167, 91, 155, 245, 222, 199, 107, 171, 61, 238, 93, 115, 203, 15, 249, 157, 179, 109]
"R order:"
[255, 127, 191, 223, 239, 247, 251, 253, 63, 95, 159, 111, 175, 207, 119, 183, 215, 123, 254, 231, 187, 219, 235, 125, 189, 31, 47, 221, 243, 79, 55, 143, 87, 237, 151, 126, 103, 59, 190, 167, 91, 155, 245, 222, 199, 107, 171, 61, 238, 93, 115, 203, 15, 249, 157, 179, 109, 23, 246, 173, 211, 62, 39, 27, 117, 94, 71, 205, 227, 181, 43, 158, 135, 250, 110, 75, 213, 121, 29, 174, 51, 139, 185, 252, 118, 45, 83, 229, 206, 182, 217, 77, 147, 99, 53, 30, 7, 122, 141, 214, 233, 163, 85, 186, 46, 230, 11, 241, 195, 149, 57, 124, 218, 101, 78, 188, 54, 234, 89, 165, 19, 142, 220, 153, 242, 197, 13, 86, 105, 236, 35, 150, 58, 169, 102, 244, 113, 67, 201, 21, 166, 90, 248, 177, 131, 154, 198, 209, 60, 106, 37, 14, 225, 170, 92, 25, 114, 69, 202, 156, 178, 133, 108, 22, 210, 172, 41, 226, 116, 204, 180, 73, 38, 120, 212, 137, 49, 3, 184, 228, 26, 70, 216, 81, 134, 232, 145, 240, 97, 42, 161, 193, 74, 28, 138, 50, 5, 82, 44, 146, 98, 76, 162, 140, 194, 52, 84, 9, 148, 56, 100, 164, 88, 196, 152, 6, 104, 17, 168, 112, 200, 176, 208, 33, 224, 65, 129, 10, 144, 24, 16, 96, 160, 4, 32, 192, 64, 128, 40, 132, 72, 80, 8, 48, 36, 20, 12, 2, 130, 66, 34, 18, 136, 1, 68, 0]
"Number of good channels:"
57
"R=0.22265625"
"Frozen channels:"
199
"sim ran :1000"
"Outputilename:./simresults/llrsgndict-256-0p11-18-05-10_15-36-55.txt"
