"RATE Vs FER REPORT Rateless Det Iter retro"
"------------------------------------------"
"Compound_plist:"
[0.03, 0.11, 0.17]
"sim ran :1000"
"T:9"
"N=512"
"Rate vs Block_error="
0.06999999999999999
[0.06999999999999999, 0.07999999999999999, 0.09, 0.09999999999999999, 0.10999999999999999, 0.12, 0.13, 0.14, 0.15, 0.15999999999999998, 0.16999999999999998, 0.18, 0.19, 0.2]
[1.7442949218750012, 1.815644531249998, 1.9112578124999922, 1.9809257812499887, 2.0368203124999886, 2.066849609374989, 2.0799023437499873, 2.0892714843749896, 2.1002421874999886, 2.1227441406249876, 2.151171874999986, 2.1765566406249848, 2.200099609374981, 2.2246835937499823]
[-0.9281179926938746, -0.7375489102695705, -0.7471469690201069, -0.7931741239681502, -0.8664610916297825, -0.9625735020593764, -0.9030899869919435, -0.7544873321858502, -0.6903698325741012, -0.6252516539898961, -0.6536470255493614, -0.692503962086787, -0.6536470255493614, -0.5543957967264024]
