"RATE Vs FER REPORT Rateless Det Iter retro"
"------------------------------------------"
"Compound_plist:"
[0.03, 0.11, 0.17]
"sim ran :1000"
"T:9"
"N=512"
"Rate vs Block_error="
0.04
[0.04, 0.05, 0.06, 0.07, 0.08, 0.09, 0.1, 0.11000000000000001, 0.12, 0.13, 0.14, 0.15, 0.16, 0.17, 0.18000000000000002, 0.19, 0.2]
[1.5605156250000034, 1.565800781250003, 1.5958300781250017, 1.6429160156249993, 1.717148437499995, 1.8286171874999888, 1.9246308593749837, 1.9991835937499791, 2.02504882812498, 2.0397832031249807, 2.049792968749981, 2.065167968749981, 2.0873496093749804, 2.1083300781249776, 2.137798828124975, 2.155416015624973, 2.1760761718749704]
[-3.0, -2.0, -1.5528419686577808, -1.0861861476162833, -0.8794260687941502, -0.8068754016455384, -1.0, -1.214670164989233, -1.2839966563652008, -1.214670164989233, -0.9829666607012196, -0.8827287043442358, -0.8096683018297085, -0.7569619513137056, -0.7423214251308154, -0.7011469235902933, -0.6536470255493614]
