"RATE Vs FER REPORT Rateless Det Iter retro"
"------------------------------------------"
"Compound_plist:"
[0.03, 0.11, 0.17]
"sim ran :1000"
"T:9"
"N=512"
"Rate vs Block_error="
0.16
[0.01, 0.02, 0.03, 0.04, 0.05, 0.060000000000000005, 0.06999999999999999, 0.08, 0.09, 0.09999999999999999, 0.11, 0.12, 0.13, 0.14, 0.15000000000000002, 0.16, 0.17, 0.18000000000000002, 0.19, 0.2]
[2.125269531250025, 2.124468750000026, 2.1273515625000257, 2.128792968750027, 2.131996093750026, 2.134798828125023, 2.1603437500000164, 2.1970996093750053, 2.251632812499994, 2.30512499999998, 2.3323515624999716, 2.346925781249971, 2.360859374999967, 2.3633417968749675, 2.3695078124999696, 2.371269531249971, 2.3699082031249707, 2.377515624999972, 2.376794921874971, 2.377275390624972]
[-0.6819366650372385, -0.679853713888946, -0.6615435063953952, -0.7619538968712046, -0.7495799976911061, -0.6736641390712486, -0.5451551399914898, -0.42021640338318983, -0.42365864979420714, -0.5016894462103995, -0.5030703519267851, -0.5199930570428494, -0.5391021572434522, -0.4749551929631547, -0.36957212497497616, -0.30016227413275426, -0.22184874961635637, -0.1824346304402192, -0.10679324694015198, -0.08884239126002341]
