"RATE Vs FER REPORT Rateless Det Iter retro"
"------------------------------------------"
"Compound_plist:"
[0.03, 0.11, 0.17]
"sim ran :1000"
"T:9"
"N=512"
"Rate vs Block_error="
0.15000000000000002
[0.01, 0.02, 0.03, 0.04, 0.05, 0.060000000000000005, 0.06999999999999999, 0.08, 0.09, 0.09999999999999999, 0.11, 0.12, 0.13, 0.14, 0.15000000000000002, 0.16, 0.17, 0.18000000000000002, 0.19, 0.2]
[2.109093750000027, 2.105890625000028, 2.1052500000000274, 2.1073320312500274, 2.113738281250027, 2.1226269531250237, 2.1339179687500183, 2.1802031250000056, 2.2300917968749903, 2.2805410156249777, 2.316015624999973, 2.3360351562499693, 2.346124999999965, 2.3425214843749647, 2.347886718749965, 2.3520507812499654, 2.3498886718749663, 2.358537109374967, 2.3536523437499657, 2.358537109374969]
[-0.7746907182741372, -0.8153085691824012, -0.790484985457369, -0.7958800173440752, -0.8041003475907662, -0.7544873321858502, -0.5606673061697374, -0.46852108295774486, -0.42596873227228116, -0.5171264163912462, -0.5257837359237448, -0.596879478824182, -0.6038006529042637, -0.4934949675951279, -0.3925449767853314, -0.29413628771608075, -0.19791074211826729, -0.14569395819891942, -0.08724669632867703, -0.07727454200674003]
