"RATE Vs FER REPORT Rateless Det Iter retro"
"------------------------------------------"
"Compound_plist:"
[0.03, 0.11, 0.17]
"sim ran :1000"
"T:9"
"N=512"
"Rate vs Block_error="
0.13
[0.01, 0.02, 0.03, 0.04, 0.05, 0.060000000000000005, 0.06999999999999999, 0.08, 0.09, 0.09999999999999999, 0.11, 0.12, 0.13, 0.14, 0.15000000000000002, 0.16, 0.17, 0.18000000000000002, 0.19, 0.2]
[2.07738281250003, 2.0810664062500295, 2.082267578125031, 2.0860312500000293, 2.0860312500000284, 2.092197265625027, 2.1119414062500224, 2.14608984375001, 2.2030253906249913, 2.2540351562499823, 2.2891992187499697, 2.322425781249965, 2.3391152343749653, 2.3550175781249663, 2.382412109374969, 2.4270390624999765, 2.4807871093749863, 2.5523867187499985, 2.614125000000011, 2.6776503906250215]
[-1.031517051446065, -1.0268721464003012, -1.031517051446065, -1.0969100130080565, -1.0969100130080565, -0.8477116556169436, -0.6968039425795111, -0.5466816599529624, -0.5016894462103995, -0.5171264163912462, -0.623423042943488, -0.744727494896694, -0.7399286120149252, -0.6439741428068773, -0.6143937264016879, -0.5287082889410615, -0.48017200622428124, -0.5128616245228135, -0.5575202309355514, -0.6840296545430823]
"errorarray=[err_Y2X,err_Z2X,err_X2Y,err_Z2Y,err_Y2Z,err_X2Z]"
[[-1.0969100130080565, -1.0915149811213503, -1.214670164989233, -Infinity, -Infinity, -1.214670164989233], [-1.1307682802690238, -1.1079053973095196, -1.154901959985743, -Infinity, -Infinity, -1.154901959985743], [-1.1135092748275182, -1.0969100130080565, -1.1674910872937636, -Infinity, -Infinity, -1.1611509092627446], [-1.2291479883578558, -1.2006594505464183, -1.2365720064370627, -2.5228787452803374, -2.5228787452803374, -1.2218487496163564], [-1.2441251443275085, -1.193820026016113, -1.3665315444204136, -2.154901959985743, -2.154901959985743, -1.3010299956639813], [-1.154901959985743, -0.9956786262173574, -1.207608310501746, -1.585026652029182, -1.4685210829577449, -1.0362121726544447], [-1.1739251972991736, -0.8239087409443188, -1.3279021420642825, -1.0362121726544447, -1.0757207139381184, -0.9913998282380825], [-1.1804560644581312, -0.721246399047171, -1.214670164989233, -0.9244530386074693, -0.8761483590329142, -0.7569619513137056], [-1.1249387366083, -0.6478174818886375, -1.2291479883578558, -0.8507808873446201, -0.8507808873446201, -0.7055337738384071], [-1.207608310501746, -0.6556077263148893, -1.2218487496163564, -0.8386319977650252, -0.8386319977650252, -0.6840296545430823], [-1.154901959985743, -0.7798919119599449, -1.1249387366083, -1.0362121726544447, -0.9281179926938746, -0.7772835288524167], [-1.1804560644581312, -0.906578314837765, -1.2006594505464183, -1.2291479883578558, -1.0604807473813815, -0.8794260687941502], [-1.2441251443275085, -0.8996294548824371, -1.214670164989233, -1.1135092748275182, -1.013228265733755, -0.8664610916297825], [-1.1079053973095196, -0.7958800173440752, -1.1191864077192086, -0.978810700930062, -0.9100948885606021, -0.7878123955960422], [-1.2596373105057561, -0.8210230527068306, -1.2218487496163564, -0.9244530386074693, -0.7825160557860937, -0.744727494896694], [-1.2365720064370627, -0.6882461389442457, -1.2365720064370627, -0.7495799976911061, -0.7033348097384688, -0.692503962086787], [-1.1249387366083, -0.6556077263148893, -1.136677139879544, -0.7055337738384071, -0.619788758288394, -0.6497519816658371], [-1.1674910872937636, -0.728158393463501, -1.1307682802690238, -0.7520267336381934, -0.6345120151091003, -0.6946486305533762], [-1.154901959985743, -0.7721132953863264, -1.2291479883578558, -0.8013429130455774, -0.6675615400843947, -0.7544873321858502], [-1.2441251443275085, -0.9355420107730815, -1.2291479883578558, -0.9546770212133425, -0.7721132953863264, -0.8927900303521317]]
"Iter=[Iter_step_1,Iter_step_2 (continued)]"
[[0.0, 0.98], [0.0, 0.993], [0.001, 0.999], [0.0, 1.004], [0.008, 1.004], [0.035, 1.0], [0.11, 1.013], [0.252, 1.011], [0.475, 1.018], [0.658, 1.032], [0.81, 1.03], [0.916, 1.05], [0.957, 1.066], [0.961, 1.115], [0.975, 1.162], [0.976, 1.269], [0.969, 1.411], [0.974, 1.557], [0.978, 1.692], [0.991, 1.831]]
