"RATE Vs FER REPORT Rateless Det Iter retro"
"------------------------------------------"
"Compound_plist:"
[0.03, 0.11, 0.17]
"sim ran :1000"
"T:9"
"N=512"
"Rate vs Block_error="
0.03
[0.03, 0.04, 0.05, 0.06, 0.07, 0.08, 0.09, 0.1, 0.11, 0.12, 0.13, 0.14, 0.15, 0.16, 0.17, 0.18, 0.19, 0.2]
[1.5585937500000033, 1.5585937500000033, 1.565320312500003, 1.585019531250002, 1.6378710937499994, 1.7238749999999947, 1.831980468749989, 1.9295156249999825, 1.999263671874979, 2.0251289062499804, 2.040103515624981, 2.051874999999981, 2.0668496093749806, 2.08518749999998, 2.1116132812499786, 2.1388398437499756, 2.155496093749973, 2.174874999999969]
[-Infinity, -2.6989700043360187, -1.7958800173440752, -1.431798275933005, -1.1804560644581312, -0.9136401693252518, -0.8761483590329142, -1.0222763947111522, -1.3098039199714864, -1.3467874862246563, -1.2596373105057561, -1.0362121726544447, -0.8927900303521317, -0.8507808873446201, -0.7619538968712046, -0.7594507517174003, -0.6903698325741012, -0.6003262785189618]
