"RATE Vs FER REPORT Rateless Det Iter retro"
"------------------------------------------"
"Compound_plist:"
[0.03, 0.11, 0.17]
"sim ran :1000"
"T:9"
"N=512"
"Rate vs Block_error="
0.11
[0.01, 0.02, 0.03, 0.04, 0.05, 0.060000000000000005, 0.06999999999999999, 0.08, 0.09, 0.09999999999999999, 0.11, 0.12, 0.13, 0.14, 0.15000000000000002, 0.16, 0.17, 0.18000000000000002, 0.19, 0.2]
[2.006433593750037, 2.0182851562500352, 2.022128906250035, 2.0237304687500353, 2.0171640625000355, 2.0240507812500343, 2.0601660156250268, 2.0914765625000173, 2.1701933593749976, 2.230546874999986, 2.2705507812499786, 2.3048320312499744, 2.323513671874972, 2.34007226562497, 2.3661406249999724, 2.4002246093749795, 2.464064453124987, 2.522542968749997, 2.589207031250008, 2.640273437500017]
[-0.8297382846050426, -0.9030899869919435, -0.9430951486635274, -0.9318141382538383, -0.8601209135987634, -0.721246399047171, -0.6363880201078557, -0.44369749923271273, -0.4497716469449059, -0.4522252946121775, -0.5376020021010439, -0.6420651529995461, -0.6345120151091003, -0.6108339156354675, -0.5767541260631921, -0.4762535331884355, -0.4775557664936801, -0.4672456210075022, -0.5072396109731625, -0.595166283380062]
"errorarray=[err_Y2X,err_Z2X,err_X2Y,err_Z2Y,err_Y2Z,err_X2Z]"
[[-0.958607314841775, -0.9393021596463883, -0.9665762445130504, -Infinity, -Infinity, -0.9469215565165803], [-1.0655015487564323, -1.0655015487564323, -1.0222763947111522, -Infinity, -Infinity, -1.013228265733755], [-1.0655015487564323, -1.0655015487564323, -1.1135092748275182, -Infinity, -Infinity, -1.0969100130080565], [-1.080921907623926, -1.0457574905606752, -1.1487416512809248, -2.6989700043360187, -2.221848749616356, -1.1135092748275182], [-1.0177287669604316, -0.9829666607012196, -1.0268721464003012, -2.0457574905606752, -1.8860566476931633, -0.9829666607012196], [-1.0362121726544447, -0.8860566476931632, -1.0457574905606752, -1.408935392973501, -1.431798275933005, -0.9208187539523752], [-1.1870866433571443, -0.7798919119599449, -1.2218487496163564, -1.0604807473813815, -1.1079053973095196, -0.8356471442155629], [-1.0705810742857071, -0.632644078973981, -1.1079053973095196, -0.826813731587726, -0.7878123955960422, -0.6757175447023074], [-1.154901959985743, -0.6655462488490691, -1.136677139879544, -0.8632794328435931, -0.7644715530924511, -0.6615435063953952], [-1.1135092748275182, -0.6695862266508091, -1.0655015487564323, -0.8356471442155629, -0.7544873321858502, -0.707743928643524], [-1.00436480540245, -0.8181564120552275, -1.0705810742857071, -1.0268721464003012, -0.8068754016455384, -0.8297382846050426], [-1.0915149811213503, -1.0177287669604316, -1.0705810742857071, -1.1611509092627446, -0.9030899869919435, -0.9546770212133425], [-1.0555173278498313, -0.9746941347352298, -1.0969100130080565, -1.0757207139381184, -0.790484985457369, -0.8961962790440432], [-1.0969100130080565, -0.9706162223147904, -1.0655015487564323, -1.031517051446065, -0.7746907182741372, -0.9030899869919435], [-1.0915149811213503, -0.9030899869919435, -1.1487416512809248, -0.8827287043442358, -0.707743928643524, -0.8632794328435931], [-1.0457574905606752, -0.7375489102695705, -1.1249387366083, -0.7471469690201069, -0.6073030467403343, -0.7375489102695705], [-1.0604807473813815, -0.7520267336381934, -1.0861861476162833, -0.7235381958267558, -0.5900668766687054, -0.7399286120149252], [-1.1135092748275182, -0.7569619513137056, -1.0705810742857071, -0.7351821769904635, -0.562249437179612, -0.6840296545430823], [-1.0655015487564323, -0.7958800173440752, -1.0757207139381184, -0.7772835288524167, -0.6363880201078557, -0.785156151952302], [-1.1079053973095196, -0.8927900303521317, -1.1426675035687315, -0.8827287043442358, -0.6840296545430823, -0.8416375079047503]]
"Iter=[Iter_step_1,Iter_step_2 (continued)]"
[[0.0, 0.823], [0.0, 0.847], [0.0, 0.855], [0.0, 0.859], [0.006, 0.843], [0.03, 0.846], [0.111, 0.882], [0.206, 0.907], [0.439, 0.967], [0.604, 1.031], [0.716, 1.079], [0.794, 1.118], [0.829, 1.143], [0.853, 1.173], [0.846, 1.243], [0.833, 1.342], [0.845, 1.466], [0.864, 1.604], [0.846, 1.747], [0.868, 1.835]]
