"P Vs FER REPORT derate"
"---------------------------"
"N=512"
"sim ran :1000"
"Z max :0.05"
"Rate vs Block_error="
[0.01, 0.02, 0.03, 0.04, 0.05, 0.060000000000000005, 0.06999999999999999, 0.08, 0.09, 0.09999999999999999, 0.11, 0.12, 0.13, 0.14, 0.15000000000000002, 0.16, 0.17, 0.18000000000000002, 0.19, 0.2]
[366, 317, 285, 257, 232, 212, 197, 181, 165, 153, 140, 130, 117, 110, 101, 93, 84, 79, 72, 67]
[[-0.1457888755814201, -2.221848749616356], [-0.20821069875807927, -2.0457574905606752], [-0.2544251009673205, -2.5228787452803374], [-0.29933683764453617, -2.3979400086720375], [-0.3437819760849311, -2.0], [-0.38293410004707934, -2.0457574905606752], [-0.4148037348142378, -2.0], [-0.45159138610664623, -1.7695510786217261], [-0.49178601676192446, -2.0], [-0.524578530158232, -1.6989700043360187], [-0.5631419252975927, -1.408935392973501], [-0.595326608668994, -1.4559319556497243], [-0.6410840992296691, -1.154901959985743], [-0.6678772758176057, -1.154901959985743], [-0.7049485871931882, -1.5086383061657274], [-0.7407870124218956, -1.2924298239020637], [-0.784990674913949, -1.744727494896694], [-0.8116428696853893, -1.494850021680094], [-0.8519374645445623, -1.4559319556497243], [-0.8831951582750043, -1.1804560644581312]]
"Time taken:2998.10065222"
