"RATE Vs FER REPORT Rateless Det Iter retro"
"------------------------------------------"
"Compound_plist:"
[0.03, 0.11, 0.17]
"sim ran :1000"
"T:9"
"N=512"
"Rate vs Block_error="
0.16
[0.01, 0.02, 0.03, 0.04, 0.05, 0.060000000000000005, 0.06999999999999999, 0.08, 0.09, 0.09999999999999999, 0.11, 0.12, 0.13, 0.14, 0.15000000000000002, 0.16, 0.17, 0.18000000000000002, 0.19, 0.2]
[2.129062500000028, 2.123437500000025, 2.132886718750026, 2.1330214843750244, 2.138992187500025, 2.1407187500000227, 2.159107421875017, 2.2062734375000073, 2.250781249999993, 2.3029921874999797, 2.3341269531249735, 2.3518789062499703, 2.3730683593749693, 2.3893066406249703, 2.411316406249972, 2.4488496093749808, 2.4748867187499854, 2.5581132812500007, 2.61781445312501, 2.663443359375021]
[-0.6615435063953952, -0.7471469690201069, -0.7520267336381934, -0.7375489102695705, -0.7569619513137056, -0.6675615400843947, -0.530177984021837, -0.4659738939438649, -0.431798275933005, -0.4934949675951279, -0.4975728800155673, -0.5406075122407692, -0.5214335044061567, -0.5171264163912462, -0.44249279809434205, -0.3893398369101201, -0.3477536589966768, -0.42136079003192767, -0.4282911681913124, -0.4907974776688971]
"errorarray=[err_Y2X,err_Z2X,err_X2Y,err_Z2Y,err_Y2Z,err_X2Z]"
[[-0.7099653886374819, -0.6946486305533762, -0.8794260687941502, -Infinity, -Infinity, -0.8794260687941502], [-0.8124792791635369, -0.7931741239681502, -0.9546770212133425, -Infinity, -Infinity, -0.9546770212133425], [-0.8068754016455384, -0.7878123955960422, -0.9913998282380825, -Infinity, -Infinity, -0.9913998282380825], [-0.8068754016455384, -0.7746907182741372, -0.9665762445130504, -3.0, -Infinity, -0.9665762445130504], [-0.8386319977650252, -0.8181564120552275, -0.9706162223147904, -2.154901959985743, -2.154901959985743, -0.9507819773298184], [-0.785156151952302, -0.728158393463501, -0.9469215565165803, -1.585026652029182, -1.6777807052660807, -0.8961962790440432], [-0.8124792791635369, -0.640164517660112, -0.9281179926938746, -1.080921907623926, -1.1191864077192086, -0.7520267336381934], [-0.8569851997459049, -0.585026652029182, -0.9665762445130504, -0.889410289700751, -0.9507819773298184, -0.7055337738384071], [-0.8507808873446201, -0.5702477199975919, -0.8728952016351923, -0.832682665251824, -0.832682665251824, -0.6161846340195687], [-0.8860566476931632, -0.645891560852599, -0.889410289700751, -0.958607314841775, -0.958607314841775, -0.6556077263148893], [-0.8096683018297085, -0.6179829574251317, -0.8210230527068306, -1.0268721464003012, -1.00436480540245, -0.6556077263148893], [-0.826813731587726, -0.6695862266508091, -0.8153085691824012, -1.1023729087095586, -1.0861861476162833, -0.6736641390712486], [-0.7619538968712046, -0.6439741428068773, -0.7670038896078462, -1.1487416512809248, -1.154901959985743, -0.6675615400843947], [-0.7958800173440752, -0.6655462488490691, -0.7772835288524167, -1.0555173278498313, -0.9393021596463883, -0.623423042943488], [-0.7721132953863264, -0.6090648928966209, -0.712198270069774, -0.889410289700751, -0.8446639625349383, -0.5883802940367698], [-0.785156151952302, -0.5543957967264024, -0.7746907182741372, -0.7471469690201069, -0.6736641390712486, -0.5718652059712112], [-0.7375489102695705, -0.5257837359237448, -0.7520267336381934, -0.6840296545430823, -0.6003262785189618, -0.5482135644757098], [-0.7825160557860937, -0.6819366650372385, -0.7986028756795485, -0.7825160557860937, -0.5934598195660448, -0.6615435063953952], [-0.8153085691824012, -0.7986028756795485, -0.7986028756795485, -0.889410289700751, -0.5883802940367698, -0.7495799976911061], [-0.8124792791635369, -0.9244530386074693, -0.8153085691824012, -0.978810700930062, -0.6252516539898961, -0.8696662315049939]]
"Iter=[Iter_step_1,Iter_step_2 (continued)]"
[[0.0, 1.252], [0.0, 1.22], [0.0, 1.269], [0.001, 1.263], [0.004, 1.294], [0.034, 1.27], [0.121, 1.255], [0.288, 1.285], [0.488, 1.256], [0.702, 1.261], [0.835, 1.243], [0.914, 1.234], [0.975, 1.258], [1.001, 1.29], [1.018, 1.327], [1.055, 1.42], [1.056, 1.463], [1.124, 1.65], [1.141, 1.768], [1.199, 1.866]]
