"RATE Vs FER REPORT Rateless Det Iter retro"
"------------------------------------------"
"Compound_plist:"
[0.03, 0.11, 0.17]
"sim ran :5"
"T:9"
"N=512"
"Rate vs Block_error="
0.17
[0.01, 0.02, 0.03, 0.04, 0.05, 0.060000000000000005, 0.06999999999999999, 0.08, 0.09, 0.09999999999999999, 0.11, 0.12, 0.13, 0.14, 0.15000000000000002, 0.16, 0.17, 0.18000000000000002, 0.19, 0.2]
[2.059765625, 2.123828125, 2.219921875, 2.155859375, 2.2039062499999997, 2.20390625, 2.171875, 2.2359375, 2.283984375, 2.26796875, 2.316015625, 2.39609375, 2.39609375, 2.39609375, 2.39609375, 2.46015625, 2.508203125, 2.33203125, 2.46015625, 2.380078125]
[-0.6989700043360187, -0.6989700043360187, -0.6989700043360187, -Infinity, -0.6989700043360187, -0.6989700043360187, -0.6989700043360187, -0.6989700043360187, -0.3979400086720376, -0.3979400086720376, -0.22184874961635637, -0.6989700043360187, -0.3979400086720376, -0.6989700043360187, -0.6989700043360187, -0.6989700043360187, -0.3979400086720376, 0.0, -0.3979400086720376, -0.09691001300805639]
