"RATE Vs FER REPORT Rateless Det Iter retro"
"------------------------------------------"
"Compound_plist:"
[0.03, 0.11, 0.17]
"sim ran :1000"
"T:128"
"N=1024"
"Rate vs Block_error="
0.11
[0.01, 0.02, 0.03, 0.04, 0.05, 0.060000000000000005, 0.06999999999999999, 0.08, 0.09, 0.09999999999999999, 0.11, 0.12, 0.13, 0.14, 0.15000000000000002, 0.16, 0.17, 0.18000000000000002, 0.19, 0.2]
[2.3731718749999793, 2.3745078124999788, 2.3733398437499793, 2.3714999999999793, 2.37674999999998, 2.4001718749999874, 2.4469218749999975, 2.52275781250002, 2.5827578125000414, 2.617089843750054, 2.6239179687500567, 2.6276875000000572, 2.6307167968750544, 2.64614062500005, 2.6693613281250386, 2.7064941406250274, 2.7502617187500156, 2.786517578125004, 2.823624999999994, 2.844619140624981]
[-2.0969100130080562, -3.0, -2.221848749616356, -2.0969100130080562, -1.585026652029182, -1.0555173278498313, -0.7351821769904635, -0.6757175447023074, -0.8297382846050426, -1.3010299956639813, -1.6197887582883939, -1.6575773191777938, -1.3767507096020994, -1.1674910872937636, -1.0222763947111522, -0.9100948885606021, -0.8794260687941502, -0.9355420107730815, -1.1249387366083, -1.2441251443275085]
"errorarray=[err_Y2X,err_Z2X,err_X2Y,err_Z2Y,err_Y2Z,err_X2Z]"
[[-2.221848749616356, -2.221848749616356, -2.6989700043360187, -Infinity, -Infinity, -2.6989700043360187], [-3.0, -3.0, -Infinity, -Infinity, -Infinity, -Infinity], [-2.5228787452803374, -2.5228787452803374, -2.5228787452803374, -Infinity, -Infinity, -2.5228787452803374], [-Infinity, -2.6989700043360187, -2.3010299956639813, -2.6989700043360187, -3.0, -2.221848749616356], [-2.3010299956639813, -1.7695510786217261, -3.0, -1.958607314841775, -2.0969100130080562, -2.154901959985743], [-2.5228787452803374, -1.3665315444204136, -3.0, -1.4559319556497243, -1.431798275933005, -1.3979400086720375], [-3.0, -1.0969100130080565, -3.0, -1.207608310501746, -1.0705810742857071, -1.0177287669604316], [-2.6989700043360187, -0.9871627752948278, -2.5228787452803374, -1.1307682802690238, -1.1135092748275182, -0.9956786262173574], [-2.3979400086720375, -1.1307682802690238, -2.5228787452803374, -1.337242168318426, -1.3187587626244128, -1.1739251972991736], [-2.5228787452803374, -1.537602002101044, -3.0, -1.958607314841775, -2.154901959985743, -1.6777807052660807], [-3.0, -1.8860566476931633, -2.6989700043360187, -2.3010299956639813, -2.3010299956639813, -1.958607314841775], [-3.0, -2.0969100130080562, -3.0, -2.5228787452803374, -2.0969100130080562, -1.853871964321762], [-2.3979400086720375, -1.744727494896694, -2.3010299956639813, -1.8860566476931633, -1.7695510786217261, -1.6382721639824072], [-3.0, -1.4685210829577449, -2.6989700043360187, -1.4814860601221125, -1.4814860601221125, -1.4559319556497243], [-2.6989700043360187, -1.337242168318426, -3.0, -1.3565473235138126, -1.3187587626244128, -1.3187587626244128], [-2.3010299956639813, -1.3279021420642825, -2.6989700043360187, -1.3767507096020994, -1.1249387366083, -1.1191864077192086], [-3.0, -1.3467874862246563, -3.0, -1.3565473235138126, -1.0655015487564323, -1.0655015487564323], [-2.5228787452803374, -1.5086383061657274, -2.6989700043360187, -1.537602002101044, -1.0757207139381184, -1.0757207139381184], [-2.5228787452803374, -1.6989700043360187, -3.0, -1.7212463990471711, -1.2596373105057561, -1.275724130399211], [-2.221848749616356, -1.8860566476931633, -3.0, -1.958607314841775, -1.3565473235138126, -1.3979400086720375]]
"Iter=[Iter_step_1,Iter_step_2 (continued)]"
[[0.0, 0.999], [0.0, 1.003], [0.0, 1.0], [0.002, 0.992], [0.012, 0.998], [0.108, 0.999], [0.287, 1.003], [0.587, 1.006], [0.832, 1.004], [0.965, 1.005], [0.995, 1.001], [1.0, 1.016], [0.995, 1.041], [0.997, 1.123], [0.999, 1.249], [0.994, 1.457], [0.999, 1.653], [0.999, 1.8], [0.998, 1.934], [0.997, 1.975]]
