"RATE Vs FER REPORT Rateless Det Iter retro"
"------------------------------------------"
"Compound_plist:"
[0.03, 0.11, 0.17]
"sim ran :1000"
"T:9"
"N=512"
"Rate vs Block_error="
0.06999999999999999
[0.01, 0.02, 0.03, 0.04, 0.05, 0.060000000000000005, 0.06999999999999999, 0.08, 0.09, 0.09999999999999999, 0.11, 0.12, 0.13, 0.14, 0.15000000000000002, 0.16, 0.17, 0.18000000000000002, 0.19, 0.2]
[1.6526484375000257, 1.656011718750028, 1.6632187500000275, 1.669945312500028, 1.6644199218750284, 1.6848398437500298, 1.7186328125000274, 1.7852578125000302, 1.8967265625000296, 2.009201171875029, 2.0914960937500235, 2.163054687500017, 2.2016113281250154, 2.2333574218750147, 2.2683300781250155, 2.2988769531250113, 2.340593750000007, 2.369380859375003, 2.4078300781250004, 2.446632812499994]
[-0.6038006529042637, -0.5128616245228135, -0.5257837359237448, -0.5883802940367698, -0.6556077263148893, -0.6675615400843947, -0.5654310959658013, -0.4854522473397139, -0.41005039867429227, -0.4156687756324692, -0.46344155742846993, -0.5157001606532141, -0.5934598195660448, -0.6126101736612706, -0.6307841425898572, -0.6161846340195687, -0.575118363368933, -0.5934598195660448, -0.6038006529042637, -0.6345120151091003]
"errorarray=[err_Y2X,err_Z2X,err_X2Y,err_Z2Y,err_Y2Z,err_X2Z]"
[[-1.1023729087095586, -0.8068754016455384, -1.0655015487564323, -Infinity, -Infinity, -0.7958800173440752], [-1.0409586076789064, -0.6968039425795111, -1.031517051446065, -Infinity, -Infinity, -0.6968039425795111], [-1.1804560644581312, -0.7144426909922262, -1.0362121726544447, -3.0, -Infinity, -0.712198270069774], [-1.0604807473813815, -0.7619538968712046, -1.1426675035687315, -2.6989700043360187, -Infinity, -0.8013429130455774], [-1.1135092748275182, -0.8477116556169436, -1.0705810742857071, -1.958607314841775, -2.0969100130080562, -0.8124792791635369], [-1.1023729087095586, -0.8664610916297825, -1.0655015487564323, -1.4202164033831899, -1.494850021680094, -0.8794260687941502], [-1.136677139879544, -0.7520267336381934, -1.1249387366083, -1.0362121726544447, -1.0604807473813815, -0.7746907182741372], [-1.1135092748275182, -0.679853713888946, -1.1870866433571443, -0.8041003475907662, -0.7878123955960422, -0.7258421507363202], [-1.1191864077192086, -0.6478174818886375, -1.136677139879544, -0.721246399047171, -0.638272163982407, -0.6363880201078557], [-1.1674910872937636, -0.6757175447023074, -1.0655015487564323, -0.7189666327522725, -0.6055483191737837, -0.640164517660112], [-1.0757207139381184, -0.7986028756795485, -1.0457574905606752, -0.8068754016455384, -0.6216020990518624, -0.7033348097384688], [-1.1191864077192086, -0.8728952016351923, -1.1249387366083, -0.8794260687941502, -0.6655462488490691, -0.7746907182741372], [-1.1739251972991736, -0.978810700930062, -1.1307682802690238, -0.9546770212133425, -0.7304870557820837, -0.8569851997459049], [-1.136677139879544, -1.0268721464003012, -1.136677139879544, -0.9956786262173574, -0.7304870557820837, -0.8961962790440432], [-1.0705810742857071, -1.1611509092627446, -1.1023729087095586, -1.0861861476162833, -0.7495799976911061, -0.978810700930062], [-1.1191864077192086, -1.1079053973095196, -1.1135092748275182, -1.0555173278498313, -0.7544873321858502, -0.9546770212133425], [-1.0362121726544447, -1.0655015487564323, -1.0222763947111522, -1.00436480540245, -0.6819366650372385, -0.8961962790440432], [-1.1191864077192086, -1.0409586076789064, -1.2218487496163564, -0.9871627752948278, -0.6736641390712486, -0.8446639625349383], [-1.0555173278498313, -1.0604807473813815, -1.0861861476162833, -1.013228265733755, -0.6946486305533762, -0.9136401693252518], [-1.1307682802690238, -1.0757207139381184, -1.1249387366083, -1.0457574905606752, -0.7544873321858502, -0.9746941347352298]]
"Iter=[Iter_step_1,Iter_step_2 (continued)]"
[[0.0, 0.086], [0.0, 0.093], [0.0, 0.108], [0.0, 0.122], [0.001, 0.11], [0.002, 0.152], [0.022, 0.217], [0.026, 0.371], [0.056, 0.622], [0.093, 0.891], [0.088, 1.143], [0.118, 1.353], [0.127, 1.514], [0.109, 1.636], [0.103, 1.767], [0.113, 1.821], [0.124, 1.866], [0.123, 1.891], [0.123, 1.927], [0.112, 1.961]]
