"RATE Vs FER REPORT Rateless Det Iter retro"
"------------------------------------------"
"Compound_plist:"
[0.03, 0.11, 0.17]
"sim ran :1000"
"T:9"
"N=512"
"Rate vs Block_error="
0.02
[0.01, 0.02, 0.03, 0.04, 0.05, 0.060000000000000005, 0.06999999999999999, 0.08, 0.09, 0.09999999999999999, 0.11, 0.12, 0.13, 0.14, 0.15000000000000002, 0.16, 0.17, 0.18000000000000002, 0.19, 0.2]
[1.611328125000024, 1.611328125000024, 1.611328125000024, 1.612289062500024, 1.6142109375000238, 1.6247812500000247, 1.6598554687500269, 1.7276015625000312, 1.8385898437500332, 1.9442929687500359, 2.020527343750036, 2.0642500000000314, 2.0924375000000284, 2.1163007812500276, 2.1368007812500265, 2.1552187500000266, 2.155058593750027, 2.1444882812500285, 2.1324765625000293, 2.0908359375000316]
[-Infinity, -2.6989700043360187, -1.8239087409443189, -1.3872161432802645, -0.9871627752948278, -0.6655462488490691, -0.5376020021010439, -0.48678239993206096, -0.494850021680094, -0.623423042943488, -0.7670038896078462, -0.8827287043442358, -0.9172146296835499, -0.8416375079047503, -0.7772835288524167, -0.7594507517174003, -0.6968039425795111, -0.6363880201078557, -0.5816987086802545, -0.4736607226101559]
