"RATE Vs FER REPORT Rateless Det Iter retro"
"------------------------------------------"
"Compound_plist:"
[0.03, 0.11, 0.17]
"sim ran :1000"
"T:9"
"N=512"
"Rate vs Block_error="
0.04
[0.01, 0.02, 0.03, 0.04, 0.05, 0.060000000000000005, 0.06999999999999999, 0.08, 0.09, 0.09999999999999999, 0.11, 0.12, 0.13, 0.14, 0.15000000000000002, 0.16, 0.17, 0.18000000000000002, 0.19, 0.2]
[1.6122890625000241, 1.611808593750024, 1.6122890625000241, 1.6118085937500242, 1.614691406250024, 1.628625000000025, 1.6612968750000274, 1.7424960937500324, 1.8264980468750343, 1.9544628906250376, 2.0218085937500345, 2.0834687500000286, 2.1243886718750264, 2.1418457031250253, 2.1648281250000267, 2.157701171875028, 2.1339980468750275, 2.117341796875029, 2.073058593750031, 2.002429687500032]
[-1.744727494896694, -1.2596373105057561, -0.9244530386074693, -0.785156151952302, -0.638272163982407, -0.6003262785189618, -0.5883802940367698, -0.5900668766687054, -0.5228787452803376, -0.6556077263148893, -0.6946486305533762, -0.7258421507363202, -0.7351821769904635, -0.7328282715969863, -0.790484985457369, -0.645891560852599, -0.6003262785189618, -0.5376020021010439, -0.42712839779951983, -0.30803489723263966]
