"RATE Vs FER REPORT Rateless Det Iter retro"
"------------------------------------------"
"Compound_plist:"
[0.03, 0.11, 0.17]
"sim ran :1000"
"T:9"
"N=512"
"Rate vs Block_error="
0.03
[0.01, 0.02, 0.03, 0.04, 0.05, 0.060000000000000005, 0.06999999999999999, 0.08, 0.09, 0.09999999999999999, 0.11, 0.12, 0.13, 0.14, 0.15000000000000002, 0.16, 0.17, 0.18000000000000002, 0.19, 0.2]
[1.611328125000024, 1.611328125000024, 1.611328125000024, 1.612769531250024, 1.6142109375000242, 1.6262226562500242, 1.6593750000000271, 1.7373710937500306, 1.8358671875000334, 1.9361250000000363, 2.023810546875035, 2.0690546875000315, 2.102527343750029, 2.132957031250026, 2.151054687500026, 2.1641074218750265, 2.153617187500029, 2.1371210937500296, 2.0982031250000306, 2.0485546875000313]
[-2.6989700043360187, -1.853871964321762, -1.275724130399211, -0.9913998282380825, -0.7258421507363202, -0.645891560852599, -0.5128616245228135, -0.4907974776688971, -0.5243288116755703, -0.6516951369518393, -0.744727494896694, -0.8041003475907662, -0.790484985457369, -0.7931741239681502, -0.7495799976911061, -0.7258421507363202, -0.6695862266508091, -0.6126101736612706, -0.48945498979338786, -0.3819519032879073]
