"RATE Vs FER REPORT Rateless Det Iter retro"
"------------------------------------------"
"Compound_plist:"
[0.03, 0.11, 0.17]
"sim ran :5"
"T:9"
"N=512"
"Rate vs Block_error="
0.09
[0.01, 0.02, 0.03, 0.04, 0.05, 0.060000000000000005, 0.06999999999999999, 0.08, 0.09, 0.09999999999999999, 0.11, 0.12, 0.13, 0.14, 0.15000000000000002, 0.16, 0.17, 0.18000000000000002, 0.19, 0.2]
[1.707421875, 1.707421875, 1.8035156250000002, 1.995703125, 1.707421875, 1.803515625, 1.8996093750000003, 1.94765625, 1.8355468750000001, 1.931640625, 2.251953125, 2.1398437500000003, 2.33203125, 2.283984375, 2.251953125, 2.2839843749999997, 2.1558593750000004, 2.171875, 2.027734375, 2.04375]
[-0.3979400086720376, -0.6989700043360187, -0.3979400086720376, -0.6989700043360187, -0.3979400086720376, -0.6989700043360187, -Infinity, -0.22184874961635637, -0.6989700043360187, -0.6989700043360187, -0.22184874961635637, 0.0, -0.3979400086720376, -0.3979400086720376, -0.22184874961635637, -0.22184874961635637, -0.3979400086720376, -0.3979400086720376, -0.09691001300805639, -0.09691001300805639]
