"RATE Vs FER REPORT Rateless Det Iter retro"
"------------------------------------------"
"Compound_plist:"
[0.03, 0.11, 0.19]
"sim ran :1000"
"T:9"
"N=512"
"Rate vs Block_error="
0.03
[0.01, 0.02, 0.03, 0.04, 0.05, 0.060000000000000005, 0.06999999999999999, 0.08, 0.09, 0.09999999999999999, 0.11, 0.12, 0.13, 0.14, 0.15000000000000002, 0.16, 0.17, 0.18000000000000002, 0.19, 0.2]
[1.611328125000024, 1.611328125000024, 1.611328125000024, 1.611328125000024, 1.614691406250024, 1.626703125000025, 1.6593750000000265, 1.7324062500000317, 1.8477187500000336, 1.9385273437500359, 2.0166835937500367, 2.064570312500031, 2.082187500000029, 2.092597656250028, 2.114273437500028, 2.129273437500027, 2.1534160156250235, 2.188367187500024, 2.220636718750024, 2.2542851562500186]
[-2.3010299956639813, -1.6989700043360187, -1.337242168318426, -0.9871627752948278, -0.6575773191777937, -0.6126101736612706, -0.5157001606532141, -0.5128616245228135, -0.5466816599529624, -0.6252516539898961, -0.7351821769904635, -0.7772835288524167, -0.7670038896078462, -0.679853713888946, -0.6090648928966209, -0.596879478824182, -0.5734887386354247, -0.640164517660112, -0.6946486305533762, -0.728158393463501]
"errorarray=[err_Y2X,err_Z2X,err_X2Y,err_Z2Y,err_Y2Z,err_X2Z]"
[[-Infinity, -2.5228787452803374, -Infinity, -Infinity, -Infinity, -2.5228787452803374], [-Infinity, -1.853871964321762, -Infinity, -Infinity, -Infinity, -2.0457574905606752], [-Infinity, -1.585026652029182, -Infinity, -Infinity, -Infinity, -1.585026652029182], [-Infinity, -1.2291479883578558, -Infinity, -2.6989700043360187, -3.0, -1.214670164989233], [-Infinity, -0.8386319977650252, -Infinity, -1.853871964321762, -1.7695510786217261, -0.9100948885606021], [-Infinity, -0.8041003475907662, -Infinity, -1.4685210829577449, -1.5228787452803376, -0.8068754016455384], [-Infinity, -0.7099653886374819, -Infinity, -1.1191864077192086, -1.0705810742857071, -0.7351821769904635], [-Infinity, -0.6675615400843947, -Infinity, -0.8538719643217619, -0.8761483590329142, -0.707743928643524], [-Infinity, -0.7375489102695705, -Infinity, -0.8181564120552275, -0.7721132953863264, -0.6840296545430823], [-Infinity, -0.785156151952302, -Infinity, -0.8181564120552275, -0.790484985457369, -0.7544873321858502], [-Infinity, -0.8696662315049939, -Infinity, -0.8827287043442358, -0.889410289700751, -0.8794260687941502], [-Infinity, -0.9355420107730815, -Infinity, -0.9393021596463883, -0.8538719643217619, -0.8507808873446201], [-Infinity, -0.906578314837765, -Infinity, -0.906578314837765, -0.8297382846050426, -0.826813731587726], [-Infinity, -0.8181564120552275, -Infinity, -0.8181564120552275, -0.7375489102695705, -0.7375489102695705], [-Infinity, -0.8041003475907662, -Infinity, -0.8041003475907662, -0.6556077263148893, -0.6556077263148893], [-Infinity, -0.8446639625349383, -Infinity, -0.8446639625349383, -0.6420651529995461, -0.6420651529995461], [-Infinity, -0.8239087409443188, -Infinity, -0.8239087409443188, -0.6073030467403343, -0.6073030467403343], [-Infinity, -0.8761483590329142, -Infinity, -0.8761483590329142, -0.6635402661514704, -0.6635402661514704], [-3.0, -0.9430951486635274, -Infinity, -0.9430951486635274, -0.7235381958267558, -0.7258421507363202], [-Infinity, -1.013228265733755, -Infinity, -1.013228265733755, -0.7569619513137056, -0.7569619513137056]]
"Iter=[Iter_step_1,Iter_step_2 (continued)]"
[[0.0, 0.0], [0.0, 0.0], [0.0, 0.0], [0.0, 0.0], [0.0, 0.007], [0.0, 0.032], [0.0, 0.1], [0.0, 0.252], [0.0, 0.492], [0.0, 0.681], [0.0, 0.847], [0.0, 0.95], [0.0, 0.992], [0.0, 1.035], [0.0, 1.139], [0.0, 1.254], [0.001, 1.385], [0.0, 1.562], [0.0, 1.733], [0.0, 1.816]]
[[275.0, 275.0, 275.0], [275.0, 275.0, 275.0], [275.0, 275.0, 275.0], [275.0, 275.0, 275.0], [275.861, 275.0, 275.861], [278.936, 275.0, 278.936], [287.3, 275.0, 287.3], [305.873, 275.246, 305.873], [334.778, 275.738, 335.516], [355.811, 277.952, 358.763], [373.482, 280.289, 378.771], [379.345, 286.685, 391.03], [373.769, 296.771, 395.54], [365.897, 307.308, 398.205], [360.362, 317.681, 403.535], [358.148, 324.446, 407.594], [366.43, 320.51, 413.129], [367.537, 322.601, 420.386], [378.894, 315.713, 427.479], [368.111, 316.861, 430.472]]
