"RATE Vs FER REPORT Rateless Det Iter retro"
"------------------------------------------"
"Compound_plist:"
[0.03, 0.11, 0.17]
"sim ran :1000"
"T:9"
"N=512"
"Rate vs Block_error="
0.18000000000000002
[0.01, 0.02, 0.03, 0.04, 0.05, 0.060000000000000005, 0.06999999999999999, 0.08, 0.09, 0.09999999999999999, 0.11, 0.12, 0.13, 0.14, 0.15000000000000002, 0.16, 0.17, 0.18000000000000002, 0.19, 0.2]
[2.157460937500026, 2.1718750000000258, 2.158261718750027, 2.1682714843750266, 2.1651484375000254, 2.1769199218750224, 2.1999824218750166, 2.2335351562500105, 2.281341796875, 2.33259179687499, 2.373912109374982, 2.3974550781249784, 2.4082656249999776, 2.4111484374999788, 2.408105468749977, 2.4187558593749774, 2.4219589843749803, 2.4360527343749805, 2.4389355468749856, 2.4402968749999836]
[-0.6420651529995461, -0.7351821769904635, -0.638272163982407, -0.7235381958267558, -0.6675615400843947, -0.6363880201078557, -0.549750891680639, -0.43415218132648237, -0.39040559077478, -0.4089353929735008, -0.4814860601221125, -0.5016894462103995, -0.4841261562883209, -0.45099673797421225, -0.3467874862246563, -0.3316140833099998, -0.2533658010624212, -0.24108810760202648, -0.22257317761068865, -0.1804560644581313]
