"RATE Vs FER REPORT Rateless Det Iter retro"
"------------------------------------------"
"Compound_plist:"
[0.03, 0.11, 0.17]
"sim ran :1000"
"T:9"
"N=512"
"Rate vs Block_error="
0.08
[0.08, 0.09, 0.1, 0.11, 0.12, 0.13, 0.14, 0.15000000000000002, 0.16, 0.16999999999999998, 0.18, 0.19, 0.2]
[1.9275937500000022, 1.9876523437499987, 2.0426660156249947, 2.0963183593749966, 2.107609374999994, 2.1224238281249947, 2.1268281249999963, 2.152773437499997, 2.169910156249997, 2.197136718749994, 2.2303691406249926, 2.2462246093749902, 2.2597578124999917]
[-0.785156151952302, -0.7033348097384688, -0.7520267336381934, -0.7772835288524167, -0.8446639625349383, -0.7670038896078462, -0.6655462488490691, -0.6695862266508091, -0.6126101736612706, -0.585026652029182, -0.575118363368933, -0.5436339668709571, -0.4775557664936801]
