"RATE Vs FER REPORT Rateless Det Iter retro"
"------------------------------------------"
"Compound_plist:"
[0.03, 0.11, 0.17]
"sim ran :1000"
"T:9"
"N=512"
"Rate vs Block_error="
0.17
[0.01, 0.02, 0.03, 0.04, 0.05, 0.060000000000000005, 0.06999999999999999, 0.08, 0.09, 0.09999999999999999, 0.11, 0.12, 0.13, 0.14, 0.15000000000000002, 0.16, 0.17, 0.18000000000000002, 0.19, 0.2]
[2.140164062500027, 2.141605468750026, 2.151054687500026, 2.153056640625025, 2.147771484375026, 2.1666699218750236, 2.179802734375017, 2.21439648437501, 2.265566406249996, 2.325144531249986, 2.355894531249976, 2.375673828124973, 2.381519531249972, 2.3812792968749723, 2.386083984374973, 2.3970546874999745, 2.3949726562499736, 2.402179687499975, 2.4105878906249782, 2.409546874999978]
[-0.6363880201078557, -0.6736641390712486, -0.6635402661514704, -0.7544873321858502, -0.6675615400843947, -0.645891560852599, -0.5243288116755703, -0.4497716469449059, -0.41793663708829126, -0.4736607226101559, -0.4921441283041691, -0.5157001606532141, -0.48678239993206096, -0.43062609038495414, -0.35753547975787864, -0.31515463835558755, -0.2247537402597636, -0.1897674820049159, -0.1830961606243397, -0.13489602535887207]
