"RATE Vs FER REPORT Rateless Det Iter retro"
"------------------------------------------"
"Compound_plist:"
[0.03, 0.11, 0.19]
"sim ran :1000"
"T:9"
"N=512"
"Rate vs Block_error="
0.19
[0.01, 0.02, 0.03, 0.04, 0.05, 0.060000000000000005, 0.06999999999999999, 0.08, 0.09, 0.09999999999999999, 0.11, 0.12, 0.13, 0.14, 0.15000000000000002, 0.16, 0.17, 0.18000000000000002, 0.19, 0.2]
[2.219039062500022, 2.225148437500022, 2.2225429687500236, 2.2201953125000222, 2.219630859375024, 2.233021484375019, 2.254667968750016, 2.282945312500009, 2.3333593750000063, 2.3878867187499955, 2.4250781249999918, 2.4445429687499876, 2.457380859374987, 2.4589921874999865, 2.4732109374999873, 2.48270507812499, 2.499083984374992, 2.5235312499999947, 2.5374999999999983, 2.5753242187500027]
[-0.8297382846050426, -0.826813731587726, -0.8153085691824012, -0.8416375079047503, -0.7986028756795485, -0.7351821769904635, -0.6270879970298935, -0.4775557664936801, -0.4377071355435253, -0.4975728800155673, -0.5800442515102421, -0.5702477199975919, -0.6108339156354675, -0.5257837359237448, -0.45842075605341914, -0.44369749923271273, -0.43415218132648237, -0.42365864979420714, -0.4485500020271248, -0.4353339357479107]
"errorarray=[err_Y2X,err_Z2X,err_X2Y,err_Z2Y,err_Y2Z,err_X2Z]"
[[-0.8827287043442358, -0.8827287043442358, -1.0268721464003012, -Infinity, -Infinity, -1.0268721464003012], [-0.8601209135987634, -0.8601209135987634, -1.031517051446065, -Infinity, -Infinity, -1.031517051446065], [-0.8569851997459049, -0.8507808873446201, -1.080921907623926, -2.6989700043360187, -Infinity, -1.080921907623926], [-0.8632794328435931, -0.8632794328435931, -1.1023729087095586, -Infinity, -Infinity, -1.1023729087095586], [-0.8794260687941502, -0.8538719643217619, -1.0757207139381184, -1.958607314841775, -2.0, -1.0457574905606752], [-0.8860566476931632, -0.8041003475907662, -1.1023729087095586, -1.4685210829577449, -1.4559319556497243, -0.9956786262173574], [-0.8996294548824371, -0.728158393463501, -1.1739251972991736, -1.1674910872937636, -1.080921907623926, -0.9355420107730815], [-0.8538719643217619, -0.595166283380062, -1.013228265733755, -0.8664610916297825, -0.8728952016351923, -0.744727494896694], [-0.8961962790440432, -0.5718652059712112, -1.0222763947111522, -0.7958800173440752, -0.8096683018297085, -0.6777807052660807], [-0.8153085691824012, -0.5985994592184558, -0.9030899869919435, -0.9706162223147904, -1.0, -0.679853713888946], [-0.8961962790440432, -0.6861327796308466, -0.9100948885606021, -1.0705810742857071, -1.0861861476162833, -0.728158393463501], [-0.8386319977650252, -0.6882461389442457, -0.8860566476931632, -1.1739251972991736, -1.2006594505464183, -0.7328282715969863], [-0.8728952016351923, -0.7189666327522725, -0.906578314837765, -1.1870866433571443, -1.2218487496163564, -0.7619538968712046], [-0.8477116556169436, -0.6345120151091003, -0.8569851997459049, -1.0087739243075051, -1.00436480540245, -0.6497519816658371], [-0.8416375079047503, -0.5590909179347823, -0.8569851997459049, -0.8297382846050426, -0.8507808873446201, -0.5934598195660448], [-0.826813731587726, -0.5466816599529624, -0.9030899869919435, -0.8181564120552275, -0.8239087409443188, -0.6020599913279624], [-0.832682665251824, -0.5406075122407692, -0.8601209135987634, -0.7798919119599449, -0.7931741239681502, -0.5654310959658013], [-0.8297382846050426, -0.5482135644757098, -0.8827287043442358, -0.8041003475907662, -0.7544873321858502, -0.5718652059712112], [-0.8664610916297825, -0.5867002359187481, -0.832682665251824, -0.8477116556169436, -0.8386319977650252, -0.5917600346881504], [-0.826813731587726, -0.6055483191737837, -0.8477116556169436, -0.8761483590329142, -0.7746907182741372, -0.5867002359187481]]
"Iter=[Iter_step_1,Iter_step_2 (continued)]"
[[0.0, 1.713], [0.0, 1.73], [0.0, 1.73], [0.002, 1.719], [0.005, 1.727], [0.029, 1.739], [0.136, 1.717], [0.26, 1.702], [0.454, 1.718], [0.708, 1.659], [0.838, 1.696], [0.926, 1.703], [0.991, 1.699], [1.004, 1.701], [1.07, 1.742], [1.143, 1.765], [1.233, 1.792], [1.354, 1.858], [1.446, 1.901], [1.539, 1.94]]
[[426.413, 410.669, 281.396], [427.028, 409.808, 280.74], [427.602, 414.031, 279.879], [426.659, 413.498, 279.223], [426.987, 415.712, 279.182], [427.479, 413.867, 281.191], [426.536, 415.999, 292.876], [425.634, 415.999, 308.866], [426.905, 419.566, 331.99], [423.625, 419.484, 363.56], [425.675, 422.231, 378.976], [426.126, 423.666, 389.103], [425.839, 423.83, 396.606], [425.183, 424.076, 397.631], [425.921, 425.675, 402.469], [425.798, 427.274, 406.241], [424.404, 428.135, 412.596], [425.675, 431.046, 419.238], [424.404, 433.547, 425.88], [425.511, 434.244, 430.39]]
"Time taken:35956.497216"
