"P Vs FER REPORT derate"
"---------------------------"
"N=512"
"sim ran :1000"
"Z max :0.4"
"Rate vs Block_error="
[0.01, 0.02, 0.03, 0.04, 0.05, 0.060000000000000005, 0.06999999999999999, 0.08, 0.09, 0.09999999999999999, 0.11, 0.12, 0.13, 0.14, 0.15000000000000002, 0.16, 0.17, 0.18000000000000002, 0.19, 0.2]
[406, 362, 330, 304, 281, 260, 242, 225, 208, 197, 183, 168, 157, 147, 137, 130, 118, 111, 103, 96]
[[-0.10074392739863663, -0.8416375079047503], [-0.15056139044266503, -0.906578314837765], [-0.1907560210979433, -0.9430951486635274], [-0.226396377367077, -0.958607314841775], [-0.26056364107075086, -0.8794260687941502], [-0.2942966130050128, -0.8507808873446201], [-0.32545459499539947, -0.8068754016455384], [-0.35708744286446825, -0.6216020990518624], [-0.3912066260130692, -0.632644078973981], [-0.4148037348142378, -0.6497519816658371], [-0.4468188712454013, -0.645891560852599], [-0.4839606792499679, -0.6946486305533762], [-0.513370308566597, -0.596879478824182], [-0.5419526262276546, -0.46852108295774486], [-0.5725493938194239, -0.4497716469449059], [-0.595326608668994, -0.3187587626244128], [-0.6373879536697054, -0.2692177243336108], [-0.6639469821891734, -0.2596373105057561], [-0.6964327362706586, -0.2915790998652873], [-0.7269987279362623, -0.2898826348881837]]
"Time taken:2964.28099203"
