"RATE Vs FER REPORT Rateless Det Iter retro"
"------------------------------------------"
"Compound_plist:"
[0.03, 0.11, 0.17]
"sim ran :1000"
"T:1000"
"N=8192"
"Rate vs Block_error="
0.11
[0.01, 0.02, 0.03, 0.04, 0.05, 0.060000000000000005, 0.06999999999999999, 0.08, 0.09, 0.09999999999999999, 0.11, 0.12, 0.13, 0.14, 0.15000000000000002, 0.16, 0.17, 0.18000000000000002, 0.19, 0.2]
[2.3783835449218427, 2.3770495605468445, 2.3802177734374705, 2.379384033203094, 2.380633544921844, 2.427135253906228, 2.5617165527343952, 2.6257993164062916, 2.6262158203125416, 2.6289671630859797, 2.6400559082031636, 2.6757399902344026, 2.7442072753906226, 2.783726196289048, 2.801193115234354, 2.827403320312472, 2.8562926025390243, 2.873028320312457, 2.8782889404296434, 2.877489624023391]
[1.462397997898956, 1.146128035678238, 1.1760912590556813, 1.2041199826559248, 1.414973347970818, 2.041392685158225, 2.1903316981702914, 1.3010299956639813, 1.4771212547196624, 1.6020599913279625, 1.7853298350107671, 1.9731278535996986, 2.060697840353612, 1.8325089127062364, 1.7323937598229686, 1.792391689498254, 1.7634279935629373, 1.7403626894942439, 1.6720978579357175, 1.505149978319906]
"errorarray=[err_Y2X,err_Z2X,err_X2Y,err_Z2Y,err_Y2Z,err_X2Z]"
[[-1.537602002101044, -1.537602002101044, -Infinity, -Infinity, -Infinity, -Infinity], [-1.853871964321762, -1.853871964321762, -Infinity, -Infinity, -Infinity, -Infinity], [-1.8239087409443189, -1.8239087409443189, -Infinity, -Infinity, -Infinity, -Infinity], [-1.7958800173440752, -1.7958800173440752, -Infinity, -Infinity, -Infinity, -Infinity], [-1.853871964321762, -1.6777807052660807, -Infinity, -2.154901959985743, -2.221848749616356, -2.3010299956639813], [-1.6989700043360187, -1.2218487496163564, -Infinity, -1.3872161432802645, -1.3010299956639813, -1.3467874862246563], [-1.7695510786217261, -1.0655015487564323, -1.958607314841775, -1.1487416512809248, -1.2365720064370627, -1.1739251972991736], [-2.154901959985743, -2.0969100130080562, -1.958607314841775, -3.0, -3.0, -1.9208187539523751], [-1.8860566476931633, -1.853871964321762, -1.7958800173440752, -3.0, -Infinity, -1.7958800173440752], [-1.744727494896694, -1.6777807052660807, -1.744727494896694, -2.5228787452803374, -3.0, -1.7212463990471711], [-1.9208187539523751, -1.6197887582883939, -1.7695510786217261, -1.9208187539523751, -1.6989700043360187, -1.431798275933005], [-1.8239087409443189, -1.275724130399211, -1.853871964321762, -1.4202164033831899, -1.5086383061657274, -1.3467874862246563], [-1.7695510786217261, -1.193820026016113, -1.8239087409443189, -1.3279021420642825, -1.431798275933005, -1.2839966563652008], [-1.6382721639824072, -1.4814860601221125, -1.8860566476931633, -1.8860566476931633, -1.6575773191777938, -1.494850021680094], [-1.7958800173440752, -1.7958800173440752, -1.7212463990471711, -3.0, -1.6989700043360187, -1.4685210829577449], [-1.853871964321762, -2.0, -1.958607314841775, -2.5228787452803374, -1.3767507096020994, -1.3979400086720375], [-1.8239087409443189, -2.6989700043360187, -1.6777807052660807, -Infinity, -1.4559319556497243, -1.585026652029182], [-1.7695510786217261, -2.3010299956639813, -1.6575773191777938, -2.5228787452803374, -1.537602002101044, -1.7958800173440752], [-1.6575773191777938, -Infinity, -1.6575773191777938, -Infinity, -1.6020599913279623, -2.5228787452803374], [-1.744727494896694, -Infinity, -1.853871964321762, -Infinity, -1.744727494896694, -Infinity]]
"Iter=[Iter_step_1,Iter_step_2 (continued)]"
[[0.0, 1.073], [0.0, 1.065], [0.0, 1.084], [0.0, 1.079], [0.009, 1.073], [0.181, 1.094], [0.736, 1.069], [0.997, 1.062], [1.0, 1.06], [1.001, 1.076], [1.008, 1.139], [1.02, 1.347], [1.06, 1.736], [1.073, 1.951], [1.072, 1.998], [1.066, 2.0], [1.063, 2.0], [1.066, 2.0], [1.081, 2.0], [1.065, 2.0]]
[[7193.859, 7144.707, 5145.152], [7188.395, 7169.963, 5114.432], [7201.372, 7193.18, 5104.192], [7197.957, 7195.909, 5098.048], [7193.859, 7193.859, 5114.432], [7208.202, 7208.202, 5466.688], [7191.127, 7191.127, 6603.328], [7186.346, 7186.346, 7137.856], [7184.297, 7184.98, 7144.683], [7188.395, 7195.908, 7152.196], [7191.81, 7238.937, 7196.591], [7191.81, 7381.001, 7346.851], [7202.055, 7644.639, 7629.613], [7198.64, 7774.409, 7788.752], [7193.176, 7734.795, 7825.634], [7189.078, 7548.336, 7827.0], [7187.029, 7338.655, 7827.0], [7189.078, 7221.862, 7827.0], [7199.323, 7202.738, 7827.0], [7188.395, 7188.395, 7827.0]]
