"RATE Vs FER REPORT Rateless Det Iter retro"
"------------------------------------------"
"Compound_plist:"
[0.03, 0.11, 0.17]
"sim ran :1000"
"T:9"
"N=512"
"Rate vs Block_error="
0.11
[0.01, 0.02, 0.03, 0.04, 0.05, 0.060000000000000005, 0.06999999999999999, 0.08, 0.09, 0.09999999999999999, 0.11, 0.12, 0.13, 0.14, 0.15000000000000002, 0.16, 0.17, 0.18000000000000002, 0.19, 0.2]
[2.016203125000035, 2.010117187500036, 2.0152421875000366, 2.012839843750036, 2.010037109375036, 2.028615234375034, 2.0557617187500243, 2.0974023437500144, 2.1611445312499997, 2.2194414062499868, 2.2614824218749785, 2.286066406249974, 2.2996796874999736, 2.2987988281249723, 2.296636718749973, 2.2893496093749746, 2.2875878906249723, 2.271892578124977, 2.2652460937499748, 2.2433847656249766]
[-0.8664610916297825, -0.8239087409443188, -0.9355420107730815, -0.9100948885606021, -0.7958800173440752, -0.7931741239681502, -0.596879478824182, -0.4762535331884355, -0.40340290437353976, -0.4497716469449059, -0.5331323796458906, -0.6108339156354675, -0.6055483191737837, -0.562249437179612, -0.4294570601181025, -0.3205721033878811, -0.22767829327708025, -0.13253251214094852, -0.08565684288055926, -0.039529222465701036]
