"RATE Vs FER REPORT Rateless Det Iter retro"
"------------------------------------------"
"Compound_plist:"
[0.03, 0.11, 0.17]
"sim ran :1000"
"T:9"
"N=512"
"Rate vs Block_error="
0.11
[0.01, 0.02, 0.03, 0.04, 0.05, 0.060000000000000005, 0.06999999999999999, 0.08, 0.09, 0.09999999999999999, 0.11, 0.12, 0.13, 0.14, 0.15000000000000002, 0.16, 0.17, 0.18000000000000002, 0.19, 0.2]
[2.0130000000000368, 2.0109179687500367, 2.023890625000036, 2.026933593750035, 2.0213281250000343, 2.0235703125000346, 2.0483144531250277, 2.0978027343750134, 2.150333984375002, 2.2072695312499855, 2.2598007812499756, 2.2800605468749717, 2.294314453124971, 2.301041015624968, 2.3187226562499723, 2.337390624999973, 2.3617382812499765, 2.397121093749983, 2.4219921874999875, 2.4643300781249957]
[-0.8446639625349383, -0.8538719643217619, -0.9281179926938746, -0.9746941347352298, -0.8507808873446201, -0.7644715530924511, -0.5654310959658013, -0.4814860601221125, -0.41005039867429227, -0.44611697335612566, -0.49894073778224846, -0.6073030467403343, -0.5934598195660448, -0.6252516539898961, -0.5917600346881504, -0.494850021680094, -0.44611697335612566, -0.4762535331884355, -0.49894073778224846, -0.5590909179347823]
"errorarray=[err_Y2X,err_Z2X,err_X2Y,err_Z2Y,err_Y2Z,err_X2Z]"
[[-1.0409586076789064, -1.0177287669604316, -0.9956786262173574, -Infinity, -Infinity, -0.9829666607012196], [-1.0409586076789064, -0.978810700930062, -1.0, -Infinity, -Infinity, -0.978810700930062], [-1.0506099933550872, -1.0362121726544447, -1.0969100130080565, -Infinity, -Infinity, -1.0861861476162833], [-1.1249387366083, -1.1307682802690238, -1.1426675035687315, -Infinity, -2.6989700043360187, -1.1307682802690238], [-1.0506099933550872, -1.0, -1.1307682802690238, -1.958607314841775, -1.7212463990471711, -1.0506099933550872], [-1.0087739243075051, -0.9030899869919435, -1.0222763947111522, -1.6197887582883939, -1.4814860601221125, -0.9136401693252518], [-1.0087739243075051, -0.7399286120149252, -0.9913998282380825, -1.1135092748275182, -1.1135092748275182, -0.7495799976911061], [-1.080921907623926, -0.6819366650372385, -1.1249387366083, -0.9507819773298184, -0.8860566476931632, -0.6716203965612623], [-1.0087739243075051, -0.5606673061697374, -1.0457574905606752, -0.7878123955960422, -0.7958800173440752, -0.5900668766687054], [-1.1191864077192086, -0.6073030467403343, -1.136677139879544, -0.8477116556169436, -0.8386319977650252, -0.6143937264016879], [-1.0861861476162833, -0.6516951369518393, -1.0969100130080565, -0.958607314841775, -0.9244530386074693, -0.645891560852599], [-1.1023729087095586, -0.7569619513137056, -1.1307682802690238, -1.1307682802690238, -1.0969100130080565, -0.7471469690201069], [-1.0705810742857071, -0.7644715530924511, -1.0705810742857071, -1.0861861476162833, -1.0655015487564323, -0.7495799976911061], [-1.154901959985743, -0.785156151952302, -1.1023729087095586, -1.0409586076789064, -1.0268721464003012, -0.7423214251308154], [-1.1674910872937636, -0.7399286120149252, -1.1487416512809248, -0.8794260687941502, -0.8827287043442358, -0.721246399047171], [-1.136677139879544, -0.6420651529995461, -1.154901959985743, -0.7471469690201069, -0.7166987712964503, -0.623423042943488], [-1.0655015487564323, -0.6038006529042637, -1.080921907623926, -0.7258421507363202, -0.6556077263148893, -0.549750891680639], [-1.1674910872937636, -0.5985994592184558, -1.154901959985743, -0.6736641390712486, -0.6497519816658371, -0.5917600346881504], [-1.0757207139381184, -0.6946486305533762, -1.0362121726544447, -0.7931741239681502, -0.6968039425795111, -0.6161846340195687], [-1.1870866433571443, -0.7594507517174003, -1.207608310501746, -0.8477116556169436, -0.7144426909922262, -0.6777807052660807]]
"Iter=[Iter_step_1,Iter_step_2 (continued)]"
[[0.0, 0.838], [0.0, 0.833], [0.0, 0.86], [0.002, 0.866], [0.01, 0.851], [0.036, 0.84], [0.101, 0.861], [0.239, 0.895], [0.423, 0.911], [0.586, 0.948], [0.73, 0.988], [0.801, 0.996], [0.823, 1.034], [0.837, 1.055], [0.846, 1.143], [0.856, 1.24], [0.864, 1.366], [0.856, 1.573], [0.84, 1.702], [0.861, 1.82]]
"Time taken:11488.6636269"
