"P Vs FER REPORT derate"
"---------------------------"
"N=512"
"sim ran :1000"
"Z max :0.1"
"Rate vs Block_error="
[0.01, 0.02, 0.03, 0.04, 0.05, 0.060000000000000005, 0.06999999999999999, 0.08, 0.09, 0.09999999999999999, 0.11, 0.12, 0.13, 0.14, 0.15000000000000002, 0.16, 0.17, 0.18000000000000002, 0.19, 0.2]
[379, 330, 299, 268, 246, 225, 208, 191, 179, 165, 150, 139, 130, 118, 111, 101, 95, 85, 79, 72]
[[-0.13063075100775842, -1.4202164033831899], [-0.1907560210979433, -1.6575773191777938], [-0.2335987726514011, -1.6575773191777938], [-0.2811351669470419, -1.7958800173440752], [-0.31833485387245164, -1.6989700043360187], [-0.35708744286446825, -1.537602002101044], [-0.3912066260130692, -1.5086383061657274], [-0.4282365937281032, -1.585026652029182], [-0.4564169299959376, -1.3467874862246563], [-0.49178601676192446, -1.3467874862246563], [-0.5331787019201495, -1.3665315444204136], [-0.5662551607217357, -1.3565473235138126], [-0.595326608668994, -1.1023729087095586], [-0.6373879536697054, -0.8041003475907662], [-0.6639469821891734, -0.8728952016351923], [-0.7049485871931882, -1.0705810742857071], [-0.731546355686983, -0.8860566476931632], [-0.779851035261538, -1.2218487496163564], [-0.8116428696853893, -1.3010299956639813], [-0.8519374645445623, -1.136677139879544]]
"Time taken:3086.72789598"
