"RATE Vs FER REPORT Rateless Det Iter retro"
"------------------------------------------"
"Compound_plist:"
[0.03, 0.11, 0.17]
"sim ran :5"
"T:9"
"N=512"
"Rate vs Block_error="
0.060000000000000005
[0.01, 0.02, 0.03, 0.04, 0.05, 0.060000000000000005, 0.06999999999999999, 0.08, 0.09, 0.09999999999999999, 0.11, 0.12, 0.13, 0.14, 0.15000000000000002, 0.16, 0.17, 0.18000000000000002, 0.19, 0.2]
[1.707421875, 1.611328125, 1.611328125, 1.707421875, 1.707421875, 1.611328125, 1.707421875, 1.803515625, 1.707421875, 1.995703125, 2.027734375, 1.995703125, 2.187890625, 2.155859375, 2.219921875, 2.251953125, 1.867578125, 2.123828125, 1.9957031250000001, 2.123828125]
[-0.6989700043360187, -Infinity, -0.22184874961635637, -0.3979400086720376, -Infinity, -0.22184874961635637, -0.6989700043360187, -0.6989700043360187, -0.3979400086720376, -0.3979400086720376, -0.6989700043360187, -0.3979400086720376, -Infinity, -Infinity, -0.6989700043360187, -0.6989700043360187, -0.22184874961635637, -0.6989700043360187, -0.3979400086720376, -0.3979400086720376]
