"RATE Vs FER REPORT Rateless Det Iter retro"
"------------------------------------------"
"Compound_plist:"
[0.03, 0.11, 0.17]
"sim ran :1000"
"T:128"
"N=1024"
"Rate vs Block_error="
0.2
[0.03, 0.11, 0.17]
[2.3746015624999792, 2.3777929687499797, 2.38683984374998, 2.40587499999998, 2.4266367187499824, 2.471835937499993, 2.51945312500001, 2.57201953125003, 2.609609375000048, 2.6203632812500555, 2.625093750000056, 2.628437500000056, 2.6338906250000544, 2.6425312500000495, 2.6722753906250425, 2.6995937500000298, 2.745980468750015, 2.7917187500000074, 2.820304687499991, 2.843527343749984]
[-2.3010299956639813, -2.0457574905606752, -1.7958800173440752, -1.4685210829577449, -1.1739251972991736, -0.8416375079047503, -0.6716203965612623, -0.638272163982407, -0.8239087409443188, -1.2006594505464183, -1.4559319556497243, -1.6777807052660807, -1.7212463990471711, -1.2441251443275085, -1.031517051446065, -0.8696662315049939, -0.9136401693252518, -1.0555173278498313, -1.0915149811213503, -1.2291479883578558]
"errorarray=[err_Y2X,err_Z2X,err_X2Y,err_Z2Y,err_Y2Z,err_X2Z]"
[[-Infinity, -2.6989700043360187, -Infinity, -2.6989700043360187, -2.5228787452803374, -2.5228787452803374], [-Infinity, -3.0, -Infinity, -3.0, -2.0969100130080562, -2.0969100130080562], [-Infinity, -2.6989700043360187, -Infinity, -2.6989700043360187, -1.8239087409443189, -1.8239087409443189], [-3.0, -2.6989700043360187, -Infinity, -2.6989700043360187, -1.494850021680094, -1.5086383061657274], [-1.958607314841775, -2.6989700043360187, -2.3010299956639813, -2.5228787452803374, -1.2365720064370627, -1.3098039199714864], [-1.5086383061657274, -1.8860566476931633, -1.3979400086720375, -1.7695510786217261, -1.0604807473813815, -1.2006594505464183], [-1.1870866433571443, -1.744727494896694, -1.193820026016113, -1.744727494896694, -0.9355420107730815, -1.1079053973095196], [-1.1307682802690238, -1.5228787452803376, -1.0457574905606752, -1.6197887582883939, -1.0409586076789064, -1.3098039199714864], [-1.3979400086720375, -1.537602002101044, -1.3665315444204136, -1.853871964321762, -1.3098039199714864, -1.3467874862246563], [-1.8860566476931633, -1.6777807052660807, -2.0, -2.0969100130080562, -1.8239087409443189, -1.6382721639824072], [-2.6989700043360187, -1.7695510786217261, -2.5228787452803374, -2.3010299956639813, -2.3010299956639813, -1.8239087409443189], [-2.3010299956639813, -1.9208187539523751, -2.3979400086720375, -2.6989700043360187, -3.0, -2.0457574905606752], [-2.221848749616356, -2.0457574905606752, -2.0457574905606752, -2.6989700043360187, -3.0, -2.0], [-1.6197887582883939, -1.585026652029182, -1.5528419686577808, -2.6989700043360187, -2.6989700043360187, -1.5086383061657274], [-1.431798275933005, -1.3872161432802645, -1.3010299956639813, -2.3979400086720375, -2.5228787452803374, -1.275724130399211], [-1.154901959985743, -1.136677139879544, -1.2365720064370627, -2.3010299956639813, -2.221848749616356, -1.2006594505464183], [-1.136677139879544, -1.1307682802690238, -1.3279021420642825, -3.0, -3.0, -1.3279021420642825], [-1.2365720064370627, -1.2218487496163564, -1.5528419686577808, -2.6989700043360187, -Infinity, -1.5528419686577808], [-1.2518119729937995, -1.2291479883578558, -1.6989700043360187, -2.3979400086720375, -2.6989700043360187, -1.7212463990471711], [-1.3187587626244128, -1.3098039199714864, -2.0969100130080562, -3.0, -2.6989700043360187, -2.0969100130080562]]
"Iter=[Iter_step_1,Iter_step_2 (continued)]"
[[0.0, 1.01], [0.0, 1.029], [0.0, 1.073], [0.0, 1.179], [0.019, 1.269], [0.103, 1.396], [0.323, 1.352], [0.587, 1.273], [0.846, 1.12], [0.958, 1.031], [0.991, 1.012], [0.997, 1.022], [0.999, 1.051], [0.995, 1.104], [0.998, 1.261], [0.993, 1.414], [1.0, 1.627], [1.0, 1.827], [1.001, 1.922], [0.995, 1.971]]
