"RATE Vs FER REPORT Rateless Det Iter retro"
"------------------------------------------"
"Compound_plist:"
[0.03, 0.11, 0.17]
"sim ran :1000"
"T:9"
"N=512"
"Rate vs Block_error="
0.06999999999999999
[0.01, 0.02, 0.03, 0.04, 0.05, 0.060000000000000005, 0.06999999999999999, 0.08, 0.09, 0.09999999999999999, 0.11, 0.12, 0.13, 0.14, 0.15000000000000002, 0.16, 0.17, 0.18000000000000002, 0.19, 0.2]
[1.6685039062500278, 1.6569726562500275, 1.663699218750027, 1.668984375000027, 1.6701855468750282, 1.6821171875000296, 1.723037109375029, 1.7950273437500313, 1.8951250000000333, 2.0169238281250275, 2.1004453125000233, 2.154578125000016, 2.18268554687502, 2.174757812500021, 2.17796093750002, 2.1255898437500234, 2.0928378906250233, 2.046232421875024, 1.9704785156250237, 1.922912109375024]
[-0.638272163982407, -0.5086383061657274, -0.5157001606532141, -0.5590909179347823, -0.6270879970298935, -0.6575773191777937, -0.596879478824182, -0.45842075605341914, -0.3957739469155299, -0.42712839779951983, -0.45345733652186904, -0.5287082889410615, -0.518557371497695, -0.5086383061657274, -0.4736607226101559, -0.3925449767853314, -0.34582345812203946, -0.26042765554990804, -0.17069622716897506, -0.1284270644541213]
