"RATE Vs FER REPORT Rateless Det Iter retro"
"------------------------------------------"
"Compound_plist:"
[0.03, 0.11, 0.17]
"sim ran :5"
"T:9"
"N=512"
"Rate vs Block_error="
0.16
[0.01, 0.02, 0.03, 0.04, 0.05, 0.060000000000000005, 0.06999999999999999, 0.08, 0.09, 0.09999999999999999, 0.11, 0.12, 0.13, 0.14, 0.15000000000000002, 0.16, 0.17, 0.18000000000000002, 0.19, 0.2]
[2.123828125, 2.1878906249999996, 2.1238281249999997, 2.1238281249999997, 2.187890625, 2.155859375, 2.251953125, 2.219921875, 2.251953125, 2.3640625, 2.3640624999999997, 2.33203125, 2.316015625, 2.380078125, 2.428125, 2.412109375, 2.4281249999999996, 2.33203125, 2.4281249999999996, 2.412109375]
[-0.6989700043360187, -Infinity, -Infinity, -0.6989700043360187, -Infinity, -0.6989700043360187, -0.3979400086720376, -0.22184874961635637, -0.3979400086720376, -0.6989700043360187, -0.3979400086720376, -0.6989700043360187, -0.22184874961635637, -0.3979400086720376, -0.3979400086720376, 0.0, -0.3979400086720376, -0.3979400086720376, -0.3979400086720376, -0.22184874961635637]
