"RATE Vs FER REPORT Rateless Det Iter retro"
"------------------------------------------"
"Compound_plist:"
[0.03, 0.11, 0.17]
"sim ran :1000"
"T:64"
"N=1024"
"Rate vs Block_error="
0.11
[0.01, 0.02, 0.03, 0.04, 0.05, 0.060000000000000005, 0.06999999999999999, 0.08, 0.09, 0.09999999999999999, 0.11, 0.12, 0.13, 0.14, 0.15000000000000002, 0.16, 0.17, 0.18000000000000002, 0.19, 0.2]
[2.18366796874999, 2.1860078124999895, 2.1858359374999896, 2.1863359374999893, 2.1895039062499904, 2.208210937499992, 2.2546328125000015, 2.337425781250019, 2.396796875000035, 2.432132812500046, 2.4377617187500484, 2.4423417968750485, 2.4572578125000497, 2.4784296875000495, 2.531093750000053, 2.609679687500057, 2.6800078125000595, 2.747716796875063, 2.781751953125064, 2.8023808593750656]
[-2.0969100130080562, -2.3010299956639813, -2.3010299956639813, -2.3010299956639813, -1.5686362358410126, -1.0, -0.7399286120149252, -0.6695862266508091, -0.8239087409443188, -1.2676062401770314, -1.6020599913279623, -1.5228787452803376, -1.4814860601221125, -1.2006594505464183, -1.0362121726544447, -1.0222763947111522, -0.9829666607012196, -1.1023729087095586, -1.3279021420642825, -1.853871964321762]
"errorarray=[err_Y2X,err_Z2X,err_X2Y,err_Z2Y,err_Y2Z,err_X2Z]"
[[-2.3979400086720375, -2.3979400086720375, -2.5228787452803374, -Infinity, -Infinity, -2.3979400086720375], [-2.5228787452803374, -2.5228787452803374, -2.6989700043360187, -Infinity, -Infinity, -2.6989700043360187], [-2.3979400086720375, -2.3010299956639813, -Infinity, -Infinity, -Infinity, -Infinity], [-2.3979400086720375, -2.3979400086720375, -Infinity, -Infinity, -3.0, -Infinity], [-2.3979400086720375, -1.9208187539523751, -2.6989700043360187, -2.154901959985743, -1.9208187539523751, -1.8239087409443189], [-2.5228787452803374, -1.3010299956639813, -2.6989700043360187, -1.3767507096020994, -1.337242168318426, -1.3872161432802645], [-3.0, -1.0457574905606752, -2.221848749616356, -1.1426675035687315, -1.1249387366083, -1.1191864077192086], [-2.5228787452803374, -1.0087739243075051, -2.5228787452803374, -1.1611509092627446, -1.0409586076789064, -0.958607314841775], [-Infinity, -1.1079053973095196, -2.6989700043360187, -1.3279021420642825, -1.337242168318426, -1.1426675035687315], [-2.3979400086720375, -1.6020599913279623, -2.5228787452803374, -2.3979400086720375, -2.0457574905606752, -1.6197887582883939], [-2.5228787452803374, -2.0457574905606752, -2.5228787452803374, -2.5228787452803374, -2.221848749616356, -1.9208187539523751], [-3.0, -2.154901959985743, -2.221848749616356, -2.6989700043360187, -2.0969100130080562, -1.744727494896694], [-3.0, -1.7695510786217261, -2.3979400086720375, -1.8239087409443189, -1.9208187539523751, -1.7958800173440752], [-3.0, -1.537602002101044, -2.6989700043360187, -1.537602002101044, -1.5086383061657274, -1.494850021680094], [-2.221848749616356, -1.3767507096020994, -2.3979400086720375, -1.3979400086720375, -1.3098039199714864, -1.337242168318426], [-2.5228787452803374, -1.408935392973501, -2.6989700043360187, -1.4202164033831899, -1.2676062401770314, -1.275724130399211], [-2.6989700043360187, -1.3467874862246563, -2.5228787452803374, -1.3467874862246563, -1.2441251443275085, -1.2441251443275085], [-3.0, -1.4436974992327127, -2.5228787452803374, -1.4436974992327127, -1.3979400086720375, -1.408935392973501], [-2.3979400086720375, -1.7212463990471711, -2.154901959985743, -1.7212463990471711, -1.6382721639824072, -1.6989700043360187], [-3.0, -2.3979400086720375, -3.0, -2.3979400086720375, -2.0457574905606752, -2.0969100130080562]]
"Iter=[Iter_step_1,Iter_step_2 (continued)]"
[[0.0, 0.993], [0.0, 1.001], [0.0, 0.998], [0.002, 0.998], [0.016, 0.998], [0.088, 0.999], [0.271, 1.003], [0.599, 1.005], [0.835, 1.004], [0.972, 1.008], [0.989, 1.013], [0.995, 1.02], [0.997, 1.058], [0.998, 1.116], [0.996, 1.257], [0.995, 1.468], [0.999, 1.651], [0.999, 1.832], [0.993, 1.924], [1.0, 1.976]]
