"P Vs FER REPORT derate"
"---------------------------"
"N=512"
"sim ran :1000"
"Z max :-1.30102999566"
"Rate vs Block_error="
[0.01, 0.02, 0.03, 0.04, 0.05, 0.060000000000000005, 0.06999999999999999, 0.08, 0.09, 0.09999999999999999, 0.11, 0.12, 0.13, 0.14, 0.15000000000000002, 0.16, 0.17, 0.18000000000000002, 0.19, 0.2]
[366, 317, 285, 257, 232, 212, 197, 181, 165, 153, 140, 130, 117, 110, 101, 93, 84, 79, 72, 67]
[-1.7958800173440752, -2.0969100130080562, -2.6989700043360187, -2.3010299956639813, -2.221848749616356, -2.154901959985743, -2.0969100130080562, -2.0969100130080562, -2.154901959985743, -1.7695510786217261, -1.3098039199714864, -1.3565473235138126, -1.0915149811213503, -1.1487416512809248, -1.3279021420642825, -1.337242168318426, -1.6989700043360187, -1.6575773191777938, -1.3979400086720375, -1.3279021420642825]
"Time taken:1082.34761786"
