"RATE Vs FER REPORT Rateless Det Iter retro"
"------------------------------------------"
"Compound_plist:"
[0.03, 0.11, 0.17]
"sim ran :1000"
"T:128"
"N=1024"
"Rate vs Block_error="
0.17
[0.01, 0.02, 0.03, 0.04, 0.05, 0.060000000000000005, 0.06999999999999999, 0.08, 0.09, 0.09999999999999999, 0.11, 0.12, 0.13, 0.14, 0.15000000000000002, 0.16, 0.17, 0.18000000000000002, 0.19, 0.2]
[2.5004687499999902, 2.4948007812499906, 2.5062929687499915, 2.512175781249995, 2.5092382812499934, 2.536152343749991, 2.5769023437499956, 2.663542968749997, 2.7103476562500117, 2.7459628906250133, 2.7514394531250135, 2.7493300781250176, 2.752966796875013, 2.7616191406250143, 2.7744960937500114, 2.8068359375000047, 2.837091796874999, 2.862328124999999, 2.8879648437499976, 2.906785156250005]
[-1.0861861476162833, -1.0604807473813815, -1.0555173278498313, -1.1191864077192086, -1.0, -0.8386319977650252, -0.623423042943488, -0.638272163982407, -0.744727494896694, -0.8507808873446201, -0.8728952016351923, -0.889410289700751, -0.8013429130455774, -0.7931741239681502, -0.6289321377282637, -0.5934598195660448, -0.5917600346881504, -0.6055483191737837, -0.6575773191777937, -0.6736641390712486]
"errorarray=[err_Y2X,err_Z2X,err_X2Y,err_Z2Y,err_Y2Z,err_X2Z]"
[[-1.0861861476162833, -1.0861861476162833, -Infinity, -Infinity, -Infinity, -Infinity], [-1.0604807473813815, -1.0604807473813815, -Infinity, -Infinity, -Infinity, -Infinity], [-1.0555173278498313, -1.0555173278498313, -Infinity, -Infinity, -Infinity, -Infinity], [-1.1307682802690238, -1.1249387366083, -Infinity, -3.0, -3.0, -3.0], [-1.080921907623926, -1.0409586076789064, -Infinity, -2.0457574905606752, -1.958607314841775, -2.221848749616356], [-1.1804560644581312, -1.0222763947111522, -2.0969100130080562, -1.4814860601221125, -1.3665315444204136, -1.5086383061657274], [-1.1804560644581312, -0.8507808873446201, -1.9208187539523751, -1.1023729087095586, -1.0555173278498313, -1.1870866433571443], [-1.0969100130080565, -0.8538719643217619, -1.5528419686577808, -1.1804560644581312, -1.1739251972991736, -1.1611509092627446], [-1.1426675035687315, -0.9469215565165803, -1.4436974992327127, -1.3665315444204136, -1.4559319556497243, -1.2365720064370627], [-1.1426675035687315, -1.0457574905606752, -1.3665315444204136, -1.7212463990471711, -2.0969100130080562, -1.3010299956639813], [-1.0915149811213503, -1.0861861476162833, -1.3279021420642825, -3.0, -2.3010299956639813, -1.2924298239020637], [-1.1135092748275182, -1.1023729087095586, -1.3565473235138126, -2.6989700043360187, -2.221848749616356, -1.3187587626244128], [-1.1487416512809248, -1.0757207139381184, -1.2006594505464183, -1.853871964321762, -1.958607314841775, -1.1487416512809248], [-1.207608310501746, -1.1023729087095586, -1.2365720064370627, -1.6575773191777938, -1.5528419686577808, -1.1191864077192086], [-1.0861861476162833, -0.8961962790440432, -1.1611509092627446, -1.3010299956639813, -1.3187587626244128, -0.9871627752948278], [-1.1611509092627446, -0.9244530386074693, -1.1079053973095196, -1.2441251443275085, -1.136677139879544, -0.8961962790440432], [-1.1079053973095196, -0.9208187539523752, -1.275724130399211, -1.2006594505464183, -1.0362121726544447, -0.9871627752948278], [-1.1023729087095586, -0.9871627752948278, -1.1487416512809248, -1.2518119729937995, -1.0757207139381184, -1.031517051446065], [-1.154901959985743, -1.154901959985743, -1.1307682802690238, -1.4685210829577449, -1.0506099933550872, -1.0655015487564323], [-1.1249387366083, -1.275724130399211, -1.1611509092627446, -1.5086383061657274, -0.9829666607012196, -1.2596373105057561]]
"Iter=[Iter_step_1,Iter_step_2 (continued)]"
[[0.0, 1.662], [0.0, 1.639], [0.0, 1.704], [0.001, 1.718], [0.019, 1.683], [0.1, 1.709], [0.278, 1.694], [0.617, 1.695], [0.846, 1.646], [0.962, 1.681], [0.994, 1.665], [1.011, 1.638], [1.029, 1.657], [1.081, 1.683], [1.13, 1.721], [1.31, 1.804], [1.426, 1.879], [1.511, 1.934], [1.581, 1.973], [1.622, 1.993]]
"Time taken:77697.0667939"
