"RATE Vs FER REPORT Rateless Det Iter retro"
"------------------------------------------"
"Compound_plist:"
[0.03, 0.11, 0.17]
"sim ran :1000"
"T:15"
"N=512"
"Rate vs Block_error="
0.11
[0.01, 0.02, 0.03, 0.04, 0.05, 0.060000000000000005, 0.06999999999999999, 0.08, 0.09, 0.09999999999999999, 0.11, 0.12, 0.13, 0.14, 0.15000000000000002, 0.16, 0.17, 0.18000000000000002, 0.19, 0.2]
[2.067855468750039, 2.064812500000038, 2.07121875000004, 2.0764238281250385, 2.072900390625038, 2.0879550781250362, 2.1094960937500313, 2.175320312500021, 2.21578125000001, 2.275984374999998, 2.3225312499999946, 2.350564453124992, 2.370816406249989, 2.3867890624999912, 2.423884765624996, 2.4679101562500003, 2.521914062500008, 2.576894531250016, 2.6340820312500273, 2.6813554687500343]
[-1.0362121726544447, -0.9871627752948278, -1.031517051446065, -1.0861861476162833, -1.0222763947111522, -0.9625735020593764, -0.721246399047171, -0.640164517660112, -0.5157001606532141, -0.5702477199975919, -0.692503962086787, -0.7825160557860937, -0.8181564120552275, -0.7055337738384071, -0.7258421507363202, -0.7011469235902933, -0.6695862266508091, -0.6289321377282637, -0.6478174818886375, -0.7544873321858502]
"errorarray=[err_Y2X,err_Z2X,err_X2Y,err_Z2Y,err_Y2Z,err_X2Z]"
[[-1.2291479883578558, -1.207608310501746, -1.3872161432802645, -Infinity, -Infinity, -1.3565473235138126], [-1.2291479883578558, -1.1804560644581312, -1.2006594505464183, -Infinity, -Infinity, -1.1804560644581312], [-1.214670164989233, -1.193820026016113, -1.337242168318426, -Infinity, -Infinity, -1.2924298239020637], [-1.3565473235138126, -1.3187587626244128, -1.3010299956639813, -2.3979400086720375, -3.0, -1.3010299956639813], [-1.3010299956639813, -1.2218487496163564, -1.3279021420642825, -2.0457574905606752, -2.221848749616356, -1.3010299956639813], [-1.3565473235138126, -1.193820026016113, -1.431798275933005, -1.744727494896694, -1.6575773191777938, -1.2441251443275085], [-1.3665315444204136, -0.9244530386074693, -1.3279021420642825, -1.1611509092627446, -1.2291479883578558, -0.978810700930062], [-1.537602002101044, -0.9172146296835499, -1.4685210829577449, -1.0757207139381184, -1.0087739243075051, -0.978810700930062], [-1.2291479883578558, -0.7825160557860937, -1.3098039199714864, -0.9829666607012196, -0.8827287043442358, -0.8569851997459049], [-1.337242168318426, -0.8860566476931632, -1.3979400086720375, -1.0757207139381184, -0.9208187539523752, -0.8927900303521317], [-1.3565473235138126, -1.1023729087095586, -1.3010299956639813, -1.275724130399211, -1.0457574905606752, -1.0268721464003012], [-1.2676062401770314, -1.2006594505464183, -1.408935392973501, -1.585026652029182, -1.1249387366083, -1.2291479883578558], [-1.3187587626244128, -1.3010299956639813, -1.3665315444204136, -1.4436974992327127, -1.0915149811213503, -1.2441251443275085], [-1.2291479883578558, -1.207608310501746, -1.2676062401770314, -1.275724130399211, -0.958607314841775, -1.1079053973095196], [-1.3010299956639813, -1.2518119729937995, -1.2518119729937995, -1.1674910872937636, -0.8860566476931632, -1.0555173278498313], [-1.408935392973501, -1.0457574905606752, -1.585026652029182, -1.0655015487564323, -0.9100948885606021, -1.0409586076789064], [-1.5228787452803376, -1.0457574905606752, -1.4436974992327127, -1.0087739243075051, -0.8761483590329142, -0.9706162223147904], [-1.2839966563652008, -1.0362121726544447, -1.2839966563652008, -1.013228265733755, -0.8153085691824012, -0.958607314841775], [-1.3467874862246563, -1.0177287669604316, -1.337242168318426, -1.00436480540245, -0.8386319977650252, -0.9829666607012196], [-1.408935392973501, -1.2006594505464183, -1.337242168318426, -1.1804560644581312, -0.9281179926938746, -1.0969100130080565]]
"Iter=[Iter_step_1,Iter_step_2 (continued)]"
[[0.0, 0.0], [0.0, 0.0], [0.0, 0.0], [0.001, 0.001], [0.011, 0.012], [0.041, 0.046], [0.11, 0.133], [0.296, 0.355], [0.446, 0.567], [0.646, 0.785], [0.774, 0.974], [0.845, 1.069], [0.886, 1.122], [0.87, 1.201], [0.881, 1.302], [0.894, 1.378], [0.908, 1.508], [0.88, 1.64], [0.898, 1.759], [0.886, 1.862]]
