"RATE Vs FER REPORT Rateless Det Iter retro"
"------------------------------------------"
"Compound_plist:"
[0.03, 0.11, 0.17]
"sim ran :5"
"T:9"
"N=512"
"Rate vs Block_error="
0.12
[0.01, 0.02, 0.03, 0.04, 0.05, 0.060000000000000005, 0.06999999999999999, 0.08, 0.09, 0.09999999999999999, 0.11, 0.12, 0.13, 0.14, 0.15000000000000002, 0.16, 0.17, 0.18000000000000002, 0.19, 0.2]
[1.995703125, 2.091796875, 2.091796875, 2.091796875, 2.091796875, 1.995703125, 2.13984375, 2.13984375, 2.13984375, 2.2679687499999996, 2.187890625, 2.3160156250000004, 2.33203125, 2.2839843749999997, 2.33203125, 2.33203125, 2.33203125, 2.33203125, 2.33203125, 2.33203125]
[-Infinity, -Infinity, -Infinity, -Infinity, -0.6989700043360187, -0.6989700043360187, -0.6989700043360187, -0.3979400086720376, -0.3979400086720376, -0.3979400086720376, -0.6989700043360187, -0.3979400086720376, -0.6989700043360187, -0.3979400086720376, -0.6989700043360187, -0.09691001300805639, -0.22184874961635637, -0.09691001300805639, 0.0, 0.0]
