"RATE Vs FER REPORT Rateless Det Iter retro"
"------------------------------------------"
"Compound_plist:"
[0.03, 0.11, 0.17]
"sim ran :1000"
"T:9"
"N=512"
"Rate vs Block_error="
0.09
[0.01, 0.02, 0.03, 0.04, 0.05, 0.060000000000000005, 0.06999999999999999, 0.08, 0.09, 0.09999999999999999, 0.11, 0.12, 0.13, 0.14, 0.15000000000000002, 0.16, 0.17, 0.18000000000000002, 0.19, 0.2]
[1.829460937500034, 1.8323437500000346, 1.8431542968750332, 1.8380292968750331, 1.8453164062500338, 1.8595703125000331, 1.8811914062500326, 1.9635917968750254, 2.0376640625000193, 2.123347656250008, 2.1946171874999982, 2.225527343749995, 2.2417832031249953, 2.2311328124999976, 2.2226445312499963, 2.211673828125, 2.167871093749999, 2.1241484374999997, 2.0983632812500024, 2.0659316406249997]
[-0.4775557664936801, -0.5100415205751654, -0.5767541260631921, -0.6179829574251317, -0.6126101736612706, -0.6252516539898961, -0.431798275933005, -0.393618634889395, -0.3214816209598861, -0.3448615651886179, -0.40011692792631215, -0.4156687756324692, -0.41793663708829126, -0.41005039867429227, -0.3615107430453627, -0.30715308072277, -0.22621355501880647, -0.14327110961711742, -0.09528445472131904, -0.05601112492622811]
