"RATE Vs FER REPORT Rateless Det Iter retro"
"------------------------------------------"
"Compound_plist:"
[0.03, 0.11, 0.17]
"sim ran :1000"
"T:9"
"N=512"
"Rate vs Block_error="
0.03
[0.01, 0.02, 0.03, 0.04, 0.05, 0.060000000000000005, 0.06999999999999999, 0.08, 0.09, 0.09999999999999999, 0.11, 0.12, 0.13, 0.14, 0.15000000000000002, 0.16, 0.17, 0.18000000000000002, 0.19, 0.2]
[1.611328125000024, 1.611328125000024, 1.611328125000024, 1.611328125000024, 1.6170937500000244, 1.6238203125000252, 1.665140625000027, 1.7415351562500303, 1.851242187500035, 1.9474960937500363, 2.0253320312500347, 2.07975000000003, 2.1084179687500284, 2.138796875000024, 2.1573789062500226, 2.199492187500024, 2.2216171875000206, 2.2603359375000207, 2.2853632812500146, 2.3346601562500098]
[-2.6989700043360187, -1.958607314841775, -1.2924298239020637, -1.0362121726544447, -0.7423214251308154, -0.6161846340195687, -0.51427857351842, -0.4621809049267259, -0.5670307091255943, -0.6655462488490691, -0.7670038896078462, -0.8153085691824012, -0.7986028756795485, -0.8239087409443188, -0.721246399047171, -0.8569851997459049, -0.8961962790440432, -0.9507819773298184, -1.0, -0.9469215565165803]
"errorarray=[err_Y2X,err_Z2X,err_X2Y,err_Z2Y,err_Y2Z,err_X2Z]"
[[-Infinity, -3.0, -Infinity, -Infinity, -Infinity, -3.0], [-Infinity, -2.221848749616356, -Infinity, -Infinity, -Infinity, -2.154901959985743], [-Infinity, -1.585026652029182, -Infinity, -Infinity, -Infinity, -1.494850021680094], [-Infinity, -1.3467874862246563, -2.6989700043360187, -Infinity, -2.6989700043360187, -1.1804560644581312], [-Infinity, -0.9208187539523752, -Infinity, -1.8860566476931633, -2.0969100130080562, -0.978810700930062], [-Infinity, -0.8386319977650252, -Infinity, -1.5086383061657274, -1.431798275933005, -0.8153085691824012], [-Infinity, -0.692503962086787, -Infinity, -1.0555173278498313, -1.1307682802690238, -0.7304870557820837], [-Infinity, -0.6497519816658371, -Infinity, -0.8181564120552275, -0.8446639625349383, -0.6478174818886375], [-Infinity, -0.7520267336381934, -Infinity, -0.8041003475907662, -0.8068754016455384, -0.7235381958267558], [-Infinity, -0.8507808873446201, -Infinity, -0.8860566476931632, -0.8446639625349383, -0.7931741239681502], [-Infinity, -0.8961962790440432, -Infinity, -0.9030899869919435, -0.8860566476931632, -0.8761483590329142], [-Infinity, -1.013228265733755, -Infinity, -1.013228265733755, -0.8927900303521317, -0.8860566476931632], [-Infinity, -0.9746941347352298, -Infinity, -0.9746941347352298, -0.8477116556169436, -0.8446639625349383], [-Infinity, -0.9956786262173574, -Infinity, -0.9956786262173574, -0.906578314837765, -0.906578314837765], [-Infinity, -0.9030899869919435, -Infinity, -0.9030899869919435, -0.7695510786217261, -0.7695510786217261], [-Infinity, -1.0555173278498313, -3.0, -1.0555173278498313, -0.8961962790440432, -0.8961962790440432], [-Infinity, -1.136677139879544, -Infinity, -1.136677139879544, -0.9244530386074693, -0.9244530386074693], [-Infinity, -1.2441251443275085, -Infinity, -1.2441251443275085, -0.9956786262173574, -0.9956786262173574], [-Infinity, -1.3467874862246563, -Infinity, -1.3467874862246563, -1.0087739243075051, -1.0087739243075051], [-Infinity, -1.1870866433571443, -Infinity, -1.1870866433571443, -0.9871627752948278, -0.9871627752948278]]
"Iter=[Iter_step_1,Iter_step_2 (continued)]"
[[0.0, 0.0], [0.0, 0.0], [0.0, 0.0], [0.0, 0.0], [0.0, 0.012], [0.0, 0.026], [0.0, 0.112], [0.0, 0.271], [0.0, 0.502], [0.0, 0.711], [0.0, 0.895], [0.0, 1.047], [0.0, 1.168], [0.0, 1.301], [0.0, 1.411], [0.0, 1.623], [0.0, 1.73], [0.0, 1.854], [0.0, 1.895], [0.0, 1.958]]
