"RATE Vs FER REPORT Rateless Det Iter retro"
"------------------------------------------"
"Compound_plist:"
[0.03, 0.11, 0.17]
"sim ran :1000"
"T:9"
"N=512"
"Rate vs Block_error="
0.13
[0.01, 0.02, 0.03, 0.04, 0.05, 0.060000000000000005, 0.06999999999999999, 0.08, 0.09, 0.09999999999999999, 0.11, 0.12, 0.13, 0.14, 0.15000000000000002, 0.16, 0.17, 0.18000000000000002, 0.19, 0.2]
[2.0789843750000294, 2.07818359375003, 2.0780234375000304, 2.0791445312500296, 2.084669921875029, 2.0868320312500264, 2.1143789062500207, 2.153296875000005, 2.1980605468749936, 2.2555566406249805, 2.2909511718749695, 2.3138535156249658, 2.3256249999999645, 2.3276269531249647, 2.3330722656249634, 2.3247441406249663, 2.3293886718749652, 2.3270664062499637, 2.324263671874965, 2.3275468749999657]
[-1.1023729087095586, -1.013228265733755, -1.0655015487564323, -0.9746941347352298, -1.0409586076789064, -0.8538719643217619, -0.6655462488490691, -0.5482135644757098, -0.5072396109731625, -0.5391021572434522, -0.6575773191777937, -0.7055337738384071, -0.6270879970298935, -0.595166283380062, -0.48678239993206096, -0.3279021420642826, -0.2240256688706309, -0.13312218566250114, -0.07623803917129975, -0.0400051616715838]
