"RATE Vs FER REPORT Rateless Det Iter retro"
"------------------------------------------"
"Compound_plist:"
[0.03, 0.11, 0.17]
"sim ran :1000"
"T:9"
"N=512"
"Rate vs Block_error="
0.15000000000000002
[0.01, 0.02, 0.03, 0.04, 0.05, 0.060000000000000005, 0.06999999999999999, 0.08, 0.09, 0.09999999999999999, 0.11, 0.12, 0.13, 0.14, 0.15000000000000002, 0.16, 0.17, 0.18000000000000002, 0.19, 0.2]
[2.106050781250028, 2.1072617187500273, 2.108453125000028, 2.114984375000026, 2.1083730468750272, 2.120224609375025, 2.1412148437500176, 2.1804980468750053, 2.227494140624995, 2.280480468749979, 2.317806640624971, 2.339462890624967, 2.351382812499967, 2.366529296874966, 2.3924941406249713, 2.4375761718749795, 2.5067499999999887, 2.554474609374999, 2.6185546875000103, 2.6601699218750174]
[-0.7798919119599449, -0.7544873321858502, -0.8239087409443188, -0.826813731587726, -0.8507808873446201, -0.707743928643524, -0.5816987086802545, -0.45842075605341914, -0.438898616350944, -0.48945498979338786, -0.5718652059712112, -0.5867002359187481, -0.6161846340195687, -0.5044556624535516, -0.4659738939438649, -0.44249279809434205, -0.43415218132648237, -0.4497716469449059, -0.4975728800155673, -0.5287082889410615]
"errorarray=[err_Y2X,err_Z2X,err_X2Y,err_Z2Y,err_Y2Z,err_X2Z]"
[[-0.8507808873446201, -0.8416375079047503, -0.9430951486635274, -Infinity, -Infinity, -0.9430951486635274], [-0.8297382846050426, -0.7958800173440752, -0.9430951486635274, -Infinity, -Infinity, -0.9430951486635274], [-0.8827287043442358, -0.8696662315049939, -1.0, -Infinity, -Infinity, -1.0], [-0.8927900303521317, -0.8794260687941502, -1.0362121726544447, -Infinity, -2.6989700043360187, -1.031517051446065], [-0.9469215565165803, -0.9244530386074693, -1.0362121726544447, -2.154901959985743, -1.958607314841775, -1.00436480540245], [-0.9172146296835499, -0.7772835288524167, -1.0087739243075051, -1.3467874862246563, -1.4559319556497243, -0.9208187539523752], [-0.8761483590329142, -0.6968039425795111, -1.00436480540245, -1.1191864077192086, -1.1426675035687315, -0.8068754016455384], [-0.8664610916297825, -0.585026652029182, -0.958607314841775, -0.8632794328435931, -0.8446639625349383, -0.6675615400843947], [-0.8961962790440432, -0.575118363368933, -0.9746941347352298, -0.8386319977650252, -0.826813731587726, -0.6575773191777937], [-0.8996294548824371, -0.6289321377282637, -0.8996294548824371, -0.8996294548824371, -0.9030899869919435, -0.640164517660112], [-0.9136401693252518, -0.6946486305533762, -0.9030899869919435, -1.0861861476162833, -1.0457574905606752, -0.7033348097384688], [-0.8210230527068306, -0.7011469235902933, -0.8477116556169436, -1.1870866433571443, -1.1611509092627446, -0.7351821769904635], [-0.8996294548824371, -0.7099653886374819, -0.9430951486635274, -1.0861861476162833, -1.1307682802690238, -0.7520267336381934], [-0.8446639625349383, -0.6439741428068773, -0.8239087409443188, -0.9430951486635274, -0.8927900303521317, -0.6161846340195687], [-0.8507808873446201, -0.6055483191737837, -0.8356471442155629, -0.8297382846050426, -0.7594507517174003, -0.5783960731301689], [-0.9208187539523752, -0.6038006529042637, -0.9355420107730815, -0.744727494896694, -0.6861327796308466, -0.6108339156354675], [-0.9030899869919435, -0.6252516539898961, -0.8860566476931632, -0.7328282715969863, -0.6536470255493614, -0.623423042943488], [-0.9355420107730815, -0.645891560852599, -0.9546770212133425, -0.7258421507363202, -0.6108339156354675, -0.6420651529995461], [-0.8632794328435931, -0.8239087409443188, -0.8827287043442358, -0.8961962790440432, -0.6307841425898572, -0.7986028756795485], [-0.9393021596463883, -0.8569851997459049, -0.9393021596463883, -0.9100948885606021, -0.679853713888946, -0.8794260687941502]]
"Iter=[Iter_step_1,Iter_step_2 (continued)]"
[[0.0, 1.113], [0.0, 1.125], [0.0, 1.124], [0.0, 1.151], [0.007, 1.125], [0.033, 1.144], [0.118, 1.142], [0.275, 1.146], [0.473, 1.148], [0.7, 1.129], [0.847, 1.133], [0.919, 1.16], [0.962, 1.147], [0.981, 1.168], [1.001, 1.233], [1.005, 1.342], [1.026, 1.482], [1.055, 1.59], [1.078, 1.722], [1.109, 1.815]]
