"RATE Vs FER REPORT Rateless Det Iter retro"
"------------------------------------------"
"Compound_plist:"
[0.03, 0.11, 0.17]
"sim ran :1000"
"T:9"
"N=512"
"Rate vs Block_error="
0.19
[0.01, 0.02, 0.03, 0.04, 0.05, 0.060000000000000005, 0.06999999999999999, 0.08, 0.09, 0.09999999999999999, 0.11, 0.12, 0.13, 0.14, 0.15000000000000002, 0.16, 0.17, 0.18000000000000002, 0.19, 0.2]
[2.161304687500027, 2.170914062500027, 2.164187500000028, 2.182044921875026, 2.1672304687500255, 2.1817246093750273, 2.191894531250023, 2.247388671875013, 2.288869140625003, 2.3446835937499912, 2.3841621093749876, 2.4077050781249825, 2.4283652343749833, 2.42772460937498, 2.4345312499999836, 2.441097656249981, 2.4455019531249866, 2.4654414062499908, 2.4733691406249916, 2.4738496093749913]
[-0.638272163982407, -0.645891560852599, -0.632644078973981, -0.744727494896694, -0.638272163982407, -0.6073030467403343, -0.5003129173815961, -0.44490555142168087, -0.3798639450262425, -0.41680122603137726, -0.4546928835341759, -0.49894073778224846, -0.5100415205751654, -0.4672456210075022, -0.38721614328026455, -0.3316140833099998, -0.30803489723263966, -0.28819277095880896, -0.2831622767004755, -0.23582386760966928]
