"RATE Vs FER REPORT Rateless Det Iter retro"
"------------------------------------------"
"Compound_plist:"
[0.03, 0.11, 0.17]
"sim ran :1000"
"T:9"
"N=512"
"Rate vs Block_error="
0.14
[0.01, 0.02, 0.03, 0.04, 0.05, 0.060000000000000005, 0.06999999999999999, 0.08, 0.09, 0.09999999999999999, 0.11, 0.12, 0.13, 0.14, 0.15000000000000002, 0.16, 0.17, 0.18000000000000002, 0.19, 0.2]
[2.0922773437500286, 2.0943593750000287, 2.088273437500029, 2.091556640625029, 2.0894746093750296, 2.103328125000026, 2.1268710937500184, 2.1607441406250056, 2.2115136718749944, 2.2642851562499806, 2.299119140624972, 2.3251445312499652, 2.332511718749964, 2.334833984374963, 2.336675781249963, 2.334753906249966, 2.3380371093749637, 2.335874999999965, 2.3414804687499653, 2.335154296874966]
[-0.9546770212133425, -0.9318141382538383, -0.8632794328435931, -0.9281179926938746, -0.8356471442155629, -0.8446639625349383, -0.6516951369518393, -0.4975728800155673, -0.46344155742846993, -0.49894073778224846, -0.6073030467403343, -0.6989700043360187, -0.6695862266508091, -0.5783960731301689, -0.44249279809434205, -0.2839966563652008, -0.21041928783557454, -0.1390633792999063, -0.07314329105030767, -0.040958607678906384]
