"RATE Vs FER REPORT Rateless Det Iter retro"
"------------------------------------------"
"Compound_plist:"
[0.03, 0.11, 0.17]
"sim ran :1000"
"T:9"
"N=512"
"Rate vs Block_error="
0.14
[0.01, 0.02, 0.03, 0.04, 0.05, 0.060000000000000005, 0.06999999999999999, 0.08, 0.09, 0.09999999999999999, 0.11, 0.12, 0.13, 0.14, 0.15000000000000002, 0.16, 0.17, 0.18000000000000002, 0.19, 0.2]
[2.088914062500029, 2.0943242187500286, 2.095000000000029, 2.097482421875028, 2.0956406250000286, 2.1038886718750254, 2.120830078125021, 2.171714843750006, 2.2132402343749917, 2.258689453124979, 2.305189453124971, 2.330263671874966, 2.3395312499999643, 2.358351562499967, 2.3872675781249697, 2.4317890624999783, 2.4882734374999873, 2.547810546874997, 2.623083984375012, 2.670146484375019]
[-0.8761483590329142, -0.9469215565165803, -0.9281179926938746, -0.9318141382538383, -0.9430951486635274, -0.7825160557860937, -0.595166283380062, -0.518557371497695, -0.4736607226101559, -0.5228787452803376, -0.6161846340195687, -0.6695862266508091, -0.6903698325741012, -0.6289321377282637, -0.5199930570428494, -0.4762535331884355, -0.4546928835341759, -0.4749551929631547, -0.5228787452803376, -0.6161846340195687]
"errorarray=[err_Y2X,err_Z2X,err_X2Y,err_Z2Y,err_Y2Z,err_X2Z]"
[[-0.9507819773298184, -0.9172146296835499, -1.0506099933550872, -Infinity, -Infinity, -1.0506099933550872], [-1.0362121726544447, -1.013228265733755, -1.1135092748275182, -Infinity, -Infinity, -1.1135092748275182], [-1.0087739243075051, -0.9913998282380825, -1.1249387366083, -Infinity, -Infinity, -1.1249387366083], [-1.00436480540245, -0.9746941347352298, -1.1135092748275182, -3.0, -2.6989700043360187, -1.1023729087095586], [-1.0969100130080565, -1.013228265733755, -1.1426675035687315, -1.9208187539523751, -2.154901959985743, -1.1191864077192086], [-1.0268721464003012, -0.8794260687941502, -1.1307682802690238, -1.431798275933005, -1.4814860601221125, -0.9871627752948278], [-0.9871627752948278, -0.6882461389442457, -1.080921907623926, -0.9956786262173574, -1.0757207139381184, -0.8416375079047503], [-1.136677139879544, -0.6675615400843947, -1.193820026016113, -0.8728952016351923, -0.9244530386074693, -0.7619538968712046], [-0.9625735020593764, -0.596879478824182, -1.013228265733755, -0.8601209135987634, -0.9100948885606021, -0.6595558851598816], [-1.0409586076789064, -0.6635402661514704, -1.0861861476162833, -0.8728952016351923, -0.8728952016351923, -0.7033348097384688], [-0.9625735020593764, -0.7304870557820837, -0.9746941347352298, -1.1135092748275182, -1.0915149811213503, -0.7520267336381934], [-1.0457574905606752, -0.8068754016455384, -1.0861861476162833, -1.207608310501746, -1.1135092748275182, -0.8124792791635369], [-1.031517051446065, -0.8538719643217619, -1.013228265733755, -1.214670164989233, -1.1023729087095586, -0.832682665251824], [-1.0555173278498313, -0.7399286120149252, -1.1079053973095196, -0.9546770212133425, -0.9244530386074693, -0.7670038896078462], [-1.013228265733755, -0.6536470255493614, -1.0268721464003012, -0.8013429130455774, -0.7721132953863264, -0.6903698325741012], [-1.0087739243075051, -0.645891560852599, -1.0177287669604316, -0.7399286120149252, -0.679853713888946, -0.623423042943488], [-0.978810700930062, -0.6635402661514704, -0.958607314841775, -0.7544873321858502, -0.6289321377282637, -0.6143937264016879], [-1.0268721464003012, -0.6840296545430823, -1.013228265733755, -0.7644715530924511, -0.6179829574251317, -0.638272163982407], [-0.9956786262173574, -0.7958800173440752, -1.0362121726544447, -0.8416375079047503, -0.6655462488490691, -0.8013429130455774], [-1.0705810742857071, -0.9136401693252518, -1.0604807473813815, -0.958607314841775, -0.7644715530924511, -0.9100948885606021]]
"Iter=[Iter_step_1,Iter_step_2 (continued)]"
[[0.0, 1.032], [0.0, 1.04], [0.0, 1.05], [0.003, 1.055], [0.004, 1.05], [0.027, 1.061], [0.107, 1.061], [0.288, 1.075], [0.469, 1.069], [0.661, 1.059], [0.851, 1.062], [0.931, 1.08], [0.954, 1.084], [0.982, 1.116], [0.987, 1.192], [0.988, 1.293], [1.0, 1.416], [1.009, 1.536], [1.025, 1.707], [1.027, 1.804]]
