"P Vs FER REPORT derate"
"---------------------------"
"N=512"
"sim ran :1000"
"Z max :0.5"
"Rate vs Block_error="
[0.01, 0.02, 0.03, 0.04, 0.05, 0.060000000000000005, 0.06999999999999999, 0.08, 0.09, 0.09999999999999999, 0.11, 0.12, 0.13, 0.14, 0.15000000000000002, 0.16, 0.17, 0.18000000000000002, 0.19, 0.2]
[412, 369, 338, 312, 289, 268, 252, 233, 221, 205, 190, 180, 167, 156, 146, 134, 126, 117, 109, 100]
[[-0.09437274494269615, -0.679853713888946], [-0.1422435948167704, -0.7495799976911061], [-0.180353260698176, -0.6989700043360187], [-0.21511536695738795, -0.7423214251308154], [-0.24837211821928287, -0.7144426909922262], [-0.2811351669470419, -0.7055337738384071], [-0.30786942019428665, -0.5800442515102421], [-0.3419140399498118, -0.5214335044061567], [-0.36487768729072007, -0.4089353929735008], [-0.39751609992007647, -0.43651891460558934], [-0.4305163600230018, -0.4841261562883209], [-0.4539974558725247, -0.393618634889395], [-0.4865534898282475, -0.41341269532824504], [-0.5161453626213691, -0.40782324260413316], [-0.5449171051913937, -0.3010299956639812], [-0.5821651626110231, -0.28903688100472424], [-0.6088994158582679, -0.23433144524098592], [-0.6410840992296691, -0.1752235375244543], [-0.6718434630352071, -0.1752235375244543], [-0.7092699609758307, -0.24260397120697585]]
"Time taken:2972.68911505"
