"RATE Vs FER REPORT Rateless Det Iter retro"
"------------------------------------------"
"Compound_plist:"
[0.03, 0.11, 0.17]
"sim ran :1000"
"T:9"
"N=512"
"Rate vs Block_error="
0.04
[0.01, 0.02, 0.03, 0.04, 0.05, 0.060000000000000005, 0.06999999999999999, 0.08, 0.09, 0.09999999999999999, 0.11, 0.12, 0.13, 0.14, 0.15000000000000002, 0.16, 0.17, 0.18000000000000002, 0.19, 0.2]
[1.6118085937500242, 1.611808593750024, 1.612289062500024, 1.611808593750024, 1.6151718750000243, 1.627183593750025, 1.6797148437500282, 1.7481015625000325, 1.8536445312500347, 1.942931640625037, 2.029781250000034, 2.0846796875000315, 2.122166015625026, 2.1537558593750257, 2.1802910156250244, 2.2248437500000207, 2.24855273437502, 2.279244140625017, 2.3126757812500127, 2.3511484375000054]
[-1.8860566476931633, -1.2365720064370627, -1.0087739243075051, -0.7594507517174003, -0.6478174818886375, -0.6439741428068773, -0.5985994592184558, -0.5331323796458906, -0.5718652059712112, -0.5867002359187481, -0.692503962086787, -0.7235381958267558, -0.7375489102695705, -0.7375489102695705, -0.8386319977650252, -0.9030899869919435, -0.9546770212133425, -0.978810700930062, -0.9281179926938746, -0.9030899869919435]
"errorarray=[err_Y2X,err_Z2X,err_X2Y,err_Z2Y,err_Y2Z,err_X2Z]"
[[-2.6989700043360187, -2.154901959985743, -Infinity, -Infinity, -Infinity, -2.221848749616356], [-3.0, -1.5086383061657274, -2.5228787452803374, -Infinity, -Infinity, -1.408935392973501], [-2.6989700043360187, -1.214670164989233, -3.0, -Infinity, -Infinity, -1.2676062401770314], [-2.3979400086720375, -1.0, -Infinity, -Infinity, -3.0, -1.0087739243075051], [-2.3979400086720375, -0.8827287043442358, -2.6989700043360187, -2.221848749616356, -2.0457574905606752, -0.8124792791635369], [-3.0, -0.8124792791635369, -2.6989700043360187, -1.4814860601221125, -1.6197887582883939, -0.8416375079047503], [-Infinity, -0.790484985457369, -Infinity, -1.1191864077192086, -1.1249387366083, -0.8096683018297085], [-2.6989700043360187, -0.6840296545430823, -3.0, -0.8239087409443188, -0.8538719643217619, -0.7144426909922262], [-2.5228787452803374, -0.7235381958267558, -Infinity, -0.7644715530924511, -0.7986028756795485, -0.7544873321858502], [-2.3979400086720375, -0.7721132953863264, -3.0, -0.785156151952302, -0.7328282715969863, -0.721246399047171], [-3.0, -0.8961962790440432, -Infinity, -0.8996294548824371, -0.7569619513137056, -0.7544873321858502], [-2.6989700043360187, -0.8860566476931632, -2.6989700043360187, -0.8860566476931632, -0.7878123955960422, -0.7931741239681502], [-2.6989700043360187, -0.9172146296835499, -2.6989700043360187, -0.9208187539523752, -0.7986028756795485, -0.8013429130455774], [-2.6989700043360187, -0.958607314841775, -2.5228787452803374, -0.9546770212133425, -0.790484985457369, -0.7958800173440752], [-2.6989700043360187, -1.0506099933550872, -3.0, -1.0506099933550872, -0.8860566476931632, -0.889410289700751], [-2.6989700043360187, -1.1426675035687315, -3.0, -1.1426675035687315, -0.9355420107730815, -0.9430951486635274], [-Infinity, -1.2441251443275085, -3.0, -1.2441251443275085, -0.9829666607012196, -0.9829666607012196], [-2.5228787452803374, -1.2676062401770314, -2.6989700043360187, -1.2676062401770314, -1.00436480540245, -1.013228265733755], [-2.5228787452803374, -1.207608310501746, -3.0, -1.207608310501746, -0.9706162223147904, -0.978810700930062], [-2.221848749616356, -1.154901959985743, -2.6989700043360187, -1.1611509092627446, -0.9393021596463883, -0.958607314841775]]
"Iter=[Iter_step_1,Iter_step_2 (continued)]"
[[0.0, 0.0], [0.0, 0.0], [0.0, 0.0], [0.0, 0.001], [0.0, 0.007], [0.0, 0.031], [0.0, 0.142], [0.0, 0.286], [0.0, 0.513], [0.001, 0.715], [0.0, 0.923], [0.0, 1.094], [0.001, 1.249], [0.001, 1.396], [0.001, 1.543], [0.0, 1.727], [0.001, 1.807], [0.001, 1.886], [0.0, 1.934], [0.0, 1.959]]
