"RATE Vs FER REPORT Rateless Det Iter retro"
"------------------------------------------"
"Compound_plist:"
[0.03, 0.11, 0.17]
"sim ran :1000"
"T:150"
"N=8192"
"Rate vs Block_error="
0.11
[0.01, 0.02, 0.03, 0.04, 0.05, 0.060000000000000005, 0.06999999999999999, 0.08, 0.09, 0.09999999999999999, 0.11, 0.12, 0.13, 0.14, 0.15000000000000002, 0.16, 0.17, 0.18000000000000002, 0.19, 0.2]
[2.068104736328158, 2.065436767578158, 2.0687717285156584, 2.0686049804687827, 2.073855957031282, 2.1077719726562716, 2.259104736328119, 2.3130190429687425, 2.3166040039062428, 2.3172709960937414, 2.327025756835928, 2.361709350585922, 2.425463256835913, 2.4804135742187206, 2.5197576904296572, 2.6018138427734145, 2.695512329101547, 2.7556722412109282, 2.7709399414062417, 2.77339636230468]
[-1.7212463990471711, -1.6382721639824072, -1.6382721639824072, -1.5686362358410126, -1.6197887582883939, -0.9430951486635274, -0.8416375079047503, -1.3872161432802645, -1.5528419686577808, -1.3767507096020994, -1.1487416512809248, -0.9100948885606021, -0.8153085691824012, -1.0915149811213503, -1.3279021420642825, -1.1611509092627446, -1.214670164989233, -1.3279021420642825, -1.4202164033831899, -1.5528419686577808]
"errorarray=[err_Y2X,err_Z2X,err_X2Y,err_Z2Y,err_Y2Z,err_X2Z]"
[[-1.7212463990471711, -1.7212463990471711, -Infinity, -Infinity, -Infinity, -Infinity], [-1.6382721639824072, -1.6382721639824072, -3.0, -Infinity, -Infinity, -3.0], [-1.6575773191777938, -1.6575773191777938, -2.6989700043360187, -Infinity, -Infinity, -2.6989700043360187], [-1.585026652029182, -1.585026652029182, -2.154901959985743, -Infinity, -Infinity, -2.154901959985743], [-1.744727494896694, -1.6575773191777938, -3.0, -2.3010299956639813, -2.6989700043360187, -2.5228787452803374], [-1.9208187539523751, -1.1739251972991736, -2.5228787452803374, -1.2596373105057561, -1.3187587626244128, -1.3279021420642825], [-1.8239087409443189, -1.1079053973095196, -1.853871964321762, -1.193820026016113, -1.2596373105057561, -1.1870866433571443], [-1.744727494896694, -1.7212463990471711, -1.6197887582883939, -3.0, -Infinity, -1.6197887582883939], [-1.8239087409443189, -1.8239087409443189, -1.9208187539523751, -Infinity, -3.0, -1.8860566476931633], [-1.7958800173440752, -1.6575773191777938, -1.8239087409443189, -2.221848749616356, -2.221848749616356, -1.6777807052660807], [-1.6989700043360187, -1.3767507096020994, -1.6989700043360187, -1.6575773191777938, -1.7958800173440752, -1.4685210829577449], [-1.8860566476931633, -1.080921907623926, -1.9208187539523751, -1.154901959985743, -1.3098039199714864, -1.2218487496163564], [-1.6575773191777938, -1.0087739243075051, -1.6989700043360187, -1.1191864077192086, -1.1307682802690238, -1.0362121726544447], [-1.853871964321762, -1.4202164033831899, -1.585026652029182, -1.585026652029182, -1.5528419686577808, -1.275724130399211], [-1.958607314841775, -1.958607314841775, -1.8239087409443189, -Infinity, -1.6382721639824072, -1.4559319556497243], [-1.8860566476931633, -2.154901959985743, -1.8239087409443189, -2.3979400086720375, -1.3187587626244128, -1.337242168318426], [-1.853871964321762, -2.3010299956639813, -1.7958800173440752, -2.6989700043360187, -1.3665315444204136, -1.4685210829577449], [-1.7958800173440752, -3.0, -1.744727494896694, -3.0, -1.5086383061657274, -1.8239087409443189], [-1.6382721639824072, -Infinity, -1.7212463990471711, -Infinity, -1.6197887582883939, -3.0], [-1.744727494896694, -Infinity, -1.853871964321762, -Infinity, -1.744727494896694, -Infinity]]
"Iter=[Iter_step_1,Iter_step_2 (continued)]"
[[0.0, 1.079], [0.0, 1.063], [0.0, 1.083], [0.0, 1.082], [0.013, 1.094], [0.154, 1.086], [0.764, 1.079], [0.999, 1.05], [1.002, 1.069], [1.0, 1.074], [1.005, 1.13], [1.013, 1.334], [1.043, 1.696], [1.074, 1.946], [1.075, 2.0], [1.063, 2.0], [1.059, 2.0], [1.069, 2.0], [1.06, 2.0], [1.061, 2.0]]
[[6347.957, 6290.613, 4303.344], [6337.029, 6285.829, 4297.2], [6350.689, 6348.641, 4248.048], [6350.006, 6347.958, 4248.048], [6358.202, 6358.202, 4272.624], [6352.738, 6352.738, 4561.392], [6347.957, 6347.957, 5810.672], [6328.15, 6328.15, 6291.952], [6341.127, 6341.127, 6295.366], [6336.346, 6344.542, 6302.196], [6346.591, 6382.79, 6333.614], [6343.859, 6522.122, 6481.142], [6343.859, 6767.319, 6748.878], [6348.64, 6915.53, 6936.02], [6345.225, 6884.795, 6977.0], [6337.029, 6707.898, 6977.0], [6334.297, 6502.315, 6977.0], [6341.127, 6382.107, 6977.0], [6334.98, 6340.444, 6977.0], [6335.663, 6335.663, 6977.0]]
