"RATE Vs FER REPORT Rateless Det Iter retro"
"------------------------------------------"
"Compound_plist:"
[0.03, 0.11, 0.17]
"sim ran :1000"
"T:9"
"N=512"
"Rate vs Block_error="
0.05
[0.05, 0.060000000000000005, 0.07, 0.08000000000000002, 0.09000000000000001, 0.1, 0.11000000000000001, 0.12000000000000001, 0.13, 0.14, 0.15000000000000002, 0.16000000000000003, 0.17000000000000004, 0.18000000000000005, 0.19, 0.2]
[1.5710859375000032, 1.5941484375000021, 1.64555859375, 1.7430937499999948, 1.8447128906249888, 1.946091796874983, 1.9995039062499798, 2.0215253906249804, 2.038742187499981, 2.052835937499982, 2.0696523437499805, 2.0851074218749814, 2.113775390624978, 2.133554687499976, 2.164544921874975, 2.1812812499999708]
[-1.7958800173440752, -1.3010299956639813, -1.0757207139381184, -0.9281179926938746, -0.832682665251824, -0.9546770212133425, -1.1739251972991736, -1.0915149811213503, -1.136677139879544, -1.0555173278498313, -0.832682665251824, -0.8210230527068306, -0.7721132953863264, -0.721246399047171, -0.6736641390712486, -0.6439741428068773]
