"RATE Vs FER REPORT Rateless Det Iter retro"
"------------------------------------------"
"Compound_plist:"
[0.03, 0.11, 0.17]
"sim ran :1000"
"T:9"
"N=512"
"Rate vs Block_error="
0.02
[0.02, 0.030000000000000002, 0.04000000000000001, 0.05, 0.06000000000000001, 0.07, 0.08000000000000002, 0.09000000000000001, 0.10000000000000002, 0.11000000000000003, 0.12000000000000002, 0.13, 0.14, 0.15000000000000002, 0.16, 0.17, 0.18000000000000002, 0.19000000000000003, 0.2]
[1.5585937500000033, 1.5585937500000033, 1.5595546875000033, 1.564839843750003, 1.5821367187500022, 1.6421953124999993, 1.7286796874999952, 1.8401484374999881, 1.928714843749983, 1.98589062499998, 2.0243281249999803, 2.0336171874999804, 2.0502734374999805, 2.064687499999981, 2.0834257812499795, 2.108410156249979, 2.1341953124999766, 2.1594999999999716, 2.173593749999971]
[-Infinity, -Infinity, -3.0, -2.0, -1.585026652029182, -1.1307682802690238, -0.9746941347352298, -0.8386319977650252, -0.9956786262173574, -1.0604807473813815, -1.3279021420642825, -1.2006594505464183, -1.154901959985743, -0.9318141382538383, -0.832682665251824, -0.7986028756795485, -0.707743928643524, -0.7166987712964503, -0.6090648928966209]
