"RATE Vs FER REPORT Rateless Det Iter retro"
"------------------------------------------"
"Compound_plist:"
[0.03, 0.11, 0.17]
"sim ran :1000"
"T:9"
"N=512"
"Rate vs Block_error="
0.01
[0.01, 0.02, 0.03, 0.04, 0.05, 0.060000000000000005, 0.06999999999999999, 0.08, 0.09, 0.09999999999999999, 0.11, 0.12, 0.13, 0.14, 0.15000000000000002, 0.16, 0.17, 0.18000000000000002, 0.19, 0.2]
[1.5585937500000033, 1.5585937500000033, 1.5590742187500033, 1.5590742187500033, 1.5653203125000033, 1.5797343750000024, 1.6239374999999998, 1.7147460937499956, 1.820929687499989, 1.9261523437499832, 1.9876523437499798, 2.02208593749998, 2.034738281249981, 2.051234374999981, 2.0651679687499813, 2.0907929687499798, 2.10520703124998, 2.1378789062499752, 2.1554960937499725, 2.17567578124997]
[-Infinity, -Infinity, -Infinity, -2.6989700043360187, -1.853871964321762, -1.5228787452803376, -1.0915149811213503, -0.9469215565165803, -0.8860566476931632, -1.00436480540245, -1.136677139879544, -1.2839966563652008, -1.1870866433571443, -1.0177287669604316, -0.9172146296835499, -0.7520267336381934, -0.7471469690201069, -0.8124792791635369, -0.6861327796308466, -0.6108339156354675]
