"RATE Vs FER REPORT Rateless Det Iter retro"
"------------------------------------------"
"Compound_plist:"
[0.03, 0.11, 0.17]
"sim ran :1000"
"T:9"
"N=512"
"Rate vs Block_error="
0.09999999999999999
[0.01, 0.02, 0.03, 0.04, 0.05, 0.060000000000000005, 0.06999999999999999, 0.08, 0.09, 0.09999999999999999, 0.11, 0.12, 0.13, 0.14, 0.15000000000000002, 0.16, 0.17, 0.18000000000000002, 0.19, 0.2]
[1.919789062500035, 1.9274765625000339, 1.9257148437500367, 1.9313203125000364, 1.936285156250036, 1.9482167968750341, 1.9891367187500315, 2.0493554687500217, 2.1170214843750066, 2.1838867187499953, 2.2512324218749873, 2.2646855468749836, 2.277097656249984, 2.2802207031249817, 2.2630839843749855, 2.245226562499986, 2.2171992187499843, 2.2119941406249866, 2.193736328124988, 2.155058593749987]
[-0.6055483191737837, -0.638272163982407, -0.6252516539898961, -0.6840296545430823, -0.6635402661514704, -0.585026652029182, -0.5287082889410615, -0.43415218132648237, -0.38827669199265824, -0.3645162531850879, -0.48678239993206096, -0.5044556624535516, -0.4749551929631547, -0.4412914294668343, -0.40120949323688493, -0.2915790998652873, -0.20204035626280387, -0.1444808443321999, -0.07987667370927608, -0.04191415147891488]
