"RATE Vs FER REPORT Rateless Det Iter retro"
"------------------------------------------"
"Compound_plist:"
[0.03, 0.07, 0.11, 0.15, 0.19]
"sim ran :1000"
"T:128"
"N=1024"
"Rate vs Block_error="
0.19
[0.01, 0.02, 0.03, 0.04, 0.05, 0.060000000000000005, 0.06999999999999999, 0.08, 0.09, 0.09999999999999999, 0.11, 0.12, 0.13, 0.14, 0.15000000000000002, 0.16, 0.17, 0.18000000000000002, 0.19, 0.2]
[2.5751523437500117, 2.572578125000012, 2.576753906250016, 2.5767773437500123, 2.583406250000014, 2.599011718750018, 2.6513046875000073, 2.725976562500001, 2.7883632812499957, 2.811980468749998, 2.828330078124991, 2.8276679687499953, 2.8319394531249937, 2.833240234374996, 2.8504082031249993, 2.8671855468749943, 2.8920976562499976, 2.9137304687500025, 2.934792968750002, 2.9558046875000117]
[-1.0555173278498313, -1.0757207139381184, -1.0268721464003012, -1.193820026016113, -1.1079053973095196, -0.8239087409443188, -0.6819366650372385, -0.6819366650372385, -0.7695510786217261, -0.8961962790440432, -1.080921907623926, -0.9913998282380825, -0.978810700930062, -0.7931741239681502, -0.7471469690201069, -0.6307841425898572, -0.6615435063953952, -0.6090648928966209, -0.5702477199975919, -0.5157001606532141]
"errorarray=[err_Y2X,err_Z2X,err_X2Y,err_Z2Y,err_Y2Z,err_X2Z]"
[[-1.0555173278498313, -1.0555173278498313, -Infinity, -Infinity, -Infinity, -Infinity], [-1.080921907623926, -1.080921907623926, -3.0, -Infinity, -Infinity, -3.0], [-1.031517051446065, -1.031517051446065, -3.0, -Infinity, -Infinity, -3.0], [-1.193820026016113, -1.193820026016113, -2.6989700043360187, -Infinity, -Infinity, -2.6989700043360187], [-1.193820026016113, -1.1426675035687315, -2.6989700043360187, -2.0457574905606752, -2.154901959985743, -2.3010299956639813], [-1.1079053973095196, -0.9355420107730815, -3.0, -1.3872161432802645, -1.4436974992327127, -1.6197887582883939], [-1.1804560644581312, -0.8794260687941502, -2.0457574905606752, -1.1611509092627446, -1.1611509092627446, -1.337242168318426], [-1.207608310501746, -0.906578314837765, -1.8239087409443189, -1.1804560644581312, -1.1191864077192086, -1.2365720064370627], [-1.0655015487564323, -0.906578314837765, -1.853871964321762, -1.3872161432802645, -1.4436974992327127, -1.431798275933005], [-1.0861861476162833, -1.0362121726544447, -1.6575773191777938, -1.958607314841775, -1.7695510786217261, -1.4685210829577449], [-1.1870866433571443, -1.1674910872937636, -1.7958800173440752, -2.5228787452803374, -3.0, -1.7695510786217261], [-1.080921907623926, -1.0604807473813815, -1.853871964321762, -2.3979400086720375, -2.6989700043360187, -1.7958800173440752], [-1.1191864077192086, -1.0915149811213503, -1.744727494896694, -2.221848749616356, -2.0457574905606752, -1.5686362358410126], [-1.0757207139381184, -0.9746941347352298, -1.6197887582883939, -1.6020599913279623, -1.4436974992327127, -1.2218487496163564], [-1.2365720064370627, -0.958607314841775, -1.4814860601221125, -1.2839966563652008, -1.3665315444204136, -1.1249387366083], [-1.1191864077192086, -0.8386319977650252, -1.4814860601221125, -1.1307682802690238, -1.207608310501746, -1.031517051446065], [-1.2291479883578558, -0.9136401693252518, -1.337242168318426, -1.1804560644581312, -1.2006594505464183, -0.9746941347352298], [-1.1611509092627446, -0.8446639625349383, -1.2518119729937995, -1.1023729087095586, -1.136677139879544, -0.9100948885606021], [-1.2006594505464183, -0.7986028756795485, -1.193820026016113, -1.00436480540245, -1.031517051446065, -0.8210230527068306], [-1.1249387366083, -0.7033348097384688, -1.2218487496163564, -0.889410289700751, -0.8386319977650252, -0.6989700043360187]]
"Iter=[Iter_step_1,Iter_step_2 (continued)]"
[[0.0, 2.455], [0.0, 2.442], [0.0, 2.475], [0.001, 2.471], [0.02, 2.496], [0.095, 2.473], [0.302, 2.474], [0.603, 2.48], [0.858, 2.459], [0.962, 2.449], [1.002, 2.518], [1.014, 2.505], [1.033, 2.532], [1.107, 2.466], [1.249, 2.527], [1.415, 2.549], [1.678, 2.592], [1.888, 2.667], [2.06, 2.793], [2.228, 2.95]]
"Time taken:81962.4059491"
