"RATE Vs FER REPORT Rateless Det Iter retro"
"------------------------------------------"
"Compound_plist:"
[0.03, 0.11, 0.17]
"sim ran :1000"
"T:9"
"N=512"
"Rate vs Block_error="
0.060000000000000005
[0.060000000000000005, 0.07, 0.08, 0.09, 0.1, 0.11000000000000001, 0.12, 0.13, 0.14, 0.15, 0.16, 0.17, 0.18, 0.19, 0.2]
[1.639072265625002, 1.679431640625, 1.7594296874999953, 1.85384179687499, 1.947693359374985, 2.0071914062499827, 2.034818359374983, 2.052996093749984, 2.0656484374999837, 2.0792617187499847, 2.0941562499999833, 2.12162304687498, 2.152533203124981, 2.1703906249999765, 2.191130859374972]
[-1.1191864077192086, -0.9546770212133425, -0.8356471442155629, -0.8153085691824012, -0.8996294548824371, -1.0222763947111522, -1.0705810742857071, -1.0362121726544447, -0.9318141382538383, -0.8416375079047503, -0.721246399047171, -0.6882461389442457, -0.6903698325741012, -0.679853713888946, -0.6108339156354675]
