"P Vs FER REPORT derate"
"---------------------------"
"N=512"
"sim ran :1000"
"Z max :0.03"
"Rate vs Block_error="
[0.01, 0.02, 0.03, 0.04, 0.05, 0.060000000000000005, 0.06999999999999999, 0.08, 0.09, 0.09999999999999999, 0.11, 0.12, 0.13, 0.14, 0.15000000000000002, 0.16, 0.17, 0.18000000000000002, 0.19, 0.2]
[359, 308, 278, 247, 225, 206, 187, 174, 158, 145, 133, 123, 115, 103, 96, 87, 80, 72, 67, 61]
[-2.0969100130080562, -2.3010299956639813, -2.6989700043360187, -2.3010299956639813, -2.221848749616356, -2.221848749616356, -2.3979400086720375, -2.0969100130080562, -2.5228787452803374, -1.7695510786217261, -1.6989700043360187, -1.5228787452803376, -1.1739251972991736, -1.494850021680094, -1.4685210829577449, -1.6575773191777938, -2.0, -1.7695510786217261, -1.494850021680094, -1.5086383061657274]
"Time taken:1539.06348896"
