"RATE Vs FER REPORT Rateless Det Iter retro"
"------------------------------------------"
"Compound_plist:"
[0.03, 0.11, 0.17]
"sim ran :1000"
"T:150"
"N=8192"
"Rate vs Block_error="
0.17
[0.01, 0.02, 0.03, 0.04, 0.05, 0.060000000000000005, 0.06999999999999999, 0.08, 0.09, 0.09999999999999999, 0.11, 0.12, 0.13, 0.14, 0.15000000000000002, 0.16, 0.17, 0.18000000000000002, 0.19, 0.2]
[2.436737060546877, 2.4287280273437575, 2.438220214843752, 2.440593261718751, 2.4425466308593773, 2.4799365234375, 2.630796630859365, 2.6929960937499815, 2.686523803710918, 2.691936889648418, 2.6956597900390484, 2.716764770507814, 2.738400024414087, 2.769659912109419, 2.789225341796921, 2.832106933593787, 2.9024084472656484, 2.940822143554709, 2.956395263671893, 2.953132324218768]
[-1.431798275933005, -1.4685210829577449, -1.4436974992327127, -1.537602002101044, -1.5228787452803376, -0.8696662315049939, -0.7772835288524167, -1.5086383061657274, -1.431798275933005, -1.5086383061657274, -1.2218487496163564, -0.8210230527068306, -0.7304870557820837, -0.9871627752948278, -0.9913998282380825, -0.8961962790440432, -0.9030899869919435, -1.0362121726544447, -1.2518119729937995, -1.0757207139381184]
"errorarray=[err_Y2X,err_Z2X,err_X2Y,err_Z2Y,err_Y2Z,err_X2Z]"
[[-1.431798275933005, -1.431798275933005, -Infinity, -Infinity, -Infinity, -Infinity], [-1.4685210829577449, -1.4685210829577449, -Infinity, -Infinity, -Infinity, -Infinity], [-1.4436974992327127, -1.4436974992327127, -Infinity, -Infinity, -Infinity, -Infinity], [-1.537602002101044, -1.537602002101044, -3.0, -Infinity, -Infinity, -3.0], [-1.5528419686577808, -1.5228787452803376, -Infinity, -2.6989700043360187, -Infinity, -Infinity], [-1.5086383061657274, -1.0915149811213503, -Infinity, -1.3010299956639813, -1.2218487496163564, -1.853871964321762], [-1.3979400086720375, -0.978810700930062, -Infinity, -1.1739251972991736, -1.1870866433571443, -1.5686362358410126], [-1.5686362358410126, -1.5686362358410126, -Infinity, -Infinity, -2.3979400086720375, -3.0], [-1.4436974992327127, -1.4436974992327127, -Infinity, -Infinity, -3.0, -Infinity], [-1.5686362358410126, -1.5228787452803376, -3.0, -2.5228787452803374, -Infinity, -3.0], [-1.5528419686577808, -1.3467874862246563, -2.6989700043360187, -1.744727494896694, -1.8239087409443189, -2.221848749616356], [-1.4202164033831899, -1.00436480540245, -1.958607314841775, -1.2006594505464183, -1.2365720064370627, -1.7212463990471711], [-1.4559319556497243, -0.958607314841775, -1.6575773191777938, -1.1079053973095196, -1.0555173278498313, -1.3872161432802645], [-1.6197887582883939, -1.2596373105057561, -1.5228787452803376, -1.4685210829577449, -1.5686362358410126, -1.4559319556497243], [-1.494850021680094, -1.408935392973501, -1.4685210829577449, -1.853871964321762, -1.5086383061657274, -1.4685210829577449], [-1.5086383061657274, -1.2839966563652008, -1.4436974992327127, -1.6020599913279623, -1.3767507096020994, -1.4436974992327127], [-1.431798275933005, -1.3565473235138126, -1.6382721639824072, -1.4685210829577449, -1.1804560644581312, -1.6197887582883939], [-1.6020599913279623, -1.7958800173440752, -1.3565473235138126, -1.9208187539523751, -1.4685210829577449, -2.154901959985743], [-1.6197887582883939, -2.6989700043360187, -1.5228787452803376, -2.6989700043360187, -1.6020599913279623, -Infinity], [-1.3872161432802645, -Infinity, -1.3665315444204136, -Infinity, -1.3767507096020994, -Infinity]]
"Iter=[Iter_step_1,Iter_step_2 (continued)]"
[[0.0, 2.0], [0.0, 2.0], [0.0, 2.0], [0.0, 2.0], [0.009, 2.0], [0.155, 2.0], [0.762, 2.0], [0.993, 2.0], [1.001, 2.0], [1.009, 2.0], [1.075, 2.0], [1.289, 2.0], [1.641, 2.0], [1.943, 2.0], [1.998, 2.0], [2.0, 2.0], [2.0, 2.0], [2.0, 2.0], [2.0, 2.0], [2.0, 2.0]]
[[6977.0, 4939.674, 4303.351], [6977.0, 5048.914, 4267.848], [6977.0, 4980.639, 4248.731], [6977.0, 4961.522, 4246.0], [6977.0, 4980.637, 4264.432], [6977.0, 5195.676, 4563.44], [6977.0, 6129.565, 5806.576], [6977.0, 6451.096, 6279.664], [6977.0, 6483.191, 6294.683], [6977.0, 6474.995, 6300.147], [6977.0, 6513.243, 6345.225], [6977.0, 6612.278, 6491.387], [6977.0, 6793.273, 6731.803], [6977.0, 6948.314, 6938.069], [6977.0, 6976.317, 6975.634], [6977.0, 6977.0, 6977.0], [6977.0, 6977.0, 6977.0], [6977.0, 6977.0, 6977.0], [6977.0, 6977.0, 6977.0], [6977.0, 6977.0, 6977.0]]
"Time taken:970399.820659"
