"RATE Vs FER REPORT Rateless Det Iter retro"
"------------------------------------------"
"Compound_plist:"
[0.03, 0.11, 0.17]
"sim ran :1000"
"T:9"
"N=512"
"Rate vs Block_error="
0.01
[0.01, 0.02, 0.03, 0.04, 0.05, 0.060000000000000005, 0.06999999999999999, 0.08, 0.09, 0.09999999999999999, 0.11, 0.12, 0.13, 0.14, 0.15000000000000002, 0.16, 0.17, 0.18000000000000002, 0.19, 0.2]
[1.611328125000024, 1.611328125000024, 1.611328125000024, 1.611328125000024, 1.6127695312500239, 1.621898437500024, 1.6550507812500264, 1.7357695312500308, 1.829140625000033, 1.9332421875000374, 2.006593750000038, 2.0570429687500322, 2.0887539062500284, 2.103648437500027, 2.1270312500000266, 2.144648437500025, 2.162105468750027, 2.161144531250026, 2.1491328125000297, 2.11614062500003]
[-Infinity, -Infinity, -2.6989700043360187, -1.853871964321762, -1.1804560644581312, -0.8181564120552275, -0.5783960731301689, -0.4962093169428189, -0.4698003017969178, -0.6020599913279624, -0.7721132953863264, -0.9281179926938746, -0.958607314841775, -0.8297382846050426, -0.8096683018297085, -0.7304870557820837, -0.7931741239681502, -0.6861327796308466, -0.638272163982407, -0.5606673061697374]
