"RATE Vs FER REPORT Rateless Det Iter retro"
"------------------------------------------"
"Compound_plist:"
[0.03, 0.11, 0.19]
"sim ran :1000"
"T:9"
"N=512"
"Rate vs Block_error="
0.11
[0.01, 0.02, 0.03, 0.04, 0.05, 0.060000000000000005, 0.06999999999999999, 0.08, 0.09, 0.09999999999999999, 0.11, 0.12, 0.13, 0.14, 0.15000000000000002, 0.16, 0.17, 0.18000000000000002, 0.19, 0.2]
[2.008515625000036, 2.011878906250036, 2.0214882812500363, 2.014041015625036, 2.024451171875036, 2.0257324218750328, 2.0560019531250253, 2.0882734375000163, 2.157460937499998, 2.212554687499982, 2.248830078124977, 2.287507812499971, 2.28966992187497, 2.3064062499999705, 2.315429687499973, 2.332345703124974, 2.3577851562499768, 2.3945234374999838, 2.4226816406249907, 2.455117187499996]
[-0.8356471442155629, -0.8569851997459049, -0.8860566476931632, -0.8996294548824371, -0.9208187539523752, -0.7986028756795485, -0.5934598195660448, -0.4559319556497244, -0.4412914294668343, -0.4559319556497244, -0.5157001606532141, -0.6420651529995461, -0.6575773191777937, -0.5917600346881504, -0.5243288116755703, -0.4841261562883209, -0.46092390120722343, -0.4814860601221125, -0.48280410205002566, -0.5171264163912462]
"errorarray=[err_Y2X,err_Z2X,err_X2Y,err_Z2Y,err_Y2Z,err_X2Z]"
[[-1.013228265733755, -0.9829666607012196, -0.9546770212133425, -Infinity, -Infinity, -0.9281179926938746], [-0.9746941347352298, -0.9507819773298184, -1.0457574905606752, -Infinity, -Infinity, -1.00436480540245], [-1.013228265733755, -1.0, -1.031517051446065, -Infinity, -Infinity, -1.00436480540245], [-0.9706162223147904, -0.9625735020593764, -1.0861861476162833, -Infinity, -2.6989700043360187, -1.0757207139381184], [-1.0757207139381184, -1.0362121726544447, -1.1307682802690238, -2.0457574905606752, -2.0, -1.0655015487564323], [-1.1249387366083, -0.9507819773298184, -1.0969100130080565, -1.4559319556497243, -1.431798275933005, -0.9871627752948278], [-1.0555173278498313, -0.785156151952302, -1.0757207139381184, -1.1307682802690238, -1.0177287669604316, -0.7986028756795485], [-1.0362121726544447, -0.632644078973981, -1.0362121726544447, -0.8569851997459049, -0.8041003475907662, -0.632644078973981], [-1.0915149811213503, -0.6090648928966209, -1.136677139879544, -0.8601209135987634, -0.8446639625349383, -0.6695862266508091], [-1.0457574905606752, -0.6108339156354675, -1.0757207139381184, -0.9244530386074693, -0.8761483590329142, -0.632644078973981], [-1.0555173278498313, -0.6736641390712486, -1.080921907623926, -0.9829666607012196, -0.9281179926938746, -0.6716203965612623], [-1.1307682802690238, -0.7798919119599449, -1.1307682802690238, -1.136677139879544, -1.0705810742857071, -0.7375489102695705], [-1.0861861476162833, -0.8210230527068306, -1.1426675035687315, -1.2006594505464183, -1.080921907623926, -0.7986028756795485], [-1.1023729087095586, -0.728158393463501, -1.1674910872937636, -0.9829666607012196, -0.9281179926938746, -0.7189666327522725], [-1.0409586076789064, -0.6575773191777937, -1.0655015487564323, -0.8446639625349383, -0.8569851997459049, -0.6695862266508091], [-1.0409586076789064, -0.623423042943488, -1.0268721464003012, -0.7670038896078462, -0.7423214251308154, -0.5985994592184558], [-1.1079053973095196, -0.6161846340195687, -1.1079053973095196, -0.692503962086787, -0.6497519816658371, -0.5767541260631921], [-1.136677139879544, -0.6307841425898572, -1.1426675035687315, -0.7351821769904635, -0.6777807052660807, -0.596879478824182], [-1.031517051446065, -0.6536470255493614, -1.0222763947111522, -0.7746907182741372, -0.6861327796308466, -0.585026652029182], [-1.0915149811213503, -0.6989700043360187, -1.1023729087095586, -0.8124792791635369, -0.6903698325741012, -0.6143937264016879]]
"Iter=[Iter_step_1,Iter_step_2 (continued)]"
[[0.0, 0.828], [0.0, 0.835], [0.0, 0.855], [0.001, 0.839], [0.005, 0.86], [0.029, 0.85], [0.103, 0.876], [0.212, 0.888], [0.436, 0.92], [0.592, 0.956], [0.709, 0.976], [0.824, 1.002], [0.823, 1.017], [0.858, 1.056], [0.84, 1.135], [0.827, 1.256], [0.852, 1.37], [0.842, 1.574], [0.831, 1.702], [0.84, 1.808]]
[[376.68, 376.68, 275.0], [377.541, 377.172, 275.369], [380.001, 379.755, 275.246], [378.033, 377.787, 275.369], [380.452, 380.452, 275.615], [379.181, 378.689, 279.305], [382.133, 380.903, 289.637], [382.338, 381.231, 305.627], [384.921, 383.691, 336.008], [385.372, 387.586, 359.87], [384.183, 389.718, 377.5], [385.782, 394.105, 391.317], [382.543, 394.228, 395.54], [385.044, 397.385, 398.451], [384.388, 398.574, 401.977], [383.076, 402.633, 407.02], [389.308, 403.822, 411.94], [386.561, 412.514, 420.632], [386.11, 415.22, 426.003], [385.577, 417.188, 430.103]]
