"RATE Vs FER REPORT Rateless Det Iter retro"
"------------------------------------------"
"Compound_plist:"
[0.03, 0.11, 0.17]
"sim ran :1000"
"T:9"
"N=512"
"Rate vs Block_error="
0.04
[0.01, 0.02, 0.03, 0.04, 0.05, 0.060000000000000005, 0.06999999999999999, 0.08, 0.09, 0.09999999999999999, 0.11, 0.12, 0.13, 0.14, 0.15000000000000002, 0.16, 0.17, 0.18000000000000002, 0.19, 0.2]
[1.611328125000024, 1.611808593750024, 1.611328125000024, 1.613250000000024, 1.6161328125000243, 1.6305468750000252, 1.6612968750000265, 1.7412148437500312, 1.8349062500000348, 1.9423710937500362, 2.028099609375035, 2.088478515625029, 2.1219707031250254, 2.153585937500025, 2.1847792968750235, 2.2265703125000216, 2.2572324218750195, 2.279718750000017, 2.3093027343750125, 2.352349609375006]
[-1.744727494896694, -1.3565473235138126, -0.9625735020593764, -0.7375489102695705, -0.6635402661514704, -0.6003262785189618, -0.595166283380062, -0.5376020021010439, -0.5466816599529624, -0.6143937264016879, -0.7189666327522725, -0.7721132953863264, -0.7189666327522725, -0.7375489102695705, -0.7798919119599449, -0.9172146296835499, -0.906578314837765, -0.9706162223147904, -0.9469215565165803, -0.8538719643217619]
"errorarray=[err_Y2X,err_Z2X,err_X2Y,err_Z2Y,err_Y2Z,err_X2Z]"
[[-2.5228787452803374, -2.0969100130080562, -2.5228787452803374, -Infinity, -Infinity, -1.9208187539523751], [-2.5228787452803374, -1.6197887582883939, -2.6989700043360187, -Infinity, -Infinity, -1.5528419686577808], [-3.0, -1.1870866433571443, -2.5228787452803374, -Infinity, -Infinity, -1.1487416512809248], [-3.0, -0.9546770212133425, -3.0, -Infinity, -3.0, -0.9244530386074693], [-Infinity, -0.8569851997459049, -Infinity, -1.958607314841775, -2.3010299956639813, -0.8927900303521317], [-3.0, -0.826813731587726, -Infinity, -1.4685210829577449, -1.337242168318426, -0.7772835288524167], [-3.0, -0.7931741239681502, -Infinity, -1.1135092748275182, -1.0969100130080565, -0.7931741239681502], [-Infinity, -0.7471469690201069, -3.0, -0.8632794328435931, -0.8356471442155629, -0.7189666327522725], [-3.0, -0.7055337738384071, -2.5228787452803374, -0.7471469690201069, -0.7375489102695705, -0.6946486305533762], [-2.6989700043360187, -0.7746907182741372, -3.0, -0.7931741239681502, -0.7878123955960422, -0.7695510786217261], [-3.0, -0.8446639625349383, -3.0, -0.8538719643217619, -0.8181564120552275, -0.8096683018297085], [-2.6989700043360187, -0.9136401693252518, -3.0, -0.9172146296835499, -0.8538719643217619, -0.8507808873446201], [-3.0, -0.9136401693252518, -Infinity, -0.9136401693252518, -0.7746907182741372, -0.7772835288524167], [-2.6989700043360187, -0.9318141382538383, -2.6989700043360187, -0.9318141382538383, -0.8096683018297085, -0.8153085691824012], [-2.6989700043360187, -1.00436480540245, -3.0, -1.00436480540245, -0.832682665251824, -0.8386319977650252], [-3.0, -1.207608310501746, -Infinity, -1.207608310501746, -0.9355420107730815, -0.9393021596463883], [-3.0, -1.1804560644581312, -3.0, -1.1739251972991736, -0.9393021596463883, -0.9430951486635274], [-Infinity, -1.207608310501746, -2.5228787452803374, -1.214670164989233, -1.0, -1.0], [-2.6989700043360187, -1.214670164989233, -2.5228787452803374, -1.207608310501746, -0.978810700930062, -0.9871627752948278], [-2.6989700043360187, -1.136677139879544, -2.5228787452803374, -1.136677139879544, -0.8827287043442358, -0.8860566476931632]]
"Iter=[Iter_step_1,Iter_step_2 (continued)]"
[[0.0, 0.0], [0.0, 0.001], [0.0, 0.0], [0.0, 0.004], [0.0, 0.01], [0.0, 0.04], [0.0, 0.104], [0.0, 0.273], [0.0, 0.472], [0.0, 0.713], [0.001, 0.929], [0.001, 1.134], [0.001, 1.258], [0.0, 1.4], [0.001, 1.547], [0.0, 1.73], [0.001, 1.814], [0.0, 1.878], [0.001, 1.919], [0.001, 1.963]]
