"RATE Vs FER REPORT Rateless Det Iter retro"
"------------------------------------------"
"Compound_plist:"
[0.03, 0.11, 0.17]
"sim ran :1000"
"T:128"
"N=1024"
"Rate vs Block_error="
0.17
[0.01, 0.02, 0.03, 0.04, 0.05, 0.060000000000000005, 0.06999999999999999, 0.08, 0.09, 0.09999999999999999, 0.11, 0.12, 0.13, 0.14, 0.15000000000000002, 0.16, 0.17, 0.18000000000000002, 0.19, 0.2]
[2.4997304687499917, 2.5004062499999944, 2.5045117187499923, 2.509429687499993, 2.5145546874999964, 2.5295390624999983, 2.5934765625000002, 2.652945312500006, 2.7175937500000096, 2.742505859375017, 2.746906250000015, 2.7513359375000177, 2.7576328125000145, 2.7686367187500083, 2.7867460937500086, 2.8139414062499997, 2.8475253906249964, 2.884501953124995, 2.8959804687499933, 2.914564453124998]
[-0.9136401693252518, -0.9208187539523752, -0.9172146296835499, -1.0, -0.9318141382538383, -0.790484985457369, -0.6536470255493614, -0.6270879970298935, -0.7569619513137056, -0.9208187539523752, -0.9507819773298184, -0.9172146296835499, -0.8569851997459049, -0.7569619513137056, -0.6307841425898572, -0.6363880201078557, -0.6055483191737837, -0.6270879970298935, -0.6252516539898961, -0.6615435063953952]
"errorarray=[err_Y2X,err_Z2X,err_X2Y,err_Z2Y,err_Y2Z,err_X2Z]"
[[-0.9706162223147904, -0.9136401693252518, -Infinity, -Infinity, -Infinity, -Infinity], [-0.9625735020593764, -0.9208187539523752, -Infinity, -Infinity, -Infinity, -Infinity], [-0.9393021596463883, -0.9172146296835499, -Infinity, -Infinity, -Infinity, -Infinity], [-1.0409586076789064, -1.0, -Infinity, -2.5228787452803374, -Infinity, -Infinity], [-1.0757207139381184, -1.0, -Infinity, -1.853871964321762, -1.7212463990471711, -2.0457574905606752], [-1.0655015487564323, -0.9244530386074693, -2.5228787452803374, -1.4814860601221125, -1.3467874862246563, -1.6197887582883939], [-1.1135092748275182, -0.8181564120552275, -1.7958800173440752, -1.1079053973095196, -1.2518119729937995, -1.3187587626244128], [-1.1249387366083, -0.8601209135987634, -1.537602002101044, -1.193820026016113, -1.136677139879544, -1.1079053973095196], [-1.193820026016113, -0.9829666607012196, -1.4436974992327127, -1.3767507096020994, -1.431798275933005, -1.2676062401770314], [-1.1804560644581312, -1.1611509092627446, -1.3467874862246563, -2.5228787452803374, -2.154901959985743, -1.2839966563652008], [-1.2596373105057561, -1.2365720064370627, -1.2839966563652008, -2.6989700043360187, -2.6989700043360187, -1.2839966563652008], [-1.2218487496163564, -1.214670164989233, -1.2676062401770314, -2.6989700043360187, -2.221848749616356, -1.2441251443275085], [-1.2006594505464183, -1.1307682802690238, -1.3098039199714864, -1.8239087409443189, -1.7695510786217261, -1.275724130399211], [-1.1426675035687315, -1.0506099933550872, -1.214670164989233, -1.6382721639824072, -1.537602002101044, -1.1487416512809248], [-1.0604807473813815, -0.9208187539523752, -1.1804560644581312, -1.3010299956639813, -1.2218487496163564, -1.1023729087095586], [-1.1249387366083, -1.0655015487564323, -1.1870866433571443, -1.3467874862246563, -1.0222763947111522, -1.00436480540245], [-1.2596373105057561, -1.0555173278498313, -1.1426675035687315, -1.1611509092627446, -0.9913998282380825, -1.0457574905606752], [-1.1804560644581312, -1.1611509092627446, -1.2006594505464183, -1.2839966563652008, -0.9706162223147904, -1.2596373105057561], [-1.1426675035687315, -1.1487416512809248, -1.1307682802690238, -1.2676062401770314, -0.9956786262173574, -1.3098039199714864], [-1.207608310501746, -1.337242168318426, -1.0757207139381184, -1.408935392973501, -1.0409586076789064, -1.4559319556497243]]
"Iter=[Iter_step_1,Iter_step_2 (continued)]"
[[0.0, 1.662], [0.0, 1.667], [0.0, 1.689], [0.002, 1.707], [0.011, 1.708], [0.082, 1.693], [0.338, 1.698], [0.594, 1.672], [0.86, 1.66], [0.981, 1.638], [0.994, 1.638], [1.008, 1.649], [1.022, 1.679], [1.092, 1.689], [1.178, 1.725], [1.276, 1.792], [1.398, 1.876], [1.532, 1.951], [1.577, 1.969], [1.611, 1.995]]
"Time taken:78673.473243"
