"RATE Vs FER REPORT Rateless Det Iter retro"
"------------------------------------------"
"Compound_plist:"
[0.03, 0.11, 0.17]
"sim ran :5"
"T:9"
"N=512"
"Rate vs Block_error="
0.08
[0.01, 0.02, 0.03, 0.04, 0.05, 0.060000000000000005, 0.06999999999999999, 0.08, 0.09, 0.09999999999999999, 0.11, 0.12, 0.13, 0.14, 0.15000000000000002, 0.16, 0.17, 0.18000000000000002, 0.19, 0.2]
[1.8035156250000002, 1.707421875, 1.611328125, 1.707421875, 1.707421875, 1.707421875, 1.8996093749999998, 1.803515625, 1.8515625, 1.931640625, 2.155859375, 2.1398437500000003, 2.20390625, 2.155859375, 2.26796875, 2.3160156250000004, 2.027734375, 2.171875, 1.8835937500000002, 1.867578125]
[-0.3979400086720376, -0.6989700043360187, -0.09691001300805639, -0.3979400086720376, -Infinity, -0.6989700043360187, -0.6989700043360187, -0.3979400086720376, -0.3979400086720376, -Infinity, -0.6989700043360187, -0.09691001300805639, -0.3979400086720376, -0.22184874961635637, -0.6989700043360187, -0.09691001300805639, -0.22184874961635637, -0.09691001300805639, -0.09691001300805639, 0.0]
