"RATE Vs FER REPORT Rateless Det Iter retro"
"------------------------------------------"
"Compound_plist:"
[0.03, 0.11, 0.17]
"sim ran :1000"
"T:9"
"N=512"
"Rate vs Block_error="
0.060000000000000005
[0.01, 0.02, 0.03, 0.04, 0.05, 0.060000000000000005, 0.06999999999999999, 0.08, 0.09, 0.09999999999999999, 0.11, 0.12, 0.13, 0.14, 0.15000000000000002, 0.16, 0.17, 0.18000000000000002, 0.19, 0.2]
[1.6247812500000245, 1.6276640625000256, 1.6262226562500246, 1.624781250000025, 1.6358320312500256, 1.646322265625026, 1.6960507812500276, 1.7621152343750306, 1.8613769531250313, 1.9831757812500328, 2.071626953125028, 2.1285566406250247, 2.174039062500022, 2.2042421875000198, 2.23596289062502, 2.260187500000017, 2.2955703125000144, 2.332375000000009, 2.3689121093750045, 2.4048437499999995]
[-0.8728952016351923, -0.6777807052660807, -0.5900668766687054, -0.6038006529042637, -0.7189666327522725, -0.7144426909922262, -0.6716203965612623, -0.5391021572434522, -0.4749551929631547, -0.5243288116755703, -0.562249437179612, -0.6143937264016879, -0.6536470255493614, -0.6675615400843947, -0.744727494896694, -0.7798919119599449, -0.7644715530924511, -0.7772835288524167, -0.7878123955960422, -0.7399286120149252]
"errorarray=[err_Y2X,err_Z2X,err_X2Y,err_Z2Y,err_Y2Z,err_X2Z]"
[[-1.4685210829577449, -1.1023729087095586, -1.494850021680094, -Infinity, -Infinity, -1.1674910872937636], [-1.4814860601221125, -0.8996294548824371, -1.537602002101044, -Infinity, -Infinity, -0.8927900303521317], [-1.3565473235138126, -0.7670038896078462, -1.431798275933005, -Infinity, -Infinity, -0.8013429130455774], [-1.3565473235138126, -0.7670038896078462, -1.4202164033831899, -Infinity, -3.0, -0.7825160557860937], [-1.585026652029182, -0.9100948885606021, -1.537602002101044, -2.221848749616356, -2.0457574905606752, -0.9100948885606021], [-1.3279021420642825, -0.9030899869919435, -1.3979400086720375, -1.4559319556497243, -1.494850021680094, -0.9318141382538383], [-1.5528419686577808, -0.8761483590329142, -1.5228787452803376, -1.0604807473813815, -1.0705810742857071, -0.8794260687941502], [-1.585026652029182, -0.7375489102695705, -1.4685210829577449, -0.8096683018297085, -0.8096683018297085, -0.7304870557820837], [-1.3767507096020994, -0.6946486305533762, -1.4559319556497243, -0.7471469690201069, -0.6497519816658371, -0.6556077263148893], [-1.494850021680094, -0.7304870557820837, -1.537602002101044, -0.7569619513137056, -0.6861327796308466, -0.692503962086787], [-1.494850021680094, -0.7721132953863264, -1.585026652029182, -0.7772835288524167, -0.6716203965612623, -0.6989700043360187], [-1.537602002101044, -0.8601209135987634, -1.537602002101044, -0.889410289700751, -0.7189666327522725, -0.744727494896694], [-1.537602002101044, -0.9172146296835499, -1.5686362358410126, -0.9469215565165803, -0.7375489102695705, -0.790484985457369], [-1.4559319556497243, -0.958607314841775, -1.6382721639824072, -0.9625735020593764, -0.7375489102695705, -0.8013429130455774], [-1.4685210829577449, -1.1249387366083, -1.4814860601221125, -1.1023729087095586, -0.8239087409443188, -0.9136401693252518], [-1.494850021680094, -1.1674910872937636, -1.4559319556497243, -1.1487416512809248, -0.8696662315049939, -0.9706162223147904], [-1.585026652029182, -1.136677139879544, -1.431798275933005, -1.0915149811213503, -0.8569851997459049, -0.9244530386074693], [-1.537602002101044, -1.193820026016113, -1.6020599913279623, -1.193820026016113, -0.8446639625349383, -0.9318141382538383], [-1.5228787452803376, -1.1191864077192086, -1.537602002101044, -1.1079053973095196, -0.8860566476931632, -0.9956786262173574], [-1.408935392973501, -1.1307682802690238, -1.3979400086720375, -1.1023729087095586, -0.8297382846050426, -0.9469215565165803]]
"Iter=[Iter_step_1,Iter_step_2 (continued)]"
[[0.0, 0.0], [0.0, 0.0], [0.0, 0.0], [0.0, 0.0], [0.0, 0.004], [0.001, 0.039], [0.006, 0.142], [0.009, 0.295], [0.019, 0.517], [0.032, 0.818], [0.037, 1.09], [0.043, 1.257], [0.048, 1.452], [0.034, 1.617], [0.029, 1.733], [0.04, 1.808], [0.03, 1.871], [0.034, 1.935], [0.039, 1.956], [0.046, 1.974]]
