"RATE Vs FER REPORT Rateless Det Iter retro"
"------------------------------------------"
"Compound_plist:"
[0.03, 0.11, 0.17]
"sim ran :1000"
"T:9"
"N=512"
"Rate vs Block_error="
0.05
[0.01, 0.02, 0.03, 0.04, 0.05, 0.060000000000000005, 0.06999999999999999, 0.08, 0.09, 0.09999999999999999, 0.11, 0.12, 0.13, 0.14, 0.15000000000000002, 0.16, 0.17, 0.18000000000000002, 0.19, 0.2]
[1.6122890625000241, 1.613250000000024, 1.6127695312500239, 1.6142109375000242, 1.6190156250000245, 1.626703125000025, 1.6772324218750267, 1.7527460937500299, 1.8626132812500347, 1.9493378906250354, 2.0350214843750347, 2.101406250000029, 2.127832031250027, 2.153697265625025, 2.156339843750027, 2.1557792968750262, 2.127671875000029, 2.0937187500000296, 2.030296875000031, 1.9261152343750307]
[-1.1870866433571443, -0.889410289700751, -0.7399286120149252, -0.6655462488490691, -0.6757175447023074, -0.7235381958267558, -0.6716203965612623, -0.5767541260631921, -0.5686362358410126, -0.5767541260631921, -0.6556077263148893, -0.6989700043360187, -0.6536470255493614, -0.692503962086787, -0.6536470255493614, -0.6595558851598816, -0.530177984021837, -0.46852108295774486, -0.33629907461035186, -0.2069083998234198]
