"LLR Lambda CHANNEL REPORT"
"---------------------------"
"N=1024"
"design_p=0.2"
"Capacity for 1024channels:284"
"design for rate:284"
"Z Construct--------------------------------------------------------"
"Good Channels:"
[1023, 511, 767, 895, 959, 991, 1007, 1015, 255, 383, 1019, 639, 447, 703, 831, 479, 735, 863, 927, 495, 751, 879, 943, 503, 759, 975, 1021, 887, 951, 983, 507, 127, 763, 191, 319, 891, 223, 575, 351, 607, 415, 955, 239, 671, 367, 999, 1022, 623, 799, 431, 687, 987, 815, 247, 463, 509, 375, 719, 765, 631, 439, 847, 893, 695, 823, 471, 1003, 911, 957, 727, 251, 379, 63, 855, 635, 95, 443, 159, 487, 510, 699, 989, 111, 287, 743, 766, 919, 175, 543, 827, 1011, 475, 303, 871, 894, 731, 207, 253, 559, 119, 335, 381, 183, 1005, 859, 591, 637, 935, 958, 311, 491, 399, 445, 215, 567, 747, 655, 701, 343, 923, 123, 967, 599, 990, 187, 477, 875, 783, 829, 1013, 231, 254, 407, 31, 315, 733, 499, 359, 382, 663, 219, 47, 571, 939, 755, 615, 638, 861, 1006, 493, 347, 79, 791, 125, 423, 446, 1017, 883, 749, 603, 55, 235, 679, 702, 971, 143, 189, 925, 411, 1014, 455, 87, 478, 877, 947, 363, 271, 317, 667, 807, 830, 501, 221, 711, 734, 619, 527, 573, 151, 757, 941, 795, 59, 427, 243, 979, 1018, 103, 126, 349, 494, 839, 862, 279, 885, 683, 505, 371, 605, 973, 237, 91, 750, 995, 167, 190, 535, 459, 413, 903, 926, 1020, 811, 761, 627, 949, 878, 502, 365, 435, 715, 669, 155, 295, 318, 889, 981, 758, 199, 222, 621, 691, 107, 942, 843, 15, 61, 797, 551, 574, 245, 429, 283, 953, 467, 886, 506, 997, 819, 327, 907, 350, 974, 685, 539, 373, 723, 171, 985, 762, 950, 93, 461, 583, 606, 238, 813, 483, 629, 23, 851, 391, 414, 1001]
"R order:"
[1023, 511, 767, 895, 959, 991, 1007, 1015, 255, 383, 1019, 639, 447, 703, 831, 479, 735, 863, 927, 495, 751, 879, 943, 503, 759, 975, 1021, 887, 951, 983, 507, 127, 763, 191, 319, 891, 223, 575, 351, 607, 415, 955, 239, 671, 367, 999, 1022, 623, 799, 431, 687, 987, 815, 247, 463, 509, 375, 719, 765, 631, 439, 847, 893, 695, 823, 471, 1003, 911, 957, 727, 251, 379, 63, 855, 635, 95, 443, 159, 487, 510, 699, 989, 111, 287, 743, 766, 919, 175, 543, 827, 1011, 475, 303, 871, 894, 731, 207, 253, 559, 119, 335, 381, 183, 1005, 859, 591, 637, 935, 958, 311, 491, 399, 445, 215, 567, 747, 655, 701, 343, 923, 123, 967, 599, 990, 187, 477, 875, 783, 829, 1013, 231, 254, 407, 31, 315, 733, 499, 359, 382, 663, 219, 47, 571, 939, 755, 615, 638, 861, 1006, 493, 347, 79, 791, 125, 423, 446, 1017, 883, 749, 603, 55, 235, 679, 702, 971, 143, 189, 925, 411, 1014, 455, 87, 478, 877, 947, 363, 271, 317, 667, 807, 830, 501, 221, 711, 734, 619, 527, 573, 151, 757, 941, 795, 59, 427, 243, 979, 1018, 103, 126, 349, 494, 839, 862, 279, 885, 683, 505, 371, 605, 973, 237, 91, 750, 995, 167, 190, 535, 459, 413, 903, 926, 1020, 811, 761, 627, 949, 878, 502, 365, 435, 715, 669, 155, 295, 318, 889, 981, 758, 199, 222, 621, 691, 107, 942, 843, 15, 61, 797, 551, 574, 245, 429, 283, 953, 467, 886, 506, 997, 819, 327, 907, 350, 974, 685, 539, 373, 723, 171, 985, 762, 950, 93, 461, 583, 606, 238, 813, 483, 629, 23, 851, 391, 414, 1001, 890, 508, 299, 982, 717, 249, 115, 437, 739, 366, 915, 647, 670, 203, 764, 954, 1009, 157, 555, 845, 998, 693, 867, 377, 622, 775, 798, 892, 469, 986, 246, 909, 821, 109, 179, 430, 331, 931, 285, 39, 62, 633, 725, 956, 1002, 441, 686, 587, 963, 541, 374, 485, 307, 853, 988, 1010, 395, 462, 697, 814, 173, 27, 630, 741, 563, 211, 917, 1004, 651, 473, 718, 825, 250, 438, 71, 869, 94, 1012, 729, 779, 846, 301, 117, 694, 339, 933, 1016, 489, 378, 857, 910, 557, 470, 205, 822, 595, 965, 227, 745, 634, 921, 726, 403, 135, 158, 252, 442, 497, 873, 43, 333, 486, 181, 854, 659, 355, 698, 753, 937, 589, 110, 742, 918, 263, 286, 787, 380, 474, 611, 826, 881, 969, 397, 309, 870, 519, 542, 636, 419, 730, 945, 121, 653, 565, 934, 213, 444, 675, 490, 858, 977, 781, 966, 174, 75, 700, 451, 803, 746, 922, 29, 993, 341, 476, 828, 707, 498, 874, 185, 302, 597, 732, 835, 754, 938, 118, 229, 51, 558, 405, 492, 860, 899, 882, 970, 139, 206, 313, 661, 748, 924, 946, 357, 569, 789, 500, 876, 978, 217, 267, 334, 613, 182, 756, 940, 994, 523, 590, 421, 504, 884, 972, 345, 398, 45, 677, 310, 760, 948, 83, 601, 654, 453, 805, 566, 888, 980, 233, 122, 409, 782, 709, 214, 952, 996, 665, 837, 984, 361, 793, 901, 342, 147, 1000, 617, 598, 186, 1008, 241, 425, 77, 230, 406, 275, 681, 662, 99, 314, 531, 369, 457, 809, 358, 790, 7, 30, 570, 625, 713, 124, 614, 218, 433, 841, 141, 53, 422, 689, 905, 678, 163, 346, 465, 817, 269, 454, 806, 602, 721, 525, 188, 710, 291, 234, 410, 481, 849, 838, 547, 666, 737, 913, 316, 195, 902, 362, 794, 865, 572, 618, 929, 85, 220, 323, 242, 426, 961, 579, 682, 46, 348, 387, 370, 458, 810, 604, 643, 626, 714, 149, 236, 412, 771, 434, 842, 668, 906, 57, 690, 277, 364, 796, 818, 466, 533, 620, 101, 722, 428, 244, 482, 684, 850, 78, 11, 372, 460, 738, 165, 960, 800, 160, 288, 544, 32, 512, 672, 256, 704, 192, 416, 320, 576, 64, 896, 384, 640, 128, 768, 448, 832, 35, 96, 67, 131, 848, 336, 592, 80, 259, 515, 19, 13, 912, 208, 928, 400, 144, 784, 272, 528, 16, 992, 480, 736, 224, 864, 352, 608, 656, 3, 976, 293, 20, 532, 276, 788, 148, 660, 404, 484, 916, 596, 340, 852, 212, 724, 468, 52, 84, 740, 228, 868, 324, 836, 196, 708, 452, 964, 36, 548, 292, 804, 164, 676, 420, 932, 100, 612, 356, 564, 580, 308, 180, 812, 172, 108, 28, 540, 284, 156, 300, 92, 2, 514, 258, 770, 130, 642, 386, 60, 556, 44, 716, 692, 436, 116, 628, 12, 524, 268, 780, 140, 652, 396, 908, 76, 588, 332, 844, 204, 820, 898, 68, 388, 392, 904, 72, 584, 328, 840, 200, 648, 712, 968, 40, 552, 296, 808, 168, 680, 456, 136, 776, 264, 48, 560, 304, 816, 176, 688, 432, 944, 112, 624, 368, 880, 240, 752, 496, 8, 520, 424, 900, 936, 616, 568, 312, 824, 184, 696, 440, 120, 56, 632, 248, 4, 516, 260, 772, 132, 644, 376, 472, 728, 216, 360, 872, 232, 744, 488, 24, 536, 280, 792, 152, 664, 408, 920, 88, 600, 344, 856, 104, 66, 578, 322, 673, 417, 464, 97, 609, 353, 225, 161, 17, 273, 785, 145, 657, 401, 81, 593, 529, 801, 289, 545, 720, 1, 513, 257, 769, 129, 641, 385, 897, 65, 577, 321, 833, 193, 705, 449, 33, 337, 142, 209, 561, 281, 153, 89, 5, 517, 261, 773, 537, 133, 389, 69, 581, 325, 197, 37, 549, 645, 25, 105, 169, 305, 177, 113, 9, 521, 265, 777, 137, 649, 393, 73, 585, 329, 201, 41, 553, 297, 49, 270, 526, 14, 786, 146, 658, 402, 914, 82, 594, 274, 338, 50, 562, 306, 178, 114, 10, 522, 210, 530, 18, 226, 834, 194, 706, 450, 962, 34, 546, 290, 802, 162, 674, 418, 930, 98, 610, 354, 866, 266, 778, 138, 650, 646, 390, 70, 582, 326, 198, 38, 550, 294, 166, 102, 22, 534, 278, 150, 86, 54, 134, 21, 774, 518, 394, 74, 586, 330, 202, 42, 554, 298, 170, 106, 26, 538, 282, 154, 90, 58, 6, 262, 0]
"Number of good channels:"
284
"R=0.27734375"
"Frozen channels:"
740
"sim ran for prob:1000"
"Lambdathreshold:30"
"Theta1 (fraction of goodchannels above LT for design channel):59"
"Theta2 (fraction of goodchannels above LT for other channel):59"
"{p:Fraction of good channels abov LT...}"
{"0.25": [0.1123046875, 0.1123046875, 0.111328125, 0.1181640625, 0.1181640625, 0.1025390625, 0.1123046875, 0.109375, 0.1103515625, 0.119140625, 0.12109375, 0.1123046875, 0.11328125, 0.1103515625, 0.109375, 0.1123046875, 0.1123046875, 0.11328125, 0.1123046875, 0.1064453125, 0.1142578125, 0.1181640625, 0.1240234375, 0.1142578125, 0.1123046875, 0.1103515625, 0.1123046875, 0.1162109375, 0.1162109375, 0.1181640625, 0.1162109375, 0.11328125, 0.111328125, 0.11328125, 0.115234375, 0.109375, 0.1201171875, 0.126953125, 0.1181640625, 0.11328125, 0.1201171875, 0.11328125, 0.115234375, 0.1142578125, 0.1201171875, 0.119140625, 0.1201171875, 0.1142578125, 0.1142578125, 0.1044921875, 0.1123046875, 0.1103515625, 0.109375, 0.1103515625, 0.1083984375, 0.11328125, 0.11328125, 0.1162109375, 0.115234375, 0.1123046875, 0.111328125, 0.115234375, 0.1171875, 0.111328125, 0.1201171875, 0.1201171875, 0.11328125, 0.1142578125, 0.109375, 0.1171875, 0.1162109375, 0.1083984375, 0.1103515625, 0.1171875, 0.111328125, 0.1123046875, 0.109375, 0.1083984375, 0.1201171875, 0.1240234375, 0.109375, 0.111328125, 0.1123046875, 0.11328125, 0.115234375, 0.1123046875, 0.1142578125, 0.1171875, 0.119140625, 0.1181640625, 0.11328125, 0.109375, 0.1083984375, 0.1171875, 0.1181640625, 0.109375, 0.1162109375, 0.119140625, 0.1220703125, 0.10546875, 0.115234375, 0.12109375, 0.11328125, 0.1123046875, 0.10546875, 0.1162109375, 0.11328125, 0.1181640625, 0.1083984375, 0.1181640625, 0.1162109375, 0.1044921875, 0.1181640625, 0.1171875, 0.1025390625, 0.1123046875, 0.1123046875, 0.111328125, 0.12109375, 0.111328125, 0.1162109375, 0.1181640625, 0.1123046875, 0.11328125, 0.1162109375, 0.1103515625, 0.12109375, 0.111328125, 0.1181640625, 0.1201171875, 0.1240234375, 0.125, 0.1103515625, 0.1103515625, 0.1083984375, 0.11328125, 0.1142578125, 0.1103515625, 0.1171875, 0.1181640625, 0.1201171875, 0.1064453125, 0.109375, 0.1142578125, 0.11328125, 0.125, 0.1171875, 0.111328125, 0.1142578125, 0.115234375, 0.119140625, 0.125, 0.1123046875, 0.1171875, 0.115234375, 0.1142578125, 0.11328125, 0.1083984375, 0.11328125, 0.119140625, 0.1103515625, 0.1240234375, 0.10546875, 0.12109375, 0.107421875, 0.111328125, 0.1064453125, 0.1171875, 0.1201171875, 0.109375, 0.1123046875, 0.119140625, 0.1044921875, 0.119140625, 0.1123046875, 0.1123046875, 0.109375, 0.1123046875, 0.119140625, 0.1171875, 0.1171875, 0.109375, 0.1181640625, 0.1181640625, 0.1220703125, 0.11328125, 0.1181640625, 0.1064453125, 0.1181640625, 0.1123046875, 0.1103515625, 0.1171875, 0.1123046875, 0.1142578125, 0.1181640625, 0.11328125, 0.1171875, 0.1142578125, 0.115234375, 0.1142578125, 0.11328125, 0.1181640625, 0.1171875, 0.115234375, 0.1171875, 0.1171875, 0.115234375, 0.103515625, 0.1123046875, 0.1103515625, 0.1171875, 0.12109375, 0.11328125, 0.119140625, 0.123046875, 0.115234375, 0.11328125, 0.1103515625, 0.1083984375, 0.1162109375, 0.1220703125, 0.1123046875, 0.111328125, 0.119140625, 0.123046875, 0.1171875, 0.1103515625, 0.1142578125, 0.1171875, 0.1171875, 0.1142578125, 0.119140625, 0.111328125, 0.119140625, 0.12109375, 0.1103515625, 0.1181640625, 0.1181640625, 0.1123046875, 0.1103515625, 0.111328125, 0.1083984375, 0.1142578125, 0.12109375, 0.1103515625, 0.111328125, 0.111328125, 0.1142578125, 0.1181640625, 0.1220703125, 0.1162109375, 0.1181640625, 0.1201171875, 0.1064453125, 0.1123046875, 0.111328125, 0.111328125, 0.1123046875, 0.1181640625, 0.1005859375, 0.1162109375, 0.1083984375, 0.1171875, 0.1142578125, 0.1123046875, 0.1123046875, 0.115234375, 0.119140625, 0.11328125, 0.111328125, 0.1171875, 0.1083984375, 0.111328125, 0.1123046875, 0.1171875, 0.1171875, 0.123046875, 0.1181640625, 0.109375, 0.11328125, 0.1181640625, 0.1181640625, 0.11328125, 0.1103515625, 0.1162109375, 0.1123046875, 0.1083984375, 0.1171875, 0.1181640625, 0.1083984375, 0.1083984375, 0.11328125, 0.115234375, 0.1142578125, 0.10546875, 0.1220703125, 0.115234375, 0.1123046875, 0.12109375, 0.1083984375, 0.12109375, 0.1181640625, 0.1201171875, 0.1171875, 0.1142578125, 0.111328125, 0.115234375, 0.1015625, 0.11328125, 0.1240234375, 0.111328125, 0.1064453125, 0.1142578125, 0.1259765625, 0.1103515625, 0.1201171875, 0.1044921875, 0.1162109375, 0.1162109375, 0.115234375, 0.11328125, 0.1162109375, 0.1083984375, 0.1025390625, 0.1044921875, 0.1220703125, 0.1201171875, 0.1123046875, 0.11328125, 0.1142578125, 0.111328125, 0.1259765625, 0.12109375, 0.1142578125, 0.11328125, 0.111328125, 0.109375, 0.1162109375, 0.115234375, 0.1103515625, 0.1142578125, 0.1044921875, 0.1083984375, 0.1201171875, 0.10546875, 0.1171875, 0.1123046875, 0.1162109375, 0.1240234375, 0.1181640625, 0.119140625, 0.109375, 0.1083984375, 0.1142578125, 0.1083984375, 0.1123046875, 0.1171875, 0.11328125, 0.1162109375, 0.11328125, 0.126953125, 0.115234375, 0.1064453125, 0.111328125, 0.1201171875, 0.11328125, 0.107421875, 0.1142578125, 0.115234375, 0.1064453125, 0.1142578125, 0.125, 0.1171875, 0.1201171875, 0.1201171875, 0.1123046875, 0.1103515625, 0.126953125, 0.1201171875, 0.1142578125, 0.107421875, 0.12109375, 0.119140625, 0.1064453125, 0.1025390625, 0.123046875, 0.12109375, 0.109375, 0.1123046875, 0.1123046875, 0.10546875, 0.111328125, 0.1162109375, 0.1083984375, 0.115234375, 0.1201171875, 0.1123046875, 0.1162109375, 0.1181640625, 0.1123046875, 0.1171875, 0.107421875, 0.1123046875, 0.1162109375, 0.1201171875, 0.1201171875, 0.1162109375, 0.1240234375, 0.1103515625, 0.1259765625, 0.1220703125, 0.115234375, 0.10546875, 0.1201171875, 0.111328125, 0.111328125, 0.11328125, 0.115234375, 0.107421875, 0.115234375, 0.115234375, 0.119140625, 0.11328125, 0.115234375, 0.1103515625, 0.115234375, 0.111328125, 0.119140625, 0.115234375, 0.1103515625, 0.1162109375, 0.1123046875, 0.11328125, 0.1201171875, 0.1103515625, 0.115234375, 0.111328125, 0.1123046875, 0.1123046875, 0.1181640625, 0.1162109375, 0.1240234375, 0.111328125, 0.1123046875, 0.107421875, 0.1201171875, 0.1171875, 0.11328125, 0.1201171875, 0.115234375, 0.1083984375, 0.1181640625, 0.119140625, 0.1103515625, 0.109375, 0.109375, 0.1123046875, 0.119140625, 0.12109375, 0.1171875, 0.11328125, 0.1181640625, 0.107421875, 0.1220703125, 0.12109375, 0.1123046875, 0.115234375, 0.111328125, 0.119140625, 0.103515625, 0.1103515625, 0.1103515625, 0.11328125, 0.1142578125, 0.109375, 0.11328125, 0.1064453125, 0.11328125, 0.11328125, 0.1181640625, 0.111328125, 0.1103515625, 0.119140625, 0.1083984375, 0.115234375, 0.1162109375, 0.1181640625, 0.1201171875, 0.1162109375, 0.11328125, 0.1142578125, 0.1201171875, 0.1171875, 0.109375, 0.1083984375, 0.1171875, 0.1123046875, 0.111328125, 0.115234375, 0.119140625, 0.115234375, 0.1171875, 0.1142578125, 0.1103515625, 0.11328125, 0.1171875, 0.1083984375, 0.1142578125, 0.107421875, 0.1123046875, 0.123046875, 0.119140625, 0.1103515625, 0.1171875, 0.1162109375, 0.126953125, 0.109375, 0.115234375, 0.1142578125, 0.10546875, 0.11328125, 0.1142578125, 0.1123046875, 0.1142578125, 0.111328125, 0.126953125, 0.123046875, 0.1123046875, 0.1123046875, 0.115234375, 0.1103515625, 0.11328125, 0.1103515625, 0.1044921875, 0.1142578125, 0.119140625, 0.1123046875, 0.12109375, 0.126953125, 0.1103515625, 0.115234375, 0.1181640625, 0.1181640625, 0.109375, 0.11328125, 0.1123046875, 0.115234375, 0.119140625, 0.115234375, 0.1201171875, 0.1142578125, 0.1142578125, 0.1318359375, 0.111328125, 0.115234375, 0.1064453125, 0.126953125, 0.1142578125, 0.1181640625, 0.11328125, 0.11328125, 0.1103515625, 0.1171875, 0.107421875, 0.11328125, 0.123046875, 0.1162109375, 0.111328125, 0.1083984375, 0.111328125, 0.1279296875, 0.1171875, 0.111328125, 0.111328125, 0.115234375, 0.1083984375, 0.111328125, 0.1103515625, 0.119140625, 0.115234375, 0.107421875, 0.1171875, 0.119140625, 0.109375, 0.1083984375, 0.1083984375, 0.109375, 0.1171875, 0.115234375, 0.10546875, 0.1123046875, 0.1220703125, 0.107421875, 0.1142578125, 0.107421875, 0.1171875, 0.1171875, 0.119140625, 0.1123046875, 0.11328125, 0.107421875, 0.115234375, 0.10546875, 0.1201171875, 0.115234375, 0.1103515625, 0.1044921875, 0.119140625, 0.115234375, 0.109375, 0.1064453125, 0.1162109375, 0.1142578125, 0.11328125, 0.1171875, 0.1123046875, 0.1171875, 0.115234375, 0.1123046875, 0.1142578125, 0.10546875, 0.10546875, 0.109375, 0.115234375, 0.1103515625, 0.107421875, 0.1201171875, 0.1142578125, 0.10546875, 0.119140625, 0.11328125, 0.115234375, 0.119140625, 0.107421875, 0.119140625, 0.11328125, 0.1123046875, 0.1123046875, 0.1181640625, 0.1162109375, 0.111328125, 0.119140625, 0.115234375, 0.119140625, 0.1123046875, 0.1142578125, 0.11328125, 0.111328125, 0.115234375, 0.111328125, 0.11328125, 0.1240234375, 0.111328125, 0.1171875, 0.1162109375, 0.103515625, 0.1220703125, 0.1142578125, 0.1162109375, 0.126953125, 0.109375, 0.1142578125, 0.115234375, 0.1181640625, 0.1259765625, 0.1103515625, 0.119140625, 0.115234375, 0.10546875, 0.109375, 0.115234375, 0.119140625, 0.111328125, 0.119140625, 0.11328125, 0.1162109375, 0.1142578125, 0.1123046875, 0.107421875, 0.1123046875, 0.115234375, 0.1171875, 0.115234375, 0.11328125, 0.115234375, 0.115234375, 0.1123046875, 0.109375, 0.1123046875, 0.1103515625, 0.109375, 0.1123046875, 0.1171875, 0.1171875, 0.1083984375, 0.1171875, 0.1201171875, 0.107421875, 0.115234375, 0.12109375, 0.1103515625, 0.1103515625, 0.1123046875, 0.1123046875, 0.12109375, 0.1123046875, 0.1171875, 0.1171875, 0.1201171875, 0.10546875, 0.1162109375, 0.1181640625, 0.12109375, 0.1103515625, 0.11328125, 0.1181640625, 0.11328125, 0.115234375, 0.107421875, 0.125, 0.123046875, 0.1171875, 0.1064453125, 0.115234375, 0.1171875, 0.11328125, 0.126953125, 0.1162109375, 0.123046875, 0.1171875, 0.12109375, 0.1083984375, 0.123046875, 0.1142578125, 0.1123046875, 0.115234375, 0.1240234375, 0.1083984375, 0.119140625, 0.1123046875, 0.123046875, 0.1181640625, 0.12109375, 0.1103515625, 0.1103515625, 0.115234375, 0.1142578125, 0.1162109375, 0.119140625, 0.1162109375, 0.109375, 0.1162109375, 0.1123046875, 0.115234375, 0.1103515625, 0.123046875, 0.1142578125, 0.115234375, 0.11328125, 0.1025390625, 0.1171875, 0.115234375, 0.1201171875, 0.1181640625, 0.11328125, 0.109375, 0.11328125, 0.1171875, 0.111328125, 0.1181640625, 0.1064453125, 0.119140625, 0.1181640625, 0.111328125, 0.1123046875, 0.1103515625, 0.111328125, 0.1181640625, 0.1201171875, 0.111328125, 0.1201171875, 0.107421875, 0.1142578125, 0.1220703125, 0.115234375, 0.125, 0.12109375, 0.1162109375, 0.107421875, 0.115234375, 0.109375, 0.1123046875, 0.1171875, 0.1142578125, 0.1142578125, 0.1171875, 0.111328125, 0.1171875, 0.111328125, 0.1171875, 0.1083984375, 0.115234375, 0.1171875, 0.1044921875, 0.1181640625, 0.1220703125, 0.1123046875, 0.1181640625, 0.1123046875, 0.109375, 0.1220703125, 0.1142578125, 0.111328125, 0.1103515625, 0.111328125, 0.115234375, 0.109375, 0.11328125, 0.1171875, 0.1201171875, 0.111328125, 0.1142578125, 0.12109375, 0.1171875, 0.1083984375, 0.119140625, 0.1123046875, 0.11328125, 0.1171875, 0.1142578125, 0.11328125, 0.11328125, 0.11328125, 0.1162109375, 0.115234375, 0.1181640625, 0.1142578125, 0.12109375, 0.109375, 0.1162109375, 0.1083984375, 0.1162109375, 0.11328125, 0.1123046875, 0.11328125, 0.111328125, 0.111328125, 0.123046875, 0.1123046875, 0.111328125, 0.115234375, 0.1162109375, 0.11328125, 0.1171875, 0.109375, 0.1083984375, 0.11328125, 0.1103515625, 0.1162109375, 0.1171875, 0.12109375, 0.115234375, 0.109375, 0.12109375, 0.1162109375, 0.119140625, 0.1181640625, 0.109375, 0.1240234375, 0.109375, 0.1123046875, 0.1162109375, 0.1123046875, 0.123046875, 0.1201171875, 0.1103515625, 0.1171875, 0.1142578125, 0.1103515625, 0.1171875, 0.115234375, 0.109375, 0.115234375, 0.1162109375, 0.119140625, 0.119140625, 0.1103515625, 0.1123046875, 0.1162109375, 0.115234375, 0.11328125, 0.1162109375, 0.1083984375, 0.111328125, 0.1103515625, 0.10546875, 0.1181640625, 0.1103515625, 0.119140625, 0.1123046875, 0.1103515625, 0.1142578125, 0.1103515625, 0.12109375, 0.109375, 0.119140625, 0.109375, 0.1142578125, 0.111328125, 0.1123046875, 0.1142578125, 0.1201171875, 0.107421875, 0.1162109375, 0.1142578125, 0.11328125, 0.10546875, 0.115234375, 0.1083984375, 0.109375, 0.1123046875, 0.109375, 0.119140625, 0.1103515625, 0.11328125, 0.12109375, 0.1123046875, 0.1171875, 0.1240234375, 0.109375, 0.1201171875, 0.115234375, 0.1103515625, 0.1171875, 0.11328125, 0.1142578125, 0.11328125, 0.1123046875, 0.1142578125, 0.1142578125, 0.125, 0.1123046875, 0.1083984375, 0.115234375, 0.109375, 0.111328125, 0.1064453125, 0.1201171875, 0.1083984375, 0.123046875, 0.1123046875, 0.1103515625, 0.1171875, 0.1142578125, 0.1103515625, 0.1142578125, 0.107421875, 0.1171875, 0.125, 0.1201171875, 0.111328125, 0.107421875, 0.111328125, 0.1181640625, 0.1171875, 0.111328125, 0.1123046875, 0.1181640625, 0.107421875, 0.1279296875, 0.123046875, 0.1083984375, 0.107421875, 0.123046875, 0.111328125, 0.1162109375, 0.1162109375, 0.115234375, 0.1123046875, 0.1162109375, 0.115234375, 0.115234375, 0.1220703125, 0.123046875, 0.1142578125, 0.1123046875, 0.1279296875, 0.1142578125, 0.103515625, 0.1162109375, 0.1181640625, 0.1201171875, 0.1142578125, 0.109375, 0.109375, 0.1162109375, 0.111328125, 0.1123046875, 0.1142578125, 0.109375], "0.2": [0.1162109375, 0.1279296875, 0.119140625, 0.115234375, 0.1201171875, 0.1044921875, 0.1357421875, 0.1123046875, 0.1455078125, 0.1181640625, 0.150390625, 0.11328125, 0.12109375, 0.111328125, 0.119140625, 0.115234375, 0.16015625, 0.1162109375, 0.1181640625, 0.11328125, 0.1142578125, 0.1171875, 0.1376953125, 0.1455078125, 0.1474609375, 0.1240234375, 0.134765625, 0.123046875, 0.11328125, 0.119140625, 0.1396484375, 0.1201171875, 0.12109375, 0.1484375, 0.1279296875, 0.111328125, 0.1220703125, 0.1142578125, 0.1171875, 0.1240234375, 0.115234375, 0.1279296875, 0.1142578125, 0.1162109375, 0.126953125, 0.1416015625, 0.12109375, 0.1181640625, 0.109375, 0.1162109375, 0.12890625, 0.1474609375, 0.126953125, 0.1201171875, 0.1201171875, 0.130859375, 0.1376953125, 0.119140625, 0.1201171875, 0.1142578125, 0.1279296875, 0.130859375, 0.130859375, 0.1181640625, 0.12109375, 0.125, 0.119140625, 0.12109375, 0.134765625, 0.134765625, 0.1123046875, 0.1396484375, 0.111328125, 0.111328125, 0.1328125, 0.109375, 0.138671875, 0.125, 0.140625, 0.130859375, 0.1396484375, 0.1279296875, 0.1357421875, 0.1201171875, 0.1337890625, 0.1259765625, 0.1376953125, 0.1337890625, 0.1416015625, 0.1181640625, 0.1142578125, 0.1298828125, 0.1279296875, 0.1279296875, 0.1171875, 0.11328125, 0.1171875, 0.11328125, 0.1162109375, 0.1416015625, 0.1103515625, 0.1279296875, 0.1357421875, 0.1318359375, 0.140625, 0.13671875, 0.1318359375, 0.1162109375, 0.1123046875, 0.1171875, 0.126953125, 0.1298828125, 0.12109375, 0.1328125, 0.1162109375, 0.111328125, 0.1162109375, 0.1416015625, 0.123046875, 0.1142578125, 0.1142578125, 0.1337890625, 0.1123046875, 0.130859375, 0.1240234375, 0.1220703125, 0.1201171875, 0.1298828125, 0.111328125, 0.1240234375, 0.138671875, 0.1220703125, 0.1162109375, 0.123046875, 0.1142578125, 0.1201171875, 0.115234375, 0.111328125, 0.1279296875, 0.1318359375, 0.1240234375, 0.1201171875, 0.130859375, 0.1318359375, 0.1123046875, 0.119140625, 0.1083984375, 0.119140625, 0.11328125, 0.109375, 0.115234375, 0.10546875, 0.12890625, 0.1357421875, 0.1240234375, 0.125, 0.1533203125, 0.1357421875, 0.1181640625, 0.1181640625, 0.1201171875, 0.119140625, 0.142578125, 0.1259765625, 0.1201171875, 0.140625, 0.1259765625, 0.1123046875, 0.12890625, 0.1552734375, 0.1220703125, 0.1201171875, 0.130859375, 0.123046875, 0.126953125, 0.11328125, 0.134765625, 0.1474609375, 0.130859375, 0.1162109375, 0.12890625, 0.1318359375, 0.1103515625, 0.123046875, 0.123046875, 0.1259765625, 0.119140625, 0.1376953125, 0.1279296875, 0.1357421875, 0.1279296875, 0.1220703125, 0.12109375, 0.140625, 0.115234375, 0.12109375, 0.1298828125, 0.1279296875, 0.1279296875, 0.1181640625, 0.13671875, 0.126953125, 0.1181640625, 0.11328125, 0.11328125, 0.12890625, 0.125, 0.1337890625, 0.11328125, 0.1201171875, 0.11328125, 0.12109375, 0.12890625, 0.12109375, 0.1259765625, 0.1318359375, 0.1240234375, 0.1103515625, 0.1142578125, 0.1279296875, 0.123046875, 0.119140625, 0.123046875, 0.123046875, 0.11328125, 0.1396484375, 0.115234375, 0.1162109375, 0.130859375, 0.14453125, 0.1015625, 0.12890625, 0.138671875, 0.1357421875, 0.1181640625, 0.12109375, 0.1494140625, 0.1220703125, 0.1435546875, 0.1240234375, 0.1337890625, 0.1240234375, 0.130859375, 0.130859375, 0.115234375, 0.1181640625, 0.1533203125, 0.1240234375, 0.123046875, 0.125, 0.138671875, 0.115234375, 0.1328125, 0.134765625, 0.126953125, 0.1201171875, 0.1220703125, 0.1240234375, 0.125, 0.123046875, 0.11328125, 0.13671875, 0.1220703125, 0.1396484375, 0.1240234375, 0.12109375, 0.1142578125, 0.1357421875, 0.126953125, 0.115234375, 0.1220703125, 0.1708984375, 0.1220703125, 0.1337890625, 0.1220703125, 0.1220703125, 0.1474609375, 0.1220703125, 0.134765625, 0.1376953125, 0.1279296875, 0.1259765625, 0.1171875, 0.146484375, 0.1357421875, 0.146484375, 0.125, 0.154296875, 0.1357421875, 0.126953125, 0.1123046875, 0.1201171875, 0.109375, 0.1240234375, 0.111328125, 0.126953125, 0.123046875, 0.1171875, 0.1318359375, 0.134765625, 0.1220703125, 0.119140625, 0.16796875, 0.1181640625, 0.119140625, 0.1201171875, 0.1201171875, 0.126953125, 0.119140625, 0.126953125, 0.115234375, 0.119140625, 0.1279296875, 0.119140625, 0.1328125, 0.1201171875, 0.15625, 0.1162109375, 0.125, 0.125, 0.1298828125, 0.115234375, 0.1259765625, 0.1259765625, 0.126953125, 0.126953125, 0.1298828125, 0.1328125, 0.126953125, 0.1025390625, 0.11328125, 0.1142578125, 0.125, 0.1376953125, 0.1494140625, 0.1337890625, 0.119140625, 0.1455078125, 0.126953125, 0.119140625, 0.130859375, 0.1162109375, 0.11328125, 0.1220703125, 0.1181640625, 0.1484375, 0.1298828125, 0.115234375, 0.1171875, 0.123046875, 0.1318359375, 0.1201171875, 0.1337890625, 0.125, 0.119140625, 0.1279296875, 0.1259765625, 0.11328125, 0.111328125, 0.13671875, 0.12890625, 0.1181640625, 0.1240234375, 0.125, 0.1416015625, 0.140625, 0.1298828125, 0.126953125, 0.126953125, 0.115234375, 0.126953125, 0.126953125, 0.1494140625, 0.13671875, 0.115234375, 0.115234375, 0.12109375, 0.1357421875, 0.1142578125, 0.125, 0.115234375, 0.1494140625, 0.119140625, 0.12109375, 0.1220703125, 0.1591796875, 0.111328125, 0.123046875, 0.12109375, 0.1201171875, 0.1142578125, 0.1220703125, 0.130859375, 0.1474609375, 0.1162109375, 0.13671875, 0.130859375, 0.1318359375, 0.14453125, 0.1474609375, 0.1220703125, 0.1171875, 0.150390625, 0.1142578125, 0.126953125, 0.13671875, 0.1142578125, 0.15625, 0.1171875, 0.1318359375, 0.130859375, 0.119140625, 0.1220703125, 0.125, 0.1298828125, 0.123046875, 0.1337890625, 0.123046875, 0.140625, 0.1123046875, 0.1328125, 0.12890625, 0.1171875, 0.119140625, 0.123046875, 0.123046875, 0.12109375, 0.13671875, 0.1181640625, 0.1298828125, 0.1181640625, 0.1298828125, 0.126953125, 0.111328125, 0.12109375, 0.1162109375, 0.11328125, 0.1298828125, 0.1396484375, 0.1357421875, 0.1357421875, 0.1318359375, 0.1376953125, 0.1142578125, 0.1103515625, 0.1181640625, 0.119140625, 0.115234375, 0.1220703125, 0.1201171875, 0.1181640625, 0.1142578125, 0.1201171875, 0.1162109375, 0.1240234375, 0.1171875, 0.1171875, 0.138671875, 0.115234375, 0.1201171875, 0.1328125, 0.1240234375, 0.1142578125, 0.1123046875, 0.111328125, 0.119140625, 0.130859375, 0.130859375, 0.1279296875, 0.12109375, 0.1435546875, 0.1240234375, 0.1259765625, 0.119140625, 0.125, 0.12890625, 0.1259765625, 0.1318359375, 0.134765625, 0.115234375, 0.1337890625, 0.1357421875, 0.1318359375, 0.1328125, 0.1396484375, 0.1162109375, 0.1337890625, 0.1123046875, 0.119140625, 0.13671875, 0.1396484375, 0.1240234375, 0.138671875, 0.1240234375, 0.1181640625, 0.1083984375, 0.1171875, 0.1318359375, 0.1298828125, 0.13671875, 0.1435546875, 0.1240234375, 0.1162109375, 0.1083984375, 0.12109375, 0.1298828125, 0.1298828125, 0.115234375, 0.1142578125, 0.123046875, 0.1357421875, 0.1142578125, 0.1181640625, 0.12109375, 0.1259765625, 0.123046875, 0.1396484375, 0.1376953125, 0.130859375, 0.1328125, 0.1083984375, 0.1181640625, 0.1259765625, 0.140625, 0.12890625, 0.1396484375, 0.1083984375, 0.16015625, 0.1220703125, 0.1318359375, 0.1328125, 0.1337890625, 0.14453125, 0.1142578125, 0.1201171875, 0.1201171875, 0.1328125, 0.130859375, 0.1416015625, 0.13671875, 0.1162109375, 0.1484375, 0.1142578125, 0.115234375, 0.1328125, 0.1220703125, 0.146484375, 0.119140625, 0.1455078125, 0.1259765625, 0.1279296875, 0.126953125, 0.1357421875, 0.1171875, 0.1337890625, 0.1220703125, 0.1298828125, 0.1259765625, 0.126953125, 0.125, 0.126953125, 0.12109375, 0.1142578125, 0.123046875, 0.1328125, 0.1298828125, 0.1259765625, 0.12890625, 0.1142578125, 0.1162109375, 0.115234375, 0.1201171875, 0.123046875, 0.1240234375, 0.1142578125, 0.125, 0.115234375, 0.125, 0.123046875, 0.1123046875, 0.111328125, 0.125, 0.123046875, 0.1240234375, 0.1171875, 0.119140625, 0.1328125, 0.138671875, 0.1279296875, 0.134765625, 0.126953125, 0.1201171875, 0.130859375, 0.1181640625, 0.1259765625, 0.1337890625, 0.1337890625, 0.13671875, 0.1181640625, 0.126953125, 0.119140625, 0.1220703125, 0.1142578125, 0.1142578125, 0.140625, 0.1142578125, 0.1298828125, 0.1171875, 0.1240234375, 0.1298828125, 0.119140625, 0.12109375, 0.111328125, 0.123046875, 0.1337890625, 0.1484375, 0.1416015625, 0.1513671875, 0.1376953125, 0.1201171875, 0.12109375, 0.1279296875, 0.146484375, 0.123046875, 0.125, 0.1337890625, 0.15234375, 0.125, 0.1357421875, 0.125, 0.1142578125, 0.1357421875, 0.123046875, 0.1484375, 0.12890625, 0.1083984375, 0.1328125, 0.13671875, 0.11328125, 0.1337890625, 0.1181640625, 0.125, 0.103515625, 0.1552734375, 0.125, 0.11328125, 0.109375, 0.115234375, 0.1220703125, 0.1181640625, 0.12109375, 0.119140625, 0.125, 0.1171875, 0.1220703125, 0.1201171875, 0.1220703125, 0.1279296875, 0.125, 0.1123046875, 0.109375, 0.115234375, 0.1123046875, 0.12109375, 0.119140625, 0.1181640625, 0.123046875, 0.126953125, 0.125, 0.1279296875, 0.1337890625, 0.12109375, 0.138671875, 0.11328125, 0.11328125, 0.158203125, 0.1162109375, 0.1298828125, 0.119140625, 0.1240234375, 0.111328125, 0.11328125, 0.1162109375, 0.123046875, 0.125, 0.1142578125, 0.1396484375, 0.12109375, 0.1484375, 0.11328125, 0.1142578125, 0.12109375, 0.1123046875, 0.1240234375, 0.1337890625, 0.115234375, 0.142578125, 0.1376953125, 0.1162109375, 0.1201171875, 0.1328125, 0.1142578125, 0.138671875, 0.1142578125, 0.1435546875, 0.125, 0.123046875, 0.1201171875, 0.1240234375, 0.12890625, 0.1298828125, 0.1298828125, 0.1396484375, 0.12109375, 0.1259765625, 0.130859375, 0.1201171875, 0.1279296875, 0.1142578125, 0.12109375, 0.1142578125, 0.123046875, 0.109375, 0.123046875, 0.1240234375, 0.1337890625, 0.123046875, 0.1318359375, 0.119140625, 0.123046875, 0.1318359375, 0.11328125, 0.1220703125, 0.1435546875, 0.1181640625, 0.12890625, 0.1220703125, 0.1435546875, 0.119140625, 0.125, 0.126953125, 0.13671875, 0.119140625, 0.1328125, 0.1357421875, 0.12109375, 0.1337890625, 0.158203125, 0.1240234375, 0.12890625, 0.1298828125, 0.1376953125, 0.1279296875, 0.1474609375, 0.1201171875, 0.1298828125, 0.1201171875, 0.119140625, 0.1220703125, 0.126953125, 0.111328125, 0.125, 0.1318359375, 0.1455078125, 0.111328125, 0.1142578125, 0.1142578125, 0.1123046875, 0.123046875, 0.1171875, 0.1328125, 0.126953125, 0.1357421875, 0.142578125, 0.11328125, 0.12109375, 0.119140625, 0.138671875, 0.14453125, 0.1220703125, 0.12109375, 0.12109375, 0.1298828125, 0.1298828125, 0.119140625, 0.1435546875, 0.1220703125, 0.107421875, 0.123046875, 0.12890625, 0.134765625, 0.1181640625, 0.125, 0.12109375, 0.126953125, 0.1435546875, 0.12890625, 0.12109375, 0.12890625, 0.146484375, 0.1240234375, 0.107421875, 0.1298828125, 0.12890625, 0.14453125, 0.1083984375, 0.134765625, 0.1240234375, 0.1259765625, 0.1318359375, 0.1376953125, 0.125, 0.125, 0.12890625, 0.1337890625, 0.1298828125, 0.1240234375, 0.1171875, 0.1162109375, 0.12109375, 0.1220703125, 0.123046875, 0.1337890625, 0.11328125, 0.1396484375, 0.125, 0.1162109375, 0.15234375, 0.1337890625, 0.115234375, 0.13671875, 0.1171875, 0.138671875, 0.115234375, 0.1162109375, 0.1181640625, 0.119140625, 0.115234375, 0.1123046875, 0.123046875, 0.1123046875, 0.115234375, 0.1171875, 0.146484375, 0.1279296875, 0.1181640625, 0.1201171875, 0.1240234375, 0.1142578125, 0.119140625, 0.1337890625, 0.126953125, 0.125, 0.1533203125, 0.1162109375, 0.119140625, 0.1201171875, 0.1337890625, 0.1328125, 0.1220703125, 0.1201171875, 0.1220703125, 0.1220703125, 0.1318359375, 0.1220703125, 0.1142578125, 0.1171875, 0.126953125, 0.1328125, 0.115234375, 0.119140625, 0.13671875, 0.12109375, 0.130859375, 0.138671875, 0.1376953125, 0.126953125, 0.1142578125, 0.1318359375, 0.1357421875, 0.1279296875, 0.130859375, 0.138671875, 0.1328125, 0.146484375, 0.126953125, 0.119140625, 0.119140625, 0.12890625, 0.125, 0.1318359375, 0.1220703125, 0.12890625, 0.123046875, 0.119140625, 0.126953125, 0.1240234375, 0.15234375, 0.1171875, 0.1201171875, 0.13671875, 0.1240234375, 0.1123046875, 0.1220703125, 0.1435546875, 0.1279296875, 0.13671875, 0.1298828125, 0.130859375, 0.142578125, 0.1240234375, 0.12109375, 0.1318359375, 0.12890625, 0.126953125, 0.1220703125, 0.12109375, 0.1259765625, 0.1162109375, 0.11328125, 0.1240234375, 0.1171875, 0.130859375, 0.1279296875, 0.134765625, 0.142578125, 0.12890625, 0.140625, 0.138671875, 0.115234375, 0.1396484375, 0.1220703125, 0.130859375, 0.119140625, 0.1337890625, 0.1240234375, 0.1474609375, 0.1328125, 0.1298828125, 0.1259765625, 0.1279296875, 0.1162109375, 0.115234375, 0.1318359375, 0.1162109375, 0.1376953125, 0.13671875, 0.1240234375, 0.1455078125, 0.1337890625, 0.125, 0.1259765625, 0.123046875, 0.130859375, 0.1240234375, 0.1142578125, 0.111328125, 0.1181640625, 0.1220703125, 0.1220703125, 0.123046875, 0.1220703125, 0.1279296875, 0.111328125, 0.1083984375, 0.111328125, 0.11328125, 0.1220703125, 0.1220703125, 0.1376953125, 0.119140625, 0.109375, 0.126953125, 0.126953125, 0.1298828125, 0.1416015625, 0.111328125, 0.1162109375, 0.1328125, 0.1318359375, 0.115234375, 0.1279296875, 0.115234375, 0.123046875, 0.115234375, 0.1259765625, 0.125, 0.146484375, 0.134765625, 0.1181640625, 0.130859375, 0.1357421875, 0.1162109375, 0.1259765625, 0.1259765625, 0.1171875, 0.125, 0.1435546875, 0.1171875, 0.13671875]}{"0.25": 0.0, "0.2": 0.0}