"LLR Lambda CHANNEL REPORT"
"---------------------------"
"N=1024"
"design_p=0.04"
"Capacity for 1024channels:775"
"design for rate:775"
"Z Construct--------------------------------------------------------"
"Good Channels:"
[1023, 511, 767, 895, 959, 991, 1007, 1015, 1019, 1021, 255, 383, 639, 1022, 447, 703, 831, 479, 735, 863, 927, 495, 751, 879, 943, 975, 503, 759, 887, 951, 983, 507, 999, 763, 891, 955, 987, 1003, 509, 765, 893, 957, 1011, 989, 1005, 1013, 127, 510, 191, 766, 319, 223, 575, 894, 351, 607, 415, 239, 671, 958, 367, 623, 799, 431, 687, 815, 463, 247, 719, 990, 375, 631, 847, 439, 695, 823, 911, 471, 727, 855, 919, 487, 251, 1006, 743, 379, 635, 871, 443, 699, 827, 935, 1017, 475, 731, 859, 923, 967, 491, 747, 875, 939, 253, 1014, 381, 637, 445, 701, 499, 971, 755, 829, 477, 883, 733, 861, 947, 925, 493, 749, 877, 979, 941, 501, 973, 757, 1018, 254, 63, 382, 885, 95, 638, 995, 159, 446, 111, 287, 702, 175, 543, 949, 303, 830, 207, 559, 478, 119, 335, 734, 183, 591, 311, 399, 862, 215, 567, 655, 343, 981, 599, 783, 407, 926, 494, 231, 663, 123, 750, 359, 187, 615, 791, 315, 878, 423, 505, 219, 571, 679, 761, 347, 603, 807, 889, 411, 942, 455, 235, 667, 711, 363, 619, 795, 839, 953, 997, 427, 683, 502, 125, 758, 811, 903, 1020, 189, 974, 459, 243, 317, 886, 715, 371, 221, 573, 627, 349, 985, 843, 435, 605, 691, 413, 950, 237, 669, 819, 365, 907, 467, 621, 797, 723, 429, 685, 851, 813, 982, 461, 245, 506, 1001, 717, 373, 762, 126, 915, 483, 629, 190, 739, 845, 31, 437, 890, 318, 47, 693, 222, 574, 867, 79, 350, 55, 143, 821, 606, 909, 469, 87, 271, 954, 414, 725, 151, 527, 238, 670, 931, 998, 103, 279, 366, 59, 853, 167, 535, 249, 622, 798, 91, 295, 377, 430, 155, 199, 551, 633, 686, 107, 283, 327, 441, 1009, 485, 986, 917, 171, 539, 583, 697, 741, 814, 246, 963, 299, 391, 508, 462, 374, 203, 555, 647, 825, 764, 61, 718, 869, 115, 473, 630, 331, 93, 179, 729, 438, 587, 775, 892, 157, 846, 307, 694, 395, 109, 285, 211, 563, 857, 933, 651, 173, 541, 339, 822, 1002, 301, 470, 956, 595, 910, 779, 489, 205, 557, 726, 250, 403, 117, 921, 227, 745, 333, 378, 659, 181, 62, 355, 589, 854, 634, 309, 965, 94, 873, 397, 611, 442, 787, 213, 15, 565, 158, 419, 653, 486, 988, 698, 341, 23, 110, 286, 675, 742, 918, 597, 39, 121, 174, 781, 542, 937, 497, 826, 1010, 474, 405, 27, 71, 185, 229, 803, 302, 870, 451, 753, 730, 661, 43, 135, 313, 252, 206, 357, 558, 118, 707, 217, 75, 569, 263, 380, 334, 613, 881, 182, 1004, 858, 789, 51, 345, 421, 139, 519, 934, 636, 590, 969, 29, 835, 310, 490, 444, 83, 601, 398, 677, 267, 45, 214, 566, 746, 409, 233, 945, 700, 147, 654, 523, 922, 77, 342, 122, 453, 899, 805, 665, 361, 99, 275, 53, 966, 598, 141, 874, 476, 186, 828, 782, 709, 617, 1012, 163, 230, 531, 406, 85, 793, 269, 30, 732, 425, 314, 498, 977, 291, 358, 662, 241, 837, 218, 149, 525, 938, 681, 46, 570, 754, 195, 547, 860, 57, 614, 101, 369, 492, 346, 277, 790, 7, 422, 124, 78, 457, 323, 809, 882, 901, 1016, 89, 625, 165, 748, 993, 602, 533, 54, 678, 234, 970, 713, 579, 433, 188, 924, 142, 11, 410, 387, 293, 153, 454, 876, 946, 86, 362, 689, 316, 666, 270, 197, 806, 841, 105, 500, 19, 643, 549, 281, 220, 710, 465, 618, 572, 526, 150, 817, 756, 325, 794, 940, 13, 426, 169, 58, 242, 537, 978, 771, 905, 35, 348, 102, 721, 838, 581, 278, 682, 884, 297, 370, 389, 504, 113, 604, 972, 236, 481, 90, 21, 849, 166, 458, 994, 201, 534, 67, 412, 902, 810, 553, 626, 645, 760, 948, 737, 364, 434, 714, 177, 668, 913, 154, 294, 329, 131, 37, 773, 888, 865, 198, 980, 620, 690, 106, 842, 60, 14, 550, 796, 585, 305, 244, 282, 428, 25, 466, 259, 393, 952, 209, 929, 818, 996, 326, 561, 906, 69, 538, 684, 170, 372, 722, 515, 649, 984, 92, 582, 460, 961, 337, 812, 482, 22, 628, 850, 390, 777, 298, 41, 114, 1000, 716, 133, 248, 436, 593, 225, 738, 646, 202, 914, 156, 401, 554, 844, 692, 1008, 866, 261, 376, 774, 353, 657, 468, 108, 178, 820, 908, 330, 38, 284, 73, 930, 517, 632, 609, 785, 724, 586, 440, 540, 417, 962, 306, 484, 852, 49, 394, 26, 172, 696, 673, 562, 210, 3, 740, 137, 916, 650, 472, 824, 70, 449, 801]
"R order:"
[1023, 511, 767, 895, 959, 991, 1007, 1015, 1019, 1021, 255, 383, 639, 1022, 447, 703, 831, 479, 735, 863, 927, 495, 751, 879, 943, 975, 503, 759, 887, 951, 983, 507, 999, 763, 891, 955, 987, 1003, 509, 765, 893, 957, 1011, 989, 1005, 1013, 127, 510, 191, 766, 319, 223, 575, 894, 351, 607, 415, 239, 671, 958, 367, 623, 799, 431, 687, 815, 463, 247, 719, 990, 375, 631, 847, 439, 695, 823, 911, 471, 727, 855, 919, 487, 251, 1006, 743, 379, 635, 871, 443, 699, 827, 935, 1017, 475, 731, 859, 923, 967, 491, 747, 875, 939, 253, 1014, 381, 637, 445, 701, 499, 971, 755, 829, 477, 883, 733, 861, 947, 925, 493, 749, 877, 979, 941, 501, 973, 757, 1018, 254, 63, 382, 885, 95, 638, 995, 159, 446, 111, 287, 702, 175, 543, 949, 303, 830, 207, 559, 478, 119, 335, 734, 183, 591, 311, 399, 862, 215, 567, 655, 343, 981, 599, 783, 407, 926, 494, 231, 663, 123, 750, 359, 187, 615, 791, 315, 878, 423, 505, 219, 571, 679, 761, 347, 603, 807, 889, 411, 942, 455, 235, 667, 711, 363, 619, 795, 839, 953, 997, 427, 683, 502, 125, 758, 811, 903, 1020, 189, 974, 459, 243, 317, 886, 715, 371, 221, 573, 627, 349, 985, 843, 435, 605, 691, 413, 950, 237, 669, 819, 365, 907, 467, 621, 797, 723, 429, 685, 851, 813, 982, 461, 245, 506, 1001, 717, 373, 762, 126, 915, 483, 629, 190, 739, 845, 31, 437, 890, 318, 47, 693, 222, 574, 867, 79, 350, 55, 143, 821, 606, 909, 469, 87, 271, 954, 414, 725, 151, 527, 238, 670, 931, 998, 103, 279, 366, 59, 853, 167, 535, 249, 622, 798, 91, 295, 377, 430, 155, 199, 551, 633, 686, 107, 283, 327, 441, 1009, 485, 986, 917, 171, 539, 583, 697, 741, 814, 246, 963, 299, 391, 508, 462, 374, 203, 555, 647, 825, 764, 61, 718, 869, 115, 473, 630, 331, 93, 179, 729, 438, 587, 775, 892, 157, 846, 307, 694, 395, 109, 285, 211, 563, 857, 933, 651, 173, 541, 339, 822, 1002, 301, 470, 956, 595, 910, 779, 489, 205, 557, 726, 250, 403, 117, 921, 227, 745, 333, 378, 659, 181, 62, 355, 589, 854, 634, 309, 965, 94, 873, 397, 611, 442, 787, 213, 15, 565, 158, 419, 653, 486, 988, 698, 341, 23, 110, 286, 675, 742, 918, 597, 39, 121, 174, 781, 542, 937, 497, 826, 1010, 474, 405, 27, 71, 185, 229, 803, 302, 870, 451, 753, 730, 661, 43, 135, 313, 252, 206, 357, 558, 118, 707, 217, 75, 569, 263, 380, 334, 613, 881, 182, 1004, 858, 789, 51, 345, 421, 139, 519, 934, 636, 590, 969, 29, 835, 310, 490, 444, 83, 601, 398, 677, 267, 45, 214, 566, 746, 409, 233, 945, 700, 147, 654, 523, 922, 77, 342, 122, 453, 899, 805, 665, 361, 99, 275, 53, 966, 598, 141, 874, 476, 186, 828, 782, 709, 617, 1012, 163, 230, 531, 406, 85, 793, 269, 30, 732, 425, 314, 498, 977, 291, 358, 662, 241, 837, 218, 149, 525, 938, 681, 46, 570, 754, 195, 547, 860, 57, 614, 101, 369, 492, 346, 277, 790, 7, 422, 124, 78, 457, 323, 809, 882, 901, 1016, 89, 625, 165, 748, 993, 602, 533, 54, 678, 234, 970, 713, 579, 433, 188, 924, 142, 11, 410, 387, 293, 153, 454, 876, 946, 86, 362, 689, 316, 666, 270, 197, 806, 841, 105, 500, 19, 643, 549, 281, 220, 710, 465, 618, 572, 526, 150, 817, 756, 325, 794, 940, 13, 426, 169, 58, 242, 537, 978, 771, 905, 35, 348, 102, 721, 838, 581, 278, 682, 884, 297, 370, 389, 504, 113, 604, 972, 236, 481, 90, 21, 849, 166, 458, 994, 201, 534, 67, 412, 902, 810, 553, 626, 645, 760, 948, 737, 364, 434, 714, 177, 668, 913, 154, 294, 329, 131, 37, 773, 888, 865, 198, 980, 620, 690, 106, 842, 60, 14, 550, 796, 585, 305, 244, 282, 428, 25, 466, 259, 393, 952, 209, 929, 818, 996, 326, 561, 906, 69, 538, 684, 170, 372, 722, 515, 649, 984, 92, 582, 460, 961, 337, 812, 482, 22, 628, 850, 390, 777, 298, 41, 114, 1000, 716, 133, 248, 436, 593, 225, 738, 646, 202, 914, 156, 401, 554, 844, 692, 1008, 866, 261, 376, 774, 353, 657, 468, 108, 178, 820, 908, 330, 38, 284, 73, 930, 517, 632, 609, 785, 724, 586, 440, 540, 417, 962, 306, 484, 852, 49, 394, 26, 172, 696, 673, 562, 210, 3, 740, 137, 916, 650, 472, 824, 70, 449, 801, 868, 300, 778, 116, 728, 338, 705, 265, 932, 556, 488, 204, 856, 81, 594, 833, 521, 226, 964, 744, 134, 920, 402, 897, 42, 332, 180, 496, 872, 658, 354, 588, 262, 752, 936, 786, 145, 610, 308, 396, 518, 880, 968, 418, 5, 120, 564, 652, 944, 97, 273, 212, 674, 780, 74, 976, 28, 529, 450, 802, 992, 340, 706, 184, 596, 161, 50, 834, 228, 404, 138, 898, 312, 660, 289, 356, 568, 788, 266, 545, 216, 612, 193, 522, 420, 44, 344, 676, 82, 321, 9, 600, 452, 804, 577, 232, 408, 708, 385, 664, 836, 641, 360, 792, 146, 900, 769, 616, 76, 240, 424, 274, 98, 680, 530, 6, 368, 456, 808, 624, 712, 52, 140, 432, 840, 162, 688, 904, 268, 464, 816, 17, 524, 290, 720, 546, 480, 848, 194, 736, 912, 864, 84, 322, 928, 578, 960, 386, 642, 148, 770, 56, 276, 33, 532, 100, 10, 164, 65, 292, 88, 576, 384, 640, 128, 768, 256, 512, 896, 64, 448, 832, 336, 208, 48, 560, 304, 176, 112, 8, 520, 264, 776, 136, 648, 392, 72, 592, 80, 400, 656, 32, 544, 288, 800, 160, 672, 416, 584, 96, 352, 224, 16, 528, 272, 784, 144, 608, 328, 200, 40, 548, 20, 12, 2, 514, 258, 130, 36, 66, 18, 192, 1, 513, 257, 129, 704, 34, 320, 196, 580, 552, 296, 168, 104, 24, 536, 280, 324, 152, 516, 260, 772, 132, 644, 388, 68, 4, 0]
"Number of good channels:"
775
"R=0.7568359375"
"Frozen channels:"
249
"sim ran for prob:1000"
"Lambdathreshold:30"
"Theta1 (fraction of goodchannels above LT for design channel):59"
"Theta2 (fraction of goodchannels above LT for other channel):59"
"{p:Fraction of good channels abov LT...}"
{"0.15": [0.515625, 0.517578125, 0.5048828125, 0.525390625, 0.517578125, 0.529296875, 0.5146484375, 0.525390625, 0.5205078125, 0.5224609375, 0.509765625, 0.51171875, 0.521484375, 0.515625, 0.5244140625, 0.55078125, 0.5126953125, 0.5283203125, 0.5146484375, 0.5361328125, 0.5087890625, 0.51953125, 0.513671875, 0.5185546875, 0.513671875, 0.509765625, 0.5166015625, 0.51171875, 0.5283203125, 0.513671875, 0.5185546875, 0.517578125, 0.515625, 0.5146484375, 0.5322265625, 0.5244140625, 0.5205078125, 0.5166015625, 0.5224609375, 0.5205078125, 0.5234375, 0.515625, 0.52734375, 0.529296875, 0.51171875, 0.5283203125, 0.5087890625, 0.52734375, 0.51953125, 0.5224609375, 0.52734375, 0.53125, 0.52734375, 0.515625, 0.5107421875, 0.525390625, 0.53515625, 0.5078125, 0.5146484375, 0.5263671875, 0.5087890625, 0.5126953125, 0.5078125, 0.537109375, 0.505859375, 0.5263671875, 0.5224609375, 0.5234375, 0.5107421875, 0.5234375, 0.5185546875, 0.53125, 0.525390625, 0.5224609375, 0.5185546875, 0.51171875, 0.5244140625, 0.5234375, 0.5380859375, 0.5048828125, 0.5302734375, 0.509765625, 0.5234375, 0.5205078125, 0.5263671875, 0.51953125, 0.521484375, 0.525390625, 0.521484375, 0.5166015625, 0.525390625, 0.5224609375, 0.5234375, 0.521484375, 0.525390625, 0.525390625, 0.5283203125, 0.5234375, 0.513671875, 0.5087890625, 0.537109375, 0.5234375, 0.5234375, 0.517578125, 0.51171875, 0.517578125, 0.5146484375, 0.509765625, 0.5205078125, 0.5341796875, 0.509765625, 0.52734375, 0.52734375, 0.5205078125, 0.513671875, 0.5205078125, 0.515625, 0.521484375, 0.515625, 0.5263671875, 0.5205078125, 0.5283203125, 0.50390625, 0.5234375, 0.51953125, 0.517578125, 0.52734375, 0.5078125, 0.5205078125, 0.5234375, 0.5185546875, 0.517578125, 0.5380859375, 0.5263671875, 0.5146484375, 0.515625, 0.52734375, 0.5322265625, 0.51953125, 0.5185546875, 0.5146484375, 0.5234375, 0.517578125, 0.5126953125, 0.5185546875, 0.515625, 0.50390625, 0.53125, 0.5302734375, 0.529296875, 0.5244140625, 0.5283203125, 0.5107421875, 0.51171875, 0.5185546875, 0.5185546875, 0.525390625, 0.5166015625, 0.51953125, 0.5166015625, 0.5244140625, 0.5283203125, 0.529296875, 0.525390625, 0.5166015625, 0.5283203125, 0.5224609375, 0.513671875, 0.521484375, 0.5244140625, 0.5263671875, 0.525390625, 0.53515625, 0.52734375, 0.5205078125, 0.5185546875, 0.513671875, 0.509765625, 0.5283203125, 0.5126953125, 0.509765625, 0.5224609375, 0.529296875, 0.5224609375, 0.5126953125, 0.5341796875, 0.5146484375, 0.5283203125, 0.52734375, 0.5234375, 0.5263671875, 0.517578125, 0.5244140625, 0.5107421875, 0.515625, 0.50390625, 0.5302734375, 0.5205078125, 0.505859375, 0.509765625, 0.525390625, 0.5283203125, 0.5107421875, 0.5205078125, 0.5107421875, 0.5166015625, 0.5244140625, 0.5048828125, 0.529296875, 0.5224609375, 0.5244140625, 0.52734375, 0.5205078125, 0.5263671875, 0.509765625, 0.5244140625, 0.513671875, 0.5166015625, 0.5205078125, 0.51953125, 0.525390625, 0.5166015625, 0.5244140625, 0.5078125, 0.5126953125, 0.5205078125, 0.5224609375, 0.5087890625, 0.5107421875, 0.5185546875, 0.5205078125, 0.5126953125, 0.5224609375, 0.521484375, 0.5302734375, 0.5048828125, 0.5205078125, 0.51171875, 0.521484375, 0.5263671875, 0.5234375, 0.5263671875, 0.51171875, 0.529296875, 0.517578125, 0.53125, 0.53515625, 0.5322265625, 0.5400390625, 0.5107421875, 0.525390625, 0.5322265625, 0.5166015625, 0.5224609375, 0.5166015625, 0.525390625, 0.505859375, 0.529296875, 0.5322265625, 0.5234375, 0.5263671875, 0.52734375, 0.513671875, 0.521484375, 0.513671875, 0.52734375, 0.51953125, 0.505859375, 0.5146484375, 0.5234375, 0.51171875, 0.4970703125, 0.5244140625, 0.5078125, 0.5234375, 0.517578125, 0.5126953125, 0.5029296875, 0.5283203125, 0.517578125, 0.541015625, 0.5263671875, 0.5078125, 0.5068359375, 0.521484375, 0.529296875, 0.515625, 0.5341796875, 0.5244140625, 0.51953125, 0.5166015625, 0.5419921875, 0.5283203125, 0.5146484375, 0.5283203125, 0.505859375, 0.5078125, 0.513671875, 0.5087890625, 0.5224609375, 0.529296875, 0.5146484375, 0.51953125, 0.5185546875, 0.509765625, 0.529296875, 0.5244140625, 0.5146484375, 0.51171875, 0.5244140625, 0.5107421875, 0.52734375, 0.52734375, 0.5048828125, 0.5185546875, 0.5341796875, 0.521484375, 0.5205078125, 0.5107421875, 0.5126953125, 0.5302734375, 0.53125, 0.51953125, 0.5244140625, 0.521484375, 0.50390625, 0.52734375, 0.533203125, 0.501953125, 0.509765625, 0.517578125, 0.515625, 0.515625, 0.5087890625, 0.5185546875, 0.5234375, 0.521484375, 0.517578125, 0.515625, 0.533203125, 0.5224609375, 0.513671875, 0.5302734375, 0.5185546875, 0.5087890625, 0.5224609375, 0.513671875, 0.513671875, 0.5234375, 0.513671875, 0.521484375, 0.5263671875, 0.533203125, 0.515625, 0.517578125, 0.5302734375, 0.513671875, 0.537109375, 0.5029296875, 0.54296875, 0.52734375, 0.5205078125, 0.5283203125, 0.505859375, 0.5224609375, 0.5302734375, 0.521484375, 0.509765625, 0.509765625, 0.5302734375, 0.5205078125, 0.5107421875, 0.5166015625, 0.5185546875, 0.5029296875, 0.521484375, 0.5244140625, 0.5244140625, 0.521484375, 0.515625, 0.5234375, 0.515625, 0.5185546875, 0.509765625, 0.5361328125, 0.5244140625, 0.51171875, 0.5166015625, 0.515625, 0.513671875, 0.5302734375, 0.5087890625, 0.51171875, 0.513671875, 0.521484375, 0.517578125, 0.5126953125, 0.5283203125, 0.53125, 0.5263671875, 0.5087890625, 0.5166015625, 0.51171875, 0.5244140625, 0.52734375, 0.5234375, 0.517578125, 0.5146484375, 0.5166015625, 0.5126953125, 0.5205078125, 0.5224609375, 0.51171875, 0.5322265625, 0.53125, 0.5185546875, 0.5166015625, 0.515625, 0.5244140625, 0.5107421875, 0.5126953125, 0.5263671875, 0.5166015625, 0.5185546875, 0.5078125, 0.521484375, 0.513671875, 0.51171875, 0.525390625, 0.5048828125, 0.515625, 0.5205078125, 0.5146484375, 0.5126953125, 0.5224609375, 0.517578125, 0.5263671875, 0.521484375, 0.5205078125, 0.533203125, 0.5244140625, 0.501953125, 0.51171875, 0.53125, 0.515625, 0.525390625, 0.52734375, 0.529296875, 0.52734375, 0.5283203125, 0.5234375, 0.5146484375, 0.53125, 0.5234375, 0.5029296875, 0.498046875, 0.509765625, 0.521484375, 0.515625, 0.53125, 0.5166015625, 0.525390625, 0.5185546875, 0.5302734375, 0.525390625, 0.5263671875, 0.5205078125, 0.52734375, 0.5087890625, 0.5244140625, 0.5126953125, 0.515625, 0.5244140625, 0.5263671875, 0.5185546875, 0.537109375, 0.5185546875, 0.5224609375, 0.515625, 0.509765625, 0.501953125, 0.5244140625, 0.5234375, 0.5234375, 0.517578125, 0.515625, 0.5283203125, 0.5322265625, 0.509765625, 0.5302734375, 0.5224609375, 0.529296875, 0.51171875, 0.51953125, 0.5224609375, 0.5244140625, 0.51953125, 0.525390625, 0.521484375, 0.5107421875, 0.52734375, 0.5205078125, 0.5322265625, 0.5478515625, 0.5224609375, 0.5224609375, 0.505859375, 0.53125, 0.5087890625, 0.53125, 0.521484375, 0.509765625, 0.52734375, 0.525390625, 0.5244140625, 0.51171875, 0.5107421875, 0.513671875, 0.5302734375, 0.5224609375, 0.517578125, 0.525390625, 0.5107421875, 0.5107421875, 0.509765625, 0.513671875, 0.5244140625, 0.51171875, 0.515625, 0.494140625, 0.525390625, 0.5107421875, 0.533203125, 0.5224609375, 0.529296875, 0.52734375, 0.5234375, 0.517578125, 0.5166015625, 0.5380859375, 0.5283203125, 0.5205078125, 0.525390625, 0.5068359375, 0.5234375, 0.533203125, 0.5205078125, 0.5126953125, 0.515625, 0.517578125, 0.515625, 0.498046875, 0.525390625, 0.5068359375, 0.5146484375, 0.521484375, 0.5087890625, 0.515625, 0.5146484375, 0.5185546875, 0.509765625, 0.5166015625, 0.517578125, 0.521484375, 0.5205078125, 0.5341796875, 0.5087890625, 0.515625, 0.517578125, 0.5166015625, 0.5244140625, 0.5185546875, 0.5244140625, 0.5087890625, 0.5166015625, 0.517578125, 0.5185546875, 0.5234375, 0.517578125, 0.505859375, 0.5185546875, 0.5185546875, 0.5146484375, 0.517578125, 0.5234375, 0.525390625, 0.5263671875, 0.5283203125, 0.5283203125, 0.517578125, 0.5322265625, 0.498046875, 0.5341796875, 0.525390625, 0.513671875, 0.5078125, 0.5185546875, 0.5029296875, 0.515625, 0.52734375, 0.513671875, 0.525390625, 0.515625, 0.52734375, 0.529296875, 0.5244140625, 0.529296875, 0.52734375, 0.5078125, 0.5244140625, 0.51953125, 0.51171875, 0.5263671875, 0.5087890625, 0.515625, 0.5107421875, 0.521484375, 0.509765625, 0.5107421875, 0.5068359375, 0.515625, 0.53125, 0.50390625, 0.5078125, 0.517578125, 0.537109375, 0.5185546875, 0.521484375, 0.5361328125, 0.541015625, 0.51953125, 0.521484375, 0.517578125, 0.533203125, 0.5302734375, 0.51953125, 0.5283203125, 0.5126953125, 0.521484375, 0.515625, 0.521484375, 0.5263671875, 0.521484375, 0.5205078125, 0.5068359375, 0.5302734375, 0.51953125, 0.515625, 0.5087890625, 0.5, 0.525390625, 0.51953125, 0.5224609375, 0.51953125, 0.5185546875, 0.5244140625, 0.5234375, 0.5341796875, 0.52734375, 0.5234375, 0.537109375, 0.5244140625, 0.5107421875, 0.521484375, 0.525390625, 0.52734375, 0.5224609375, 0.5146484375, 0.53515625, 0.513671875, 0.5283203125, 0.5244140625, 0.52734375, 0.517578125, 0.5302734375, 0.529296875, 0.5205078125, 0.529296875, 0.51953125, 0.525390625, 0.53125, 0.529296875, 0.5087890625, 0.5224609375, 0.5205078125, 0.5068359375, 0.517578125, 0.5283203125, 0.5302734375, 0.529296875, 0.53125, 0.5185546875, 0.5126953125, 0.5107421875, 0.521484375, 0.525390625, 0.5263671875, 0.5107421875, 0.515625, 0.5361328125, 0.52734375, 0.4931640625, 0.51953125, 0.52734375, 0.5166015625, 0.521484375, 0.5068359375, 0.5185546875, 0.509765625, 0.51953125, 0.525390625, 0.5185546875, 0.5283203125, 0.525390625, 0.5244140625, 0.529296875, 0.5107421875, 0.5283203125, 0.5224609375, 0.5146484375, 0.5166015625, 0.5068359375, 0.5185546875, 0.525390625, 0.529296875, 0.5126953125, 0.509765625, 0.5166015625, 0.5234375, 0.5341796875, 0.5390625, 0.515625, 0.529296875, 0.5283203125, 0.513671875, 0.51953125, 0.521484375, 0.5263671875, 0.521484375, 0.5185546875, 0.5283203125, 0.5234375, 0.52734375, 0.5205078125, 0.5234375, 0.5166015625, 0.5185546875, 0.525390625, 0.515625, 0.515625, 0.513671875, 0.5244140625, 0.5322265625, 0.5224609375, 0.5283203125, 0.521484375, 0.5107421875, 0.5224609375, 0.51171875, 0.5126953125, 0.5029296875, 0.5185546875, 0.5166015625, 0.51953125, 0.517578125, 0.5283203125, 0.5283203125, 0.5244140625, 0.501953125, 0.5068359375, 0.5107421875, 0.5166015625, 0.52734375, 0.5048828125, 0.509765625, 0.5244140625, 0.5, 0.52734375, 0.51171875, 0.5244140625, 0.5166015625, 0.5234375, 0.5263671875, 0.5244140625, 0.509765625, 0.5283203125, 0.53125, 0.53515625, 0.513671875, 0.5283203125, 0.5244140625, 0.5078125, 0.5224609375, 0.5224609375, 0.533203125, 0.517578125, 0.5224609375, 0.525390625, 0.54296875, 0.5009765625, 0.5107421875, 0.515625, 0.5390625, 0.517578125, 0.5302734375, 0.5263671875, 0.5185546875, 0.515625, 0.5302734375, 0.5341796875, 0.515625, 0.54296875, 0.5185546875, 0.509765625, 0.5263671875, 0.5126953125, 0.5087890625, 0.529296875, 0.5107421875, 0.51171875, 0.5302734375, 0.5341796875, 0.515625, 0.521484375, 0.5244140625, 0.5361328125, 0.51953125, 0.5302734375, 0.521484375, 0.5087890625, 0.5107421875, 0.5224609375, 0.5, 0.5283203125, 0.50390625, 0.517578125, 0.5263671875, 0.529296875, 0.53125, 0.5185546875, 0.51171875, 0.517578125, 0.5283203125, 0.5126953125, 0.529296875, 0.5205078125, 0.51953125, 0.5302734375, 0.5146484375, 0.5205078125, 0.51171875, 0.501953125, 0.5244140625, 0.50390625, 0.521484375, 0.525390625, 0.529296875, 0.533203125, 0.5185546875, 0.5244140625, 0.5146484375, 0.52734375, 0.517578125, 0.5244140625, 0.5224609375, 0.5322265625, 0.53515625, 0.517578125, 0.5234375, 0.5302734375, 0.51953125, 0.5126953125, 0.5107421875, 0.5126953125, 0.5166015625, 0.517578125, 0.525390625, 0.517578125, 0.517578125, 0.51953125, 0.5087890625, 0.517578125, 0.533203125, 0.5205078125, 0.5283203125, 0.501953125, 0.5048828125, 0.5048828125, 0.5146484375, 0.525390625, 0.5302734375, 0.53125, 0.521484375, 0.5009765625, 0.5234375, 0.5263671875, 0.5107421875, 0.513671875, 0.5283203125, 0.517578125, 0.5078125, 0.5146484375, 0.521484375, 0.5322265625, 0.51171875, 0.5078125, 0.5205078125, 0.517578125, 0.5390625, 0.5185546875, 0.5205078125, 0.5126953125, 0.5224609375, 0.521484375, 0.5166015625, 0.52734375, 0.5068359375, 0.521484375, 0.513671875, 0.517578125, 0.515625, 0.5087890625, 0.5205078125, 0.5048828125, 0.52734375, 0.5126953125, 0.52734375, 0.50390625, 0.5283203125, 0.5224609375, 0.5234375, 0.5126953125, 0.5166015625, 0.53125, 0.51953125, 0.5283203125, 0.521484375, 0.521484375, 0.5029296875, 0.5361328125, 0.5146484375, 0.521484375, 0.5322265625, 0.5087890625, 0.5263671875, 0.521484375, 0.515625, 0.515625, 0.5478515625, 0.5263671875, 0.5263671875, 0.5205078125, 0.50390625, 0.5146484375, 0.51171875, 0.5322265625, 0.51953125, 0.525390625, 0.5341796875, 0.5283203125, 0.5390625, 0.5224609375, 0.5087890625, 0.5234375, 0.5185546875, 0.515625, 0.515625, 0.517578125, 0.521484375, 0.5087890625, 0.5185546875, 0.513671875, 0.5087890625, 0.5322265625, 0.5322265625, 0.5, 0.533203125, 0.51171875, 0.5224609375, 0.501953125, 0.51171875, 0.521484375, 0.525390625, 0.5341796875, 0.5390625, 0.529296875, 0.5185546875, 0.517578125, 0.53125, 0.5341796875, 0.50390625, 0.525390625, 0.5234375, 0.5166015625, 0.5205078125, 0.5166015625, 0.5205078125, 0.52734375, 0.5126953125, 0.5302734375], "0.25": [0.53125, 0.5244140625, 0.5263671875, 0.51171875, 0.513671875, 0.51171875, 0.513671875, 0.5078125, 0.51953125, 0.5283203125, 0.521484375, 0.5244140625, 0.5244140625, 0.515625, 0.515625, 0.5146484375, 0.5283203125, 0.525390625, 0.5146484375, 0.5166015625, 0.52734375, 0.5146484375, 0.5234375, 0.521484375, 0.51953125, 0.515625, 0.5283203125, 0.5185546875, 0.5283203125, 0.5263671875, 0.5244140625, 0.5283203125, 0.509765625, 0.5166015625, 0.5048828125, 0.5263671875, 0.5, 0.5126953125, 0.5126953125, 0.513671875, 0.5146484375, 0.5263671875, 0.517578125, 0.517578125, 0.5302734375, 0.5224609375, 0.5390625, 0.5087890625, 0.5234375, 0.5263671875, 0.5068359375, 0.5244140625, 0.51953125, 0.515625, 0.4990234375, 0.5087890625, 0.5126953125, 0.5087890625, 0.52734375, 0.525390625, 0.5390625, 0.515625, 0.5087890625, 0.529296875, 0.5146484375, 0.5224609375, 0.51953125, 0.52734375, 0.5224609375, 0.513671875, 0.517578125, 0.5400390625, 0.51171875, 0.5166015625, 0.5302734375, 0.5234375, 0.5146484375, 0.5322265625, 0.517578125, 0.5166015625, 0.521484375, 0.51171875, 0.517578125, 0.5283203125, 0.521484375, 0.525390625, 0.5205078125, 0.5244140625, 0.529296875, 0.53515625, 0.529296875, 0.5146484375, 0.517578125, 0.517578125, 0.525390625, 0.51953125, 0.5234375, 0.51171875, 0.517578125, 0.509765625, 0.51953125, 0.5205078125, 0.529296875, 0.5126953125, 0.5361328125, 0.5068359375, 0.52734375, 0.5224609375, 0.5185546875, 0.521484375, 0.521484375, 0.537109375, 0.515625, 0.5361328125, 0.5263671875, 0.5146484375, 0.5146484375, 0.5048828125, 0.5283203125, 0.509765625, 0.49609375, 0.54296875, 0.5283203125, 0.5244140625, 0.5185546875, 0.5166015625, 0.5283203125, 0.517578125, 0.5146484375, 0.5087890625, 0.5234375, 0.5244140625, 0.517578125, 0.5126953125, 0.525390625, 0.5283203125, 0.5224609375, 0.5009765625, 0.51953125, 0.5087890625, 0.5224609375, 0.5126953125, 0.5126953125, 0.5380859375, 0.51171875, 0.5107421875, 0.529296875, 0.51953125, 0.5283203125, 0.5234375, 0.5341796875, 0.51953125, 0.53515625, 0.529296875, 0.53125, 0.5302734375, 0.5302734375, 0.521484375, 0.529296875, 0.5234375, 0.5263671875, 0.537109375, 0.5322265625, 0.515625, 0.51953125, 0.5244140625, 0.5263671875, 0.5126953125, 0.525390625, 0.51953125, 0.505859375, 0.517578125, 0.5185546875, 0.5048828125, 0.5087890625, 0.53125, 0.533203125, 0.521484375, 0.5283203125, 0.513671875, 0.521484375, 0.5107421875, 0.533203125, 0.5263671875, 0.52734375, 0.5166015625, 0.5205078125, 0.5361328125, 0.50390625, 0.5244140625, 0.5244140625, 0.52734375, 0.5126953125, 0.5166015625, 0.5322265625, 0.5107421875, 0.515625, 0.5048828125, 0.5224609375, 0.5205078125, 0.5341796875, 0.51171875, 0.5224609375, 0.52734375, 0.51953125, 0.5322265625, 0.5302734375, 0.517578125, 0.51953125, 0.505859375, 0.529296875, 0.5107421875, 0.5068359375, 0.533203125, 0.515625, 0.5146484375, 0.513671875, 0.5107421875, 0.517578125, 0.53125, 0.5029296875, 0.53125, 0.5263671875, 0.521484375, 0.521484375, 0.5078125, 0.5205078125, 0.529296875, 0.5166015625, 0.53515625, 0.5244140625, 0.509765625, 0.5068359375, 0.5283203125, 0.521484375, 0.5126953125, 0.513671875, 0.5224609375, 0.509765625, 0.51171875, 0.52734375, 0.5126953125, 0.533203125, 0.5126953125, 0.517578125, 0.529296875, 0.5224609375, 0.5078125, 0.5244140625, 0.515625, 0.5166015625, 0.51953125, 0.525390625, 0.5078125, 0.5185546875, 0.5185546875, 0.5322265625, 0.5224609375, 0.552734375, 0.5244140625, 0.5263671875, 0.5234375, 0.5361328125, 0.5087890625, 0.5107421875, 0.5146484375, 0.529296875, 0.521484375, 0.509765625, 0.5068359375, 0.5146484375, 0.5126953125, 0.5166015625, 0.5234375, 0.5146484375, 0.5126953125, 0.5185546875, 0.53125, 0.5205078125, 0.5107421875, 0.5244140625, 0.51953125, 0.5244140625, 0.51953125, 0.509765625, 0.4970703125, 0.5263671875, 0.509765625, 0.5380859375, 0.521484375, 0.51953125, 0.5234375, 0.525390625, 0.5244140625, 0.5283203125, 0.5244140625, 0.52734375, 0.5283203125, 0.53515625, 0.5205078125, 0.51171875, 0.5126953125, 0.517578125, 0.5380859375, 0.521484375, 0.5205078125, 0.51953125, 0.5380859375, 0.5283203125, 0.53515625, 0.517578125, 0.525390625, 0.517578125, 0.5234375, 0.5263671875, 0.5205078125, 0.521484375, 0.5166015625, 0.5234375, 0.521484375, 0.5322265625, 0.5302734375, 0.51953125, 0.53515625, 0.521484375, 0.5146484375, 0.5283203125, 0.5224609375, 0.51953125, 0.533203125, 0.5283203125, 0.5048828125, 0.513671875, 0.517578125, 0.52734375, 0.52734375, 0.53125, 0.525390625, 0.505859375, 0.533203125, 0.525390625, 0.53125, 0.5185546875, 0.537109375, 0.529296875, 0.513671875, 0.521484375, 0.5234375, 0.5185546875, 0.5107421875, 0.533203125, 0.525390625, 0.5205078125, 0.5224609375, 0.5224609375, 0.5283203125, 0.5185546875, 0.5126953125, 0.5126953125, 0.541015625, 0.515625, 0.5078125, 0.5126953125, 0.51953125, 0.5107421875, 0.52734375, 0.5263671875, 0.5126953125, 0.5185546875, 0.505859375, 0.501953125, 0.52734375, 0.529296875, 0.5263671875, 0.5302734375, 0.5126953125, 0.513671875, 0.521484375, 0.5244140625, 0.541015625, 0.521484375, 0.5380859375, 0.5126953125, 0.515625, 0.515625, 0.5126953125, 0.5234375, 0.5166015625, 0.5400390625, 0.5234375, 0.5126953125, 0.505859375, 0.51953125, 0.5263671875, 0.53125, 0.5048828125, 0.5126953125, 0.517578125, 0.521484375, 0.521484375, 0.5185546875, 0.5107421875, 0.525390625, 0.5185546875, 0.5205078125, 0.52734375, 0.5302734375, 0.5341796875, 0.517578125, 0.5185546875, 0.5234375, 0.5263671875, 0.5244140625, 0.51171875, 0.5146484375, 0.5107421875, 0.51171875, 0.517578125, 0.5205078125, 0.5419921875, 0.515625, 0.5166015625, 0.505859375, 0.5185546875, 0.509765625, 0.5400390625, 0.5224609375, 0.529296875, 0.51171875, 0.5107421875, 0.505859375, 0.5361328125, 0.5185546875, 0.5400390625, 0.54296875, 0.51953125, 0.5126953125, 0.509765625, 0.5029296875, 0.513671875, 0.5322265625, 0.5302734375, 0.517578125, 0.5224609375, 0.50390625, 0.5087890625, 0.517578125, 0.533203125, 0.5234375, 0.5126953125, 0.5380859375, 0.515625, 0.5185546875, 0.513671875, 0.53125, 0.5244140625, 0.5244140625, 0.51953125, 0.533203125, 0.5322265625, 0.517578125, 0.5322265625, 0.5185546875, 0.5322265625, 0.521484375, 0.5302734375, 0.5166015625, 0.52734375, 0.5185546875, 0.509765625, 0.5322265625, 0.53125, 0.513671875, 0.5322265625, 0.509765625, 0.5205078125, 0.5400390625, 0.5234375, 0.5205078125, 0.5185546875, 0.5419921875, 0.5224609375, 0.5302734375, 0.515625, 0.5185546875, 0.5244140625, 0.5302734375, 0.5224609375, 0.5224609375, 0.509765625, 0.5234375, 0.5283203125, 0.525390625, 0.5234375, 0.5263671875, 0.5048828125, 0.5185546875, 0.5322265625, 0.5322265625, 0.515625, 0.513671875, 0.5263671875, 0.51171875, 0.513671875, 0.5205078125, 0.5205078125, 0.5244140625, 0.515625, 0.5185546875, 0.5283203125, 0.505859375, 0.521484375, 0.5185546875, 0.5283203125, 0.53125, 0.5234375, 0.5224609375, 0.5224609375, 0.5146484375, 0.521484375, 0.5234375, 0.5244140625, 0.529296875, 0.513671875, 0.529296875, 0.5244140625, 0.517578125, 0.5244140625, 0.5185546875, 0.5283203125, 0.509765625, 0.5048828125, 0.513671875, 0.53125, 0.5205078125, 0.5205078125, 0.509765625, 0.509765625, 0.52734375, 0.4970703125, 0.4990234375, 0.5146484375, 0.5146484375, 0.5234375, 0.515625, 0.51953125, 0.4990234375, 0.5244140625, 0.5166015625, 0.5107421875, 0.5263671875, 0.5185546875, 0.509765625, 0.5263671875, 0.5166015625, 0.51953125, 0.5302734375, 0.5029296875, 0.51171875, 0.5263671875, 0.513671875, 0.5126953125, 0.529296875, 0.5126953125, 0.505859375, 0.517578125, 0.5087890625, 0.5361328125, 0.5283203125, 0.517578125, 0.521484375, 0.5126953125, 0.5078125, 0.513671875, 0.5166015625, 0.515625, 0.521484375, 0.5009765625, 0.5283203125, 0.5185546875, 0.53515625, 0.529296875, 0.5224609375, 0.5205078125, 0.5185546875, 0.5263671875, 0.521484375, 0.5234375, 0.541015625, 0.5146484375, 0.5205078125, 0.5126953125, 0.515625, 0.5166015625, 0.5302734375, 0.515625, 0.501953125, 0.52734375, 0.5380859375, 0.51953125, 0.50390625, 0.51953125, 0.5322265625, 0.51171875, 0.5146484375, 0.5068359375, 0.53515625, 0.5078125, 0.509765625, 0.5302734375, 0.5126953125, 0.53125, 0.5146484375, 0.521484375, 0.5224609375, 0.5205078125, 0.529296875, 0.5185546875, 0.51171875, 0.525390625, 0.513671875, 0.4990234375, 0.5029296875, 0.5244140625, 0.52734375, 0.5068359375, 0.5126953125, 0.525390625, 0.513671875, 0.5205078125, 0.5107421875, 0.509765625, 0.53125, 0.53125, 0.5146484375, 0.5205078125, 0.5078125, 0.5234375, 0.5224609375, 0.5126953125, 0.5107421875, 0.515625, 0.5166015625, 0.5234375, 0.533203125, 0.5068359375, 0.4921875, 0.5185546875, 0.5087890625, 0.51171875, 0.513671875, 0.5126953125, 0.51953125, 0.5107421875, 0.521484375, 0.5302734375, 0.5126953125, 0.5224609375, 0.52734375, 0.5380859375, 0.521484375, 0.521484375, 0.5146484375, 0.513671875, 0.513671875, 0.5166015625, 0.51953125, 0.53515625, 0.5087890625, 0.513671875, 0.529296875, 0.53125, 0.5234375, 0.521484375, 0.5224609375, 0.5302734375, 0.505859375, 0.5029296875, 0.513671875, 0.525390625, 0.51953125, 0.517578125, 0.5166015625, 0.5185546875, 0.5224609375, 0.5068359375, 0.52734375, 0.5185546875, 0.5244140625, 0.505859375, 0.5126953125, 0.525390625, 0.5234375, 0.5166015625, 0.50390625, 0.5244140625, 0.544921875, 0.5146484375, 0.51953125, 0.525390625, 0.5234375, 0.5263671875, 0.5068359375, 0.5126953125, 0.5078125, 0.5048828125, 0.5263671875, 0.529296875, 0.5224609375, 0.521484375, 0.5107421875, 0.52734375, 0.517578125, 0.51953125, 0.5087890625, 0.53515625, 0.53515625, 0.5302734375, 0.5224609375, 0.533203125, 0.5185546875, 0.5185546875, 0.513671875, 0.5419921875, 0.5361328125, 0.5302734375, 0.5244140625, 0.5126953125, 0.5087890625, 0.537109375, 0.5126953125, 0.5283203125, 0.5283203125, 0.51171875, 0.5166015625, 0.5078125, 0.5224609375, 0.51171875, 0.537109375, 0.515625, 0.513671875, 0.517578125, 0.51953125, 0.5126953125, 0.529296875, 0.5126953125, 0.5224609375, 0.5224609375, 0.5283203125, 0.5078125, 0.5029296875, 0.51171875, 0.509765625, 0.5322265625, 0.5146484375, 0.53515625, 0.5166015625, 0.5322265625, 0.5361328125, 0.5048828125, 0.5205078125, 0.5078125, 0.5078125, 0.533203125, 0.529296875, 0.513671875, 0.515625, 0.5244140625, 0.5341796875, 0.515625, 0.498046875, 0.53125, 0.5302734375, 0.5224609375, 0.517578125, 0.52734375, 0.52734375, 0.521484375, 0.509765625, 0.51953125, 0.5107421875, 0.51953125, 0.515625, 0.509765625, 0.5244140625, 0.5068359375, 0.5029296875, 0.5283203125, 0.5224609375, 0.541015625, 0.5361328125, 0.51171875, 0.51171875, 0.5283203125, 0.51953125, 0.5283203125, 0.521484375, 0.501953125, 0.533203125, 0.529296875, 0.5185546875, 0.515625, 0.509765625, 0.501953125, 0.529296875, 0.509765625, 0.5263671875, 0.5048828125, 0.50390625, 0.5283203125, 0.52734375, 0.5322265625, 0.5087890625, 0.5341796875, 0.5234375, 0.529296875, 0.5234375, 0.5224609375, 0.5185546875, 0.517578125, 0.5224609375, 0.51953125, 0.51171875, 0.5185546875, 0.529296875, 0.5283203125, 0.525390625, 0.5107421875, 0.5205078125, 0.5048828125, 0.51953125, 0.5166015625, 0.51953125, 0.5205078125, 0.53515625, 0.53125, 0.5107421875, 0.513671875, 0.5244140625, 0.5263671875, 0.515625, 0.5263671875, 0.5341796875, 0.5234375, 0.5283203125, 0.5185546875, 0.5234375, 0.5224609375, 0.517578125, 0.521484375, 0.5205078125, 0.525390625, 0.5244140625, 0.5078125, 0.51171875, 0.515625, 0.5068359375, 0.529296875, 0.5146484375, 0.525390625, 0.517578125, 0.5283203125, 0.5146484375, 0.515625, 0.52734375, 0.5322265625, 0.51953125, 0.525390625, 0.5166015625, 0.515625, 0.5224609375, 0.5244140625, 0.5361328125, 0.5146484375, 0.5380859375, 0.5322265625, 0.509765625, 0.5458984375, 0.51171875, 0.521484375, 0.5224609375, 0.5302734375, 0.505859375, 0.5185546875, 0.521484375, 0.529296875, 0.5146484375, 0.5244140625, 0.5263671875, 0.5078125, 0.5263671875, 0.5263671875, 0.5146484375, 0.5263671875, 0.5048828125, 0.5234375, 0.5087890625, 0.529296875, 0.5146484375, 0.5078125, 0.5234375, 0.5126953125, 0.5263671875, 0.51171875, 0.5166015625, 0.5361328125, 0.509765625, 0.5068359375, 0.52734375, 0.5224609375, 0.5205078125, 0.5087890625, 0.5185546875, 0.515625, 0.5087890625, 0.5322265625, 0.5234375, 0.5224609375, 0.5263671875, 0.5107421875, 0.5205078125, 0.5244140625, 0.5283203125, 0.5263671875, 0.525390625, 0.515625, 0.5146484375, 0.5185546875, 0.5224609375, 0.5146484375, 0.5087890625, 0.5107421875, 0.5078125, 0.529296875, 0.5166015625, 0.5341796875, 0.4970703125, 0.5146484375, 0.51953125, 0.5087890625, 0.5244140625, 0.5341796875, 0.52734375, 0.5185546875, 0.5283203125, 0.5283203125, 0.529296875, 0.5400390625, 0.529296875, 0.525390625, 0.5234375, 0.5146484375, 0.5322265625, 0.5234375, 0.5224609375, 0.521484375, 0.5263671875, 0.513671875, 0.5283203125, 0.529296875, 0.5126953125, 0.5185546875, 0.53515625, 0.51953125, 0.5244140625, 0.51953125, 0.5166015625, 0.5263671875, 0.5224609375, 0.5166015625, 0.5166015625, 0.5283203125, 0.51171875, 0.513671875, 0.5087890625, 0.5341796875, 0.5234375, 0.4970703125, 0.51953125, 0.5166015625, 0.529296875, 0.5205078125, 0.5078125, 0.5078125, 0.5048828125, 0.517578125, 0.5224609375, 0.5146484375, 0.521484375, 0.521484375, 0.5107421875, 0.533203125, 0.5244140625, 0.5078125, 0.5302734375, 0.529296875, 0.5205078125, 0.529296875, 0.537109375, 0.5205078125], "0.2": [0.5107421875, 0.5302734375, 0.509765625, 0.5087890625, 0.5009765625, 0.517578125, 0.5263671875, 0.5234375, 0.533203125, 0.52734375, 0.515625, 0.5224609375, 0.5283203125, 0.509765625, 0.5283203125, 0.5322265625, 0.5302734375, 0.5205078125, 0.517578125, 0.5234375, 0.5185546875, 0.509765625, 0.52734375, 0.51171875, 0.544921875, 0.5087890625, 0.5068359375, 0.525390625, 0.521484375, 0.517578125, 0.5185546875, 0.51953125, 0.51171875, 0.5341796875, 0.515625, 0.4931640625, 0.525390625, 0.51953125, 0.5205078125, 0.5244140625, 0.521484375, 0.5205078125, 0.5283203125, 0.5126953125, 0.517578125, 0.5224609375, 0.521484375, 0.5146484375, 0.5185546875, 0.5302734375, 0.5224609375, 0.4970703125, 0.52734375, 0.525390625, 0.5048828125, 0.5166015625, 0.52734375, 0.51171875, 0.513671875, 0.529296875, 0.5205078125, 0.529296875, 0.5107421875, 0.5029296875, 0.525390625, 0.51953125, 0.5048828125, 0.5361328125, 0.525390625, 0.515625, 0.5185546875, 0.515625, 0.53515625, 0.5107421875, 0.517578125, 0.533203125, 0.5283203125, 0.5244140625, 0.50390625, 0.51171875, 0.5166015625, 0.513671875, 0.5146484375, 0.5126953125, 0.5185546875, 0.521484375, 0.5263671875, 0.5234375, 0.52734375, 0.51953125, 0.51953125, 0.5166015625, 0.521484375, 0.5283203125, 0.521484375, 0.517578125, 0.533203125, 0.51953125, 0.5185546875, 0.5380859375, 0.5322265625, 0.5263671875, 0.53125, 0.5185546875, 0.5234375, 0.5380859375, 0.4990234375, 0.5302734375, 0.525390625, 0.5419921875, 0.521484375, 0.517578125, 0.5322265625, 0.525390625, 0.529296875, 0.509765625, 0.525390625, 0.544921875, 0.51953125, 0.51953125, 0.5126953125, 0.505859375, 0.5322265625, 0.525390625, 0.5244140625, 0.51953125, 0.505859375, 0.5166015625, 0.525390625, 0.5390625, 0.525390625, 0.5205078125, 0.5205078125, 0.521484375, 0.5166015625, 0.521484375, 0.51953125, 0.51953125, 0.5234375, 0.525390625, 0.5185546875, 0.5322265625, 0.5166015625, 0.525390625, 0.5185546875, 0.513671875, 0.5244140625, 0.5341796875, 0.5205078125, 0.5009765625, 0.5087890625, 0.5166015625, 0.5146484375, 0.5224609375, 0.513671875, 0.51171875, 0.517578125, 0.521484375, 0.54296875, 0.5234375, 0.5244140625, 0.525390625, 0.5185546875, 0.5224609375, 0.51953125, 0.50390625, 0.5244140625, 0.5029296875, 0.529296875, 0.5546875, 0.5068359375, 0.50390625, 0.5107421875, 0.51953125, 0.517578125, 0.529296875, 0.517578125, 0.525390625, 0.509765625, 0.515625, 0.521484375, 0.5126953125, 0.5234375, 0.505859375, 0.51171875, 0.505859375, 0.513671875, 0.517578125, 0.505859375, 0.5185546875, 0.533203125, 0.5126953125, 0.5048828125, 0.513671875, 0.5224609375, 0.5205078125, 0.4892578125, 0.5078125, 0.5126953125, 0.5205078125, 0.5146484375, 0.529296875, 0.5166015625, 0.5322265625, 0.5126953125, 0.51953125, 0.51953125, 0.5302734375, 0.5087890625, 0.5185546875, 0.52734375, 0.5166015625, 0.5224609375, 0.50390625, 0.53125, 0.55078125, 0.5087890625, 0.53125, 0.515625, 0.52734375, 0.509765625, 0.5126953125, 0.5166015625, 0.5244140625, 0.5185546875, 0.529296875, 0.537109375, 0.5302734375, 0.5068359375, 0.51953125, 0.517578125, 0.5224609375, 0.5263671875, 0.5166015625, 0.5185546875, 0.51953125, 0.5146484375, 0.5107421875, 0.525390625, 0.5234375, 0.5029296875, 0.509765625, 0.5068359375, 0.505859375, 0.533203125, 0.513671875, 0.5400390625, 0.517578125, 0.5126953125, 0.521484375, 0.5185546875, 0.5400390625, 0.5205078125, 0.5263671875, 0.513671875, 0.51171875, 0.5068359375, 0.498046875, 0.525390625, 0.5048828125, 0.517578125, 0.525390625, 0.5107421875, 0.5185546875, 0.5166015625, 0.513671875, 0.521484375, 0.517578125, 0.53515625, 0.5107421875, 0.5185546875, 0.5166015625, 0.51171875, 0.515625, 0.5283203125, 0.5283203125, 0.5263671875, 0.53515625, 0.5146484375, 0.5302734375, 0.51953125, 0.5185546875, 0.5048828125, 0.525390625, 0.5419921875, 0.5390625, 0.533203125, 0.517578125, 0.51953125, 0.5302734375, 0.5400390625, 0.51953125, 0.529296875, 0.5185546875, 0.53515625, 0.53515625, 0.5244140625, 0.529296875, 0.5166015625, 0.5185546875, 0.5234375, 0.529296875, 0.5322265625, 0.517578125, 0.5322265625, 0.5126953125, 0.517578125, 0.517578125, 0.5146484375, 0.5126953125, 0.52734375, 0.5380859375, 0.52734375, 0.5263671875, 0.5146484375, 0.525390625, 0.525390625, 0.515625, 0.529296875, 0.52734375, 0.515625, 0.5341796875, 0.515625, 0.51953125, 0.5185546875, 0.505859375, 0.5048828125, 0.5146484375, 0.5263671875, 0.525390625, 0.5068359375, 0.5439453125, 0.515625, 0.5224609375, 0.517578125, 0.5244140625, 0.5107421875, 0.521484375, 0.51953125, 0.5205078125, 0.521484375, 0.5185546875, 0.517578125, 0.5166015625, 0.5078125, 0.515625, 0.5087890625, 0.509765625, 0.5126953125, 0.5390625, 0.5234375, 0.513671875, 0.5205078125, 0.5263671875, 0.51171875, 0.5322265625, 0.50390625, 0.5263671875, 0.517578125, 0.5283203125, 0.51953125, 0.51953125, 0.5244140625, 0.5322265625, 0.5146484375, 0.509765625, 0.509765625, 0.5107421875, 0.5263671875, 0.505859375, 0.5146484375, 0.515625, 0.5048828125, 0.5185546875, 0.529296875, 0.5166015625, 0.5068359375, 0.513671875, 0.5234375, 0.525390625, 0.5107421875, 0.51171875, 0.5185546875, 0.5146484375, 0.517578125, 0.529296875, 0.49609375, 0.5126953125, 0.5224609375, 0.515625, 0.5126953125, 0.515625, 0.525390625, 0.51171875, 0.548828125, 0.5146484375, 0.5244140625, 0.5205078125, 0.5185546875, 0.5322265625, 0.51953125, 0.5341796875, 0.5185546875, 0.515625, 0.515625, 0.533203125, 0.521484375, 0.5234375, 0.52734375, 0.513671875, 0.5146484375, 0.525390625, 0.5205078125, 0.5322265625, 0.521484375, 0.5322265625, 0.5234375, 0.5263671875, 0.5078125, 0.5126953125, 0.5126953125, 0.515625, 0.546875, 0.5234375, 0.5048828125, 0.51953125, 0.5205078125, 0.5283203125, 0.5205078125, 0.5224609375, 0.5185546875, 0.5107421875, 0.5263671875, 0.525390625, 0.5244140625, 0.5146484375, 0.517578125, 0.51171875, 0.517578125, 0.5244140625, 0.5244140625, 0.5322265625, 0.5146484375, 0.521484375, 0.5126953125, 0.521484375, 0.5126953125, 0.515625, 0.5166015625, 0.5224609375, 0.5263671875, 0.5341796875, 0.5166015625, 0.5263671875, 0.5224609375, 0.5234375, 0.521484375, 0.5166015625, 0.5185546875, 0.525390625, 0.4951171875, 0.5126953125, 0.5185546875, 0.521484375, 0.509765625, 0.5234375, 0.5263671875, 0.5244140625, 0.5234375, 0.5205078125, 0.525390625, 0.521484375, 0.5341796875, 0.5341796875, 0.5400390625, 0.5126953125, 0.5244140625, 0.51953125, 0.521484375, 0.5302734375, 0.515625, 0.537109375, 0.529296875, 0.5166015625, 0.521484375, 0.5146484375, 0.5283203125, 0.5234375, 0.5234375, 0.5234375, 0.5205078125, 0.521484375, 0.5166015625, 0.513671875, 0.5185546875, 0.5087890625, 0.51953125, 0.52734375, 0.5078125, 0.525390625, 0.5322265625, 0.541015625, 0.5087890625, 0.5126953125, 0.5205078125, 0.5048828125, 0.529296875, 0.5078125, 0.521484375, 0.51953125, 0.513671875, 0.521484375, 0.52734375, 0.5224609375, 0.5224609375, 0.5244140625, 0.5234375, 0.51953125, 0.5107421875, 0.5322265625, 0.51171875, 0.4931640625, 0.5234375, 0.5224609375, 0.515625, 0.5146484375, 0.513671875, 0.5166015625, 0.52734375, 0.5126953125, 0.513671875, 0.5234375, 0.5302734375, 0.5361328125, 0.5234375, 0.517578125, 0.5166015625, 0.515625, 0.509765625, 0.5263671875, 0.533203125, 0.50390625, 0.521484375, 0.50390625, 0.5205078125, 0.53125, 0.5048828125, 0.5146484375, 0.52734375, 0.533203125, 0.517578125, 0.5283203125, 0.517578125, 0.5380859375, 0.525390625, 0.51171875, 0.5341796875, 0.537109375, 0.5224609375, 0.515625, 0.5185546875, 0.5087890625, 0.51171875, 0.5283203125, 0.5244140625, 0.5283203125, 0.5087890625, 0.515625, 0.537109375, 0.5068359375, 0.5400390625, 0.5166015625, 0.5224609375, 0.541015625, 0.5185546875, 0.5146484375, 0.5302734375, 0.5107421875, 0.525390625, 0.51953125, 0.51953125, 0.51953125, 0.5126953125, 0.5078125, 0.5205078125, 0.5263671875, 0.5263671875, 0.53125, 0.529296875, 0.5078125, 0.5234375, 0.5126953125, 0.5244140625, 0.521484375, 0.529296875, 0.5224609375, 0.5146484375, 0.509765625, 0.51171875, 0.53125, 0.5107421875, 0.505859375, 0.5234375, 0.5283203125, 0.5322265625, 0.505859375, 0.517578125, 0.5283203125, 0.5146484375, 0.5048828125, 0.52734375, 0.5078125, 0.5126953125, 0.5224609375, 0.5126953125, 0.51953125, 0.517578125, 0.52734375, 0.521484375, 0.529296875, 0.5283203125, 0.521484375, 0.50390625, 0.515625, 0.5146484375, 0.5185546875, 0.5224609375, 0.5244140625, 0.51953125, 0.5390625, 0.5166015625, 0.5263671875, 0.5146484375, 0.513671875, 0.5244140625, 0.5380859375, 0.5146484375, 0.5234375, 0.5185546875, 0.53125, 0.4990234375, 0.5185546875, 0.513671875, 0.505859375, 0.541015625, 0.5185546875, 0.52734375, 0.5244140625, 0.51953125, 0.5048828125, 0.50390625, 0.509765625, 0.513671875, 0.5283203125, 0.509765625, 0.505859375, 0.5361328125, 0.5263671875, 0.5244140625, 0.5146484375, 0.5234375, 0.517578125, 0.5185546875, 0.5234375, 0.53125, 0.525390625, 0.51953125, 0.5400390625, 0.5166015625, 0.5107421875, 0.5234375, 0.517578125, 0.5224609375, 0.5244140625, 0.509765625, 0.5244140625, 0.525390625, 0.5146484375, 0.5361328125, 0.54296875, 0.51953125, 0.5068359375, 0.5185546875, 0.5224609375, 0.533203125, 0.5185546875, 0.5146484375, 0.5146484375, 0.5234375, 0.525390625, 0.5185546875, 0.5283203125, 0.521484375, 0.517578125, 0.509765625, 0.5126953125, 0.513671875, 0.5205078125, 0.517578125, 0.515625, 0.5400390625, 0.525390625, 0.5185546875, 0.52734375, 0.525390625, 0.521484375, 0.5185546875, 0.5146484375, 0.5302734375, 0.5380859375, 0.537109375, 0.5322265625, 0.5185546875, 0.5107421875, 0.5224609375, 0.517578125, 0.5107421875, 0.521484375, 0.51953125, 0.525390625, 0.5283203125, 0.5166015625, 0.52734375, 0.5263671875, 0.525390625, 0.5244140625, 0.5126953125, 0.517578125, 0.52734375, 0.5244140625, 0.537109375, 0.5263671875, 0.5205078125, 0.5283203125, 0.501953125, 0.5224609375, 0.517578125, 0.5185546875, 0.513671875, 0.5283203125, 0.5126953125, 0.5166015625, 0.5283203125, 0.529296875, 0.5263671875, 0.53515625, 0.529296875, 0.5205078125, 0.51953125, 0.509765625, 0.525390625, 0.521484375, 0.517578125, 0.5224609375, 0.51953125, 0.5263671875, 0.5205078125, 0.5185546875, 0.533203125, 0.5234375, 0.5205078125, 0.5009765625, 0.5244140625, 0.5322265625, 0.517578125, 0.515625, 0.5068359375, 0.5283203125, 0.5166015625, 0.509765625, 0.5078125, 0.5322265625, 0.529296875, 0.521484375, 0.5263671875, 0.52734375, 0.5126953125, 0.5244140625, 0.517578125, 0.51953125, 0.509765625, 0.5234375, 0.5068359375, 0.5244140625, 0.5224609375, 0.53125, 0.5302734375, 0.5009765625, 0.5166015625, 0.529296875, 0.51953125, 0.51953125, 0.5087890625, 0.5126953125, 0.5224609375, 0.521484375, 0.5185546875, 0.5205078125, 0.5283203125, 0.525390625, 0.5029296875, 0.5205078125, 0.5263671875, 0.5263671875, 0.515625, 0.537109375, 0.51171875, 0.525390625, 0.5205078125, 0.51171875, 0.5078125, 0.51953125, 0.5205078125, 0.525390625, 0.5166015625, 0.5166015625, 0.51953125, 0.5361328125, 0.517578125, 0.521484375, 0.5283203125, 0.521484375, 0.5263671875, 0.5166015625, 0.521484375, 0.51953125, 0.5078125, 0.521484375, 0.517578125, 0.5224609375, 0.51171875, 0.5078125, 0.529296875, 0.517578125, 0.5185546875, 0.509765625, 0.52734375, 0.5087890625, 0.5234375, 0.515625, 0.5302734375, 0.4990234375, 0.51171875, 0.5283203125, 0.5126953125, 0.4970703125, 0.5166015625, 0.5205078125, 0.51171875, 0.5087890625, 0.5146484375, 0.5224609375, 0.521484375, 0.5029296875, 0.505859375, 0.53515625, 0.525390625, 0.5224609375, 0.513671875, 0.5107421875, 0.5185546875, 0.5234375, 0.51953125, 0.5341796875, 0.53515625, 0.5166015625, 0.5224609375, 0.5185546875, 0.5234375, 0.5234375, 0.525390625, 0.529296875, 0.5234375, 0.521484375, 0.52734375, 0.505859375, 0.5400390625, 0.5166015625, 0.5400390625, 0.51953125, 0.5166015625, 0.501953125, 0.5244140625, 0.513671875, 0.515625, 0.51953125, 0.5185546875, 0.5146484375, 0.5048828125, 0.521484375, 0.5068359375, 0.5087890625, 0.4970703125, 0.5166015625, 0.5166015625, 0.5078125, 0.515625, 0.5224609375, 0.5146484375, 0.5322265625, 0.5166015625, 0.525390625, 0.513671875, 0.5048828125, 0.515625, 0.5224609375, 0.5205078125, 0.525390625, 0.5224609375, 0.5224609375, 0.529296875, 0.5126953125, 0.53125, 0.53125, 0.5263671875, 0.521484375, 0.515625, 0.5390625, 0.5283203125, 0.5166015625, 0.5263671875, 0.521484375, 0.515625, 0.5126953125, 0.5224609375, 0.5185546875, 0.51171875, 0.517578125, 0.5302734375, 0.5244140625, 0.5244140625, 0.515625, 0.537109375, 0.51953125, 0.509765625, 0.5185546875, 0.5244140625, 0.5205078125, 0.5224609375, 0.5224609375, 0.5185546875, 0.4970703125, 0.5205078125, 0.51953125, 0.521484375, 0.515625, 0.5205078125, 0.515625, 0.5078125, 0.521484375, 0.5283203125, 0.521484375, 0.51953125, 0.505859375, 0.5322265625, 0.5068359375, 0.5283203125, 0.5068359375, 0.5107421875, 0.5107421875, 0.5302734375, 0.5126953125, 0.505859375, 0.515625, 0.5244140625, 0.525390625, 0.5244140625, 0.525390625, 0.525390625, 0.5146484375, 0.525390625, 0.5166015625, 0.5244140625, 0.5185546875, 0.5244140625, 0.5146484375, 0.5078125, 0.5322265625, 0.509765625, 0.5341796875, 0.5185546875, 0.51953125, 0.5380859375, 0.5283203125, 0.5166015625, 0.5283203125, 0.5185546875, 0.5126953125, 0.5126953125, 0.5078125, 0.533203125, 0.541015625, 0.515625, 0.53125, 0.5244140625, 0.5126953125, 0.51953125, 0.5126953125, 0.5322265625, 0.521484375], "0.04": [0.525390625, 0.591796875, 0.576171875, 0.546875, 0.515625, 0.5859375, 0.5791015625, 0.5234375, 0.5859375, 0.546875, 0.580078125, 0.5751953125, 0.5361328125, 0.59765625, 0.5732421875, 0.5732421875, 0.5498046875, 0.568359375, 0.533203125, 0.5419921875, 0.5732421875, 0.52734375, 0.5537109375, 0.583984375, 0.5390625, 0.5751953125, 0.5732421875, 0.6005859375, 0.5810546875, 0.572265625, 0.515625, 0.572265625, 0.568359375, 0.583984375, 0.5615234375, 0.5693359375, 0.580078125, 0.5478515625, 0.5576171875, 0.5771484375, 0.5771484375, 0.564453125, 0.521484375, 0.5712890625, 0.5517578125, 0.5361328125, 0.541015625, 0.5546875, 0.5556640625, 0.5244140625, 0.603515625, 0.5244140625, 0.529296875, 0.5654296875, 0.603515625, 0.537109375, 0.5361328125, 0.5927734375, 0.576171875, 0.55859375, 0.541015625, 0.5478515625, 0.544921875, 0.552734375, 0.580078125, 0.5712890625, 0.58984375, 0.513671875, 0.5419921875, 0.5166015625, 0.537109375, 0.607421875, 0.541015625, 0.5751953125, 0.5986328125, 0.560546875, 0.5302734375, 0.537109375, 0.5546875, 0.578125, 0.5107421875, 0.57421875, 0.5810546875, 0.5771484375, 0.5166015625, 0.5224609375, 0.599609375, 0.5751953125, 0.5341796875, 0.5771484375, 0.546875, 0.572265625, 0.583984375, 0.5810546875, 0.5283203125, 0.533203125, 0.572265625, 0.5205078125, 0.5966796875, 0.521484375, 0.5576171875, 0.54296875, 0.5673828125, 0.5322265625, 0.57421875, 0.5634765625, 0.548828125, 0.564453125, 0.5224609375, 0.556640625, 0.5849609375, 0.5302734375, 0.57421875, 0.6064453125, 0.56640625, 0.5361328125, 0.5556640625, 0.5986328125, 0.5673828125, 0.5859375, 0.5595703125, 0.552734375, 0.5615234375, 0.5576171875, 0.5751953125, 0.5625, 0.61328125, 0.56640625, 0.5224609375, 0.59375, 0.5537109375, 0.5224609375, 0.5908203125, 0.521484375, 0.607421875, 0.5263671875, 0.5302734375, 0.546875, 0.568359375, 0.5576171875, 0.5859375, 0.5341796875, 0.5654296875, 0.564453125, 0.5341796875, 0.591796875, 0.548828125, 0.59765625, 0.5634765625, 0.595703125, 0.5771484375, 0.564453125, 0.5830078125, 0.556640625, 0.55078125, 0.5888671875, 0.5576171875, 0.5693359375, 0.5986328125, 0.5283203125, 0.58203125, 0.544921875, 0.5673828125, 0.583984375, 0.572265625, 0.5712890625, 0.5732421875, 0.58984375, 0.5419921875, 0.5693359375, 0.6083984375, 0.587890625, 0.5185546875, 0.6015625, 0.537109375, 0.55078125, 0.5146484375, 0.587890625, 0.619140625, 0.5576171875, 0.56640625, 0.5615234375, 0.5576171875, 0.5537109375, 0.548828125, 0.5859375, 0.587890625, 0.5849609375, 0.572265625, 0.5634765625, 0.5283203125, 0.5732421875, 0.5927734375, 0.5595703125, 0.572265625, 0.5712890625, 0.541015625, 0.55078125, 0.548828125, 0.5546875, 0.5888671875, 0.5458984375, 0.5869140625, 0.5263671875, 0.55078125, 0.5556640625, 0.5400390625, 0.5166015625, 0.5322265625, 0.587890625, 0.5244140625, 0.5361328125, 0.5859375, 0.5595703125, 0.5791015625, 0.5888671875, 0.54296875, 0.5673828125, 0.501953125, 0.576171875, 0.5810546875, 0.6162109375, 0.5791015625, 0.53125, 0.5986328125, 0.560546875, 0.544921875, 0.5361328125, 0.5146484375, 0.5419921875, 0.607421875, 0.5634765625, 0.5185546875, 0.58984375, 0.5546875, 0.58203125, 0.5849609375, 0.5625, 0.5380859375, 0.5556640625, 0.6044921875, 0.5458984375, 0.572265625, 0.5927734375, 0.5732421875, 0.5859375, 0.5615234375, 0.5341796875, 0.59765625, 0.5810546875, 0.537109375, 0.56640625, 0.572265625, 0.6064453125, 0.619140625, 0.58984375, 0.5390625, 0.5302734375, 0.5693359375, 0.5322265625, 0.5224609375, 0.572265625, 0.52734375, 0.5625, 0.55859375, 0.5478515625, 0.56640625, 0.5205078125, 0.583984375, 0.5546875, 0.5751953125, 0.5751953125, 0.5556640625, 0.5361328125, 0.5390625, 0.5556640625, 0.5205078125, 0.5224609375, 0.564453125, 0.5869140625, 0.5556640625, 0.5791015625, 0.5849609375, 0.5439453125, 0.533203125, 0.5673828125, 0.5859375, 0.583984375, 0.5234375, 0.5205078125, 0.55859375, 0.541015625, 0.5908203125, 0.5615234375, 0.5849609375, 0.5791015625, 0.55859375, 0.544921875, 0.533203125, 0.5595703125, 0.5771484375, 0.59375, 0.57421875, 0.546875, 0.509765625, 0.5673828125, 0.62890625, 0.53515625, 0.5498046875, 0.59765625, 0.525390625, 0.55078125, 0.634765625, 0.55859375, 0.5546875, 0.525390625, 0.537109375, 0.6025390625, 0.55078125, 0.5458984375, 0.546875, 0.5546875, 0.576171875, 0.5947265625, 0.5595703125, 0.5791015625, 0.5859375, 0.5908203125, 0.5908203125, 0.5146484375, 0.56640625, 0.5185546875, 0.5908203125, 0.580078125, 0.55078125, 0.5908203125, 0.5673828125, 0.5576171875, 0.5341796875, 0.5869140625, 0.533203125, 0.5517578125, 0.541015625, 0.599609375, 0.5732421875, 0.5966796875, 0.5849609375, 0.5673828125, 0.5751953125, 0.5087890625, 0.548828125, 0.5341796875, 0.580078125, 0.583984375, 0.5693359375, 0.5556640625, 0.5771484375, 0.5322265625, 0.5107421875, 0.525390625, 0.5498046875, 0.5654296875, 0.5830078125, 0.5888671875, 0.5859375, 0.59375, 0.572265625, 0.56640625, 0.603515625, 0.5419921875, 0.564453125, 0.5703125, 0.580078125, 0.5546875, 0.6162109375, 0.583984375, 0.5634765625, 0.5751953125, 0.5458984375, 0.5458984375, 0.5361328125, 0.572265625, 0.560546875, 0.58203125, 0.5244140625, 0.611328125, 0.5810546875, 0.5849609375, 0.587890625, 0.5283203125, 0.5888671875, 0.5712890625, 0.578125, 0.5693359375, 0.525390625, 0.537109375, 0.5498046875, 0.578125, 0.5498046875, 0.5400390625, 0.5537109375, 0.56640625, 0.5693359375, 0.57421875, 0.5439453125, 0.5478515625, 0.572265625, 0.5791015625, 0.5556640625, 0.55859375, 0.5234375, 0.578125, 0.55078125, 0.546875, 0.533203125, 0.5673828125, 0.5771484375, 0.568359375, 0.5556640625, 0.5751953125, 0.5234375, 0.5634765625, 0.595703125, 0.55078125, 0.5400390625, 0.57421875, 0.5556640625, 0.5810546875, 0.5654296875, 0.5537109375, 0.5859375, 0.568359375, 0.5419921875, 0.57421875, 0.5791015625, 0.5810546875, 0.5908203125, 0.52734375, 0.5732421875, 0.5849609375, 0.556640625, 0.5625, 0.5146484375, 0.6064453125, 0.57421875, 0.53125, 0.5634765625, 0.548828125, 0.5615234375, 0.609375, 0.5595703125, 0.546875, 0.537109375, 0.5546875, 0.5615234375, 0.580078125, 0.5634765625, 0.5947265625, 0.552734375, 0.5244140625, 0.5458984375, 0.5634765625, 0.5625, 0.546875, 0.548828125, 0.564453125, 0.6015625, 0.580078125, 0.576171875, 0.615234375, 0.576171875, 0.541015625, 0.533203125, 0.525390625, 0.5283203125, 0.5498046875, 0.5234375, 0.5654296875, 0.5703125, 0.5029296875, 0.5263671875, 0.5419921875, 0.5625, 0.5576171875, 0.5546875, 0.53515625, 0.5791015625, 0.5947265625, 0.5517578125, 0.548828125, 0.595703125, 0.583984375, 0.5849609375, 0.537109375, 0.5908203125, 0.5927734375, 0.6015625, 0.5654296875, 0.533203125, 0.51953125, 0.55859375, 0.5341796875, 0.6015625, 0.5859375, 0.5302734375, 0.5595703125, 0.560546875, 0.609375, 0.541015625, 0.58984375, 0.5908203125, 0.55859375, 0.525390625, 0.533203125, 0.513671875, 0.5439453125, 0.568359375, 0.626953125, 0.54296875, 0.576171875, 0.5634765625, 0.5703125, 0.578125, 0.5439453125, 0.5615234375, 0.568359375, 0.55078125, 0.6162109375, 0.5888671875, 0.552734375, 0.583984375, 0.53515625, 0.5673828125, 0.5625, 0.5283203125, 0.525390625, 0.5849609375, 0.5712890625, 0.552734375, 0.5625, 0.5771484375, 0.5341796875, 0.5234375, 0.61328125, 0.51171875, 0.583984375, 0.5615234375, 0.548828125, 0.5673828125, 0.5693359375, 0.517578125, 0.57421875, 0.5498046875, 0.5625, 0.5498046875, 0.5771484375, 0.5888671875, 0.599609375, 0.521484375, 0.5537109375, 0.5498046875, 0.5517578125, 0.53515625, 0.5869140625, 0.568359375, 0.583984375, 0.544921875, 0.5556640625, 0.6162109375, 0.5712890625, 0.57421875, 0.5419921875, 0.5146484375, 0.5888671875, 0.5859375, 0.587890625, 0.5625, 0.5244140625, 0.5849609375, 0.5732421875, 0.556640625, 0.5869140625, 0.5751953125, 0.5673828125, 0.5458984375, 0.6015625, 0.5986328125, 0.5126953125, 0.55859375, 0.533203125, 0.560546875, 0.5546875, 0.53125, 0.5322265625, 0.544921875, 0.60546875, 0.5439453125, 0.5380859375, 0.5732421875, 0.5732421875, 0.564453125, 0.5361328125, 0.580078125, 0.5615234375, 0.5849609375, 0.54296875, 0.5693359375, 0.580078125, 0.5361328125, 0.517578125, 0.5888671875, 0.580078125, 0.509765625, 0.5615234375, 0.544921875, 0.537109375, 0.5380859375, 0.564453125, 0.580078125, 0.5634765625, 0.576171875, 0.5595703125, 0.5205078125, 0.5546875, 0.5654296875, 0.521484375, 0.564453125, 0.5791015625, 0.5654296875, 0.5703125, 0.5830078125, 0.5703125, 0.5478515625, 0.5712890625, 0.5546875, 0.57421875, 0.552734375, 0.53515625, 0.5498046875, 0.5732421875, 0.6064453125, 0.5732421875, 0.5517578125, 0.529296875, 0.5576171875, 0.5751953125, 0.5400390625, 0.572265625, 0.548828125, 0.556640625, 0.5693359375, 0.5771484375, 0.53125, 0.54296875, 0.560546875, 0.5576171875, 0.5244140625, 0.5634765625, 0.5751953125, 0.5419921875, 0.5693359375, 0.61328125, 0.5068359375, 0.5751953125, 0.5634765625, 0.5546875, 0.6123046875, 0.5693359375, 0.53125, 0.580078125, 0.568359375, 0.568359375, 0.537109375, 0.57421875, 0.517578125, 0.5439453125, 0.5322265625, 0.58984375, 0.5693359375, 0.5927734375, 0.5888671875, 0.5341796875, 0.5341796875, 0.5302734375, 0.5771484375, 0.576171875, 0.5263671875, 0.572265625, 0.572265625, 0.5771484375, 0.55859375, 0.5703125, 0.5595703125, 0.6015625, 0.599609375, 0.5869140625, 0.5185546875, 0.5654296875, 0.5673828125, 0.533203125, 0.5595703125, 0.548828125, 0.5908203125, 0.5673828125, 0.5791015625, 0.5810546875, 0.560546875, 0.5263671875, 0.5830078125, 0.544921875, 0.5986328125, 0.599609375, 0.5830078125, 0.5830078125, 0.5419921875, 0.5693359375, 0.5380859375, 0.591796875, 0.517578125, 0.5498046875, 0.5390625, 0.5693359375, 0.53515625, 0.5771484375, 0.568359375, 0.56640625, 0.5625, 0.546875, 0.568359375, 0.57421875, 0.533203125, 0.544921875, 0.5419921875, 0.5283203125, 0.5869140625, 0.58984375, 0.572265625, 0.5546875, 0.546875, 0.5693359375, 0.5947265625, 0.568359375, 0.5390625, 0.5517578125, 0.5673828125, 0.5390625, 0.5556640625, 0.5732421875, 0.5712890625, 0.517578125, 0.57421875, 0.59765625, 0.58203125, 0.5888671875, 0.544921875, 0.576171875, 0.615234375, 0.5537109375, 0.560546875, 0.5498046875, 0.5830078125, 0.626953125, 0.6171875, 0.5703125, 0.5771484375, 0.52734375, 0.5458984375, 0.587890625, 0.5703125, 0.5341796875, 0.5576171875, 0.5693359375, 0.576171875, 0.576171875, 0.56640625, 0.5556640625, 0.53515625, 0.548828125, 0.5654296875, 0.5244140625, 0.5751953125, 0.5390625, 0.537109375, 0.51171875, 0.5322265625, 0.5693359375, 0.60546875, 0.5634765625, 0.5712890625, 0.578125, 0.54296875, 0.59765625, 0.5712890625, 0.5244140625, 0.5390625, 0.5615234375, 0.578125, 0.5576171875, 0.5634765625, 0.576171875, 0.568359375, 0.5283203125, 0.5830078125, 0.583984375, 0.5810546875, 0.591796875, 0.5439453125, 0.5625, 0.52734375, 0.556640625, 0.5537109375, 0.5634765625, 0.5390625, 0.54296875, 0.5625, 0.529296875, 0.5859375, 0.5439453125, 0.5283203125, 0.5458984375, 0.5703125, 0.587890625, 0.537109375, 0.51953125, 0.544921875, 0.572265625, 0.5400390625, 0.5498046875, 0.515625, 0.5654296875, 0.583984375, 0.57421875, 0.5888671875, 0.5888671875, 0.5888671875, 0.587890625, 0.5390625, 0.5830078125, 0.6025390625, 0.572265625, 0.5400390625, 0.5517578125, 0.5830078125, 0.5498046875, 0.5810546875, 0.5673828125, 0.546875, 0.5576171875, 0.591796875, 0.57421875, 0.5830078125, 0.6357421875, 0.5703125, 0.560546875, 0.580078125, 0.55078125, 0.580078125, 0.5390625, 0.5390625, 0.564453125, 0.5751953125, 0.568359375, 0.587890625, 0.5390625, 0.595703125, 0.5576171875, 0.5400390625, 0.5390625, 0.560546875, 0.55078125, 0.5537109375, 0.5751953125, 0.541015625, 0.5556640625, 0.5849609375, 0.5576171875, 0.5654296875, 0.61328125, 0.5673828125, 0.5693359375, 0.5751953125, 0.52734375, 0.5576171875, 0.5625, 0.5517578125, 0.6044921875, 0.533203125, 0.58203125, 0.5283203125, 0.5625, 0.5703125, 0.6015625, 0.5908203125, 0.5400390625, 0.5517578125, 0.548828125, 0.603515625, 0.5419921875, 0.552734375, 0.5517578125, 0.55078125, 0.6171875, 0.5908203125, 0.578125, 0.5595703125, 0.5546875, 0.5712890625, 0.5576171875, 0.5732421875, 0.5517578125, 0.57421875, 0.5693359375, 0.5380859375, 0.5888671875, 0.6103515625, 0.556640625, 0.564453125, 0.5732421875, 0.5791015625, 0.5390625, 0.58984375, 0.5751953125, 0.5751953125, 0.5966796875, 0.5693359375, 0.57421875, 0.533203125, 0.5615234375, 0.5703125, 0.5712890625, 0.6142578125, 0.5576171875, 0.5693359375, 0.578125, 0.54296875, 0.51953125, 0.57421875, 0.5576171875, 0.552734375, 0.5849609375, 0.5869140625, 0.5595703125, 0.5732421875, 0.5625, 0.5712890625, 0.5751953125, 0.5244140625, 0.560546875, 0.560546875, 0.546875, 0.5537109375, 0.6064453125, 0.5771484375, 0.53515625, 0.5771484375, 0.59375, 0.56640625, 0.541015625, 0.5625, 0.5498046875, 0.5546875, 0.595703125, 0.5791015625, 0.58984375, 0.5439453125, 0.564453125, 0.587890625, 0.587890625, 0.59765625, 0.5673828125, 0.5361328125, 0.5166015625, 0.591796875, 0.53125, 0.58984375, 0.529296875, 0.5888671875, 0.5859375, 0.5439453125, 0.5771484375, 0.57421875, 0.55078125, 0.5263671875, 0.552734375, 0.5654296875, 0.5244140625, 0.529296875, 0.5478515625, 0.529296875, 0.5224609375, 0.5703125, 0.5791015625, 0.5771484375, 0.5576171875, 0.55859375, 0.5751953125, 0.5908203125, 0.5947265625, 0.5634765625, 0.564453125]}{"0.15": 0.0, "0.25": 0.0, "0.2": 0.0, "0.04": 0.0}