"MONTE _CARLO CHANNEL REPORT"
"---------------------------"
"N=256"
"p=0.05"
"Capacity for 256channels:182"
"No of good channels needed :5(valid if used)"
"tolerable error exponent:-5"
"Z Construct--------------------------------------------------------"
"Good Channels:"
[255, 127, 191, 223, 239, 247, 251, 253, 63, 95, 159, 111, 254, 175, 207, 119, 183, 215, 231, 123, 187, 219, 235, 125, 189, 243, 221, 237, 31, 245, 126, 47, 190, 79, 55, 143, 222, 87, 151, 103, 59, 167, 238, 91, 155, 199, 249, 107, 171, 61, 203, 246, 115, 93, 179, 157, 109, 211, 173, 205]
"Corresponding Error Exponents:"
[-92.31953907803789, -45.858739543354964, -45.55770954769098, -44.95564955636553, -43.751532524055435, -41.34781889950401, -36.77994969472139, -29.668340747391138, -22.47782477818151, -22.176794782518783, -21.875764786857307, -21.574736266363736, -21.293552324050243, -21.273706270704768, -20.671649229718877, -20.372879454088025, -20.071849458444035, -19.469795360112908, -18.270197298451354, -18.088944851696713, -17.787914856309936, -17.185876809085933, -15.990477545259134, -14.53314037803159, -14.232110398990214, -13.824287428308793, -13.6302203299995, -12.450313910588429, -10.636852397767179, -10.441243129809719, -10.345746166366037, -10.335823139693414, -10.044718233210403, -10.03479461920548, -9.734894733578027, -9.733767573876056, -9.444550079100434, -9.433867684432455, -9.132843581735324, -8.83406865372079, -8.592927432768189, -8.53305041331163, -8.320593218884353, -8.291908409433377, -7.990900357457565, -7.935503526390203, -7.823400544279493, -7.694208779160996, -7.393222450562574, -6.815025220453732, -6.799850425739276, -6.624696370930001, -6.611113745073821, -6.514080202574479, -6.310235690230739, -6.213220104318712, -5.924127088929906, -5.724347380083066, -5.623432152866201, -5.045334310650391]
"Number of good channels:"
60
"R=0.234375"
"Frozen channels:"
196
"Monte Carlo--------------------------------------------------------"
"sim ran :500000"
"Good Channels:"
[]
"Corresponding Error Exponents:"
[]
[-1.3036785659515355, -1.0238977357903698, -1.0237234032436637, -1.0236500209967265, -1.0233841142444406, -1.0233841142444406, -1.0232649674949044, -1.0213356809770764, -1.0209526730520353, -0.7670140486619151, -0.7668362995161019, -0.7667246087060563, -0.7662527782966624, -0.7660043855195944, -0.7658422464790482, -0.7655080257610116, -0.7654321023643141, -0.7652448813820149, -0.7649616733255556, -0.7648049768156648, -0.7647493884155989, -0.7647140176834163, -0.7647140176834163, -0.7646735975166131, -0.7646634930626881, -0.7645574104878494, -0.7645372072206759, -0.7644513538188537, -0.764345323043051, -0.764244365413282, -0.7642342709409783, -0.763886155249967, -0.7638306843245021, -0.7636441522818829, -0.7635937519659467, -0.7635181624572355, -0.7629994695350777, -0.5477902186637849, -0.5474408092025649, -0.5467948359366035, -0.546516537107973, -0.5464981939999826, -0.5464156596002059, -0.5464034336155925, -0.546375926408549, -0.5462842482992327, -0.5462170299834692, -0.5461498220698705, -0.546140658160155, -0.5461009501190062, -0.5460765162057881, -0.5460734620632908, -0.5460642997646649, -0.5459940618962097, -0.5459940618962097, -0.5459329947210954, -0.5459329947210954, -0.5459238353853946, -0.5459146762428616, -0.5458566728254096, -0.5458353050979415, -0.5457223788569785, -0.5457193272039009, -0.5457040692601501, -0.545691863291096, -0.545624736592667, -0.5455972786607424, -0.5455698224647145, -0.5455118650838227, -0.5455057647567928, -0.545481364305521, -0.5454600150351813, -0.5454142701324578, -0.545392924160032, -0.5453807269325441, -0.5453502353624449, -0.5452862100326791, -0.5452740158018636, -0.5451886657718062, -0.5451459970460067, -0.5450820018165269, -0.5450637191971509, -0.5450210627447805, -0.5449692712560229, -0.5449296701669342, -0.5448443877761834, -0.5446982283429236, -0.5446951838777314, -0.5446799618718938, -0.5443330448175989, -0.5442205084724427, -0.5441627308685361, -0.5441627308685361, -0.3912900185595353, -0.3912878800890712, -0.39126008093121206, -0.3912451128909093, -0.391223730871039, -0.3911232494764352, -0.3911104237375524, -0.39106553663407495, -0.39104843800538985, -0.39100355730774483, -0.3909629549583705, -0.3909138098241916, -0.3909138098241916, -0.39088389811729557, -0.390770679599711, -0.39074718511499695, -0.390732234741006, -0.39071942054434206, -0.39061478542139977, -0.39059556946548013, -0.3905678145856558, -0.3905336571683663, -0.390527252951696, -0.39037784803306574, -0.39037144611356744, -0.3903693121613724, -0.39036077645744466, -0.39034797321609915, -0.39033943793155657, -0.39031169941523075, -0.39031169941523075, -0.39029676402484953, -0.39027329516336834, -0.3902626279182955, -0.39025836109362855, -0.39019862994951304, -0.39019649684629765, -0.39019009759951295, -0.390132508621181, -0.390132508621181, -0.3900408086033012, -0.3900024282975306, -0.38999389980129034, -0.389985371472526, -0.3899427323406108, -0.3899000973946044, -0.38988517615227103, -0.38986812393160797, -0.3898595980723479, -0.3898489409836393, -0.38981910252642793, -0.38981057762946875, -0.3896401148217898, -0.38961668141723876, -0.3896145511704306, -0.3895208306538954, -0.38950592243628096, -0.38947184843189697, -0.38946758936931547, -0.38941435461092233, -0.3893994500478471, -0.3893249349041563, -0.3892014808072322, -0.3891567905620631, -0.3890908276516245, -0.3890801894107429, -0.3890036017680024, -0.3888759857028973, -0.3884848634373634, -0.388480614042962, -0.31763467209775004, -0.31757331042150766, -0.3174632420814143, -0.3174073164005959, -0.3173874735351681, -0.31724138580090844, -0.31706650586552815, -0.3169673784147693, -0.31686827358462766, -0.3167926087585783, -0.3167583837627345, -0.3167511788441179, -0.31661790940525214, -0.3166125074526397, -0.3165945014291911, -0.31653508684793424, -0.31653148622544974, -0.31652788563281675, -0.3164378805173075, -0.31643608060524486, -0.3163982841750053, -0.316337096927894, -0.31629571044254645, -0.31628311533848963, -0.31626512296630976, -0.3162633237700885, -0.3162597254000067, -0.3162543279007856, -0.3162291404580119, -0.31622554237114553, -0.3162039544759303, -0.3161931609307182, -0.3161715746450185, -0.3161661782412347, -0.3161338012265902, -0.31607265122820893, -0.31605646590505293, -0.3159863364741379, -0.315973750339003, -0.31595217495591915, -0.31593958981075393, -0.315937791962644, -0.3159270050302751, -0.3158389217763674, -0.3158029745612441, -0.31577961046687403, -0.3157490593168293, -0.31574726225728345, -0.31565202874073234, -0.3155927429478641, -0.31557837185316046, -0.3151474599937242, -0.3149644518434706, -0.314833522752464, -0.3146685724260509, -0.31463989180695895, -0.3028927652230652, -0.3023313525560205, -0.30220940229815313, -0.3020230587709158, -0.30201435308454666, -0.30193600975920276, -0.30190989845766736, -0.3018994543766101, -0.30187160472163777, -0.30184201641990704, -0.3017654442925073, -0.30163843394489026, -0.3016245172607774, -0.3016158195596609, -0.3015862486787425, -0.30151319983919866, -0.30146798528561314, -0.30139669497559396, -0.3013375850566669, -0.3012732686966555, -0.3012611018080402, -0.30124893526027435, -0.3012106997575109, -0.30120548608612274, -0.30118463202644474, -0.30111165070239315, -0.3011099132012903, -0.30110643821993843, -0.30109948834064815, -0.3010056758539429, -0.30099177943106326, -0.3009153570523897, -0.30086152208676353, -0.3008215843273878, -0.3006965855149952, -0.3005837702571669, -0.300333945398207]
"Number of good channels:"
0
"R=0.0"
"Frozen channels:"
256
