"MONTE _CARLO CHANNEL REPORT"
"---------------------------"
"N=256"
"p=0.1"
"Capacity for 256channels:135"
"No of good channels needed :5(valid if used)"
"tolerable error exponent:-5"
"Z Construct--------------------------------------------------------"
"Good Channels:"
[255, 127, 191, 223, 239, 247, 251, 253, 63, 95, 159, 111, 175, 207, 119, 183, 215, 254, 123, 231, 187, 219, 235, 125, 189, 31, 221, 243, 47, 79, 55, 143, 237, 87]
"Corresponding Error Exponents:"
[-56.793279901787216, -28.095609955229627, -27.79457995956565, -27.192520037365735, -25.988890097135297, -23.638762276205732, -19.69473614872513, -14.646633675840944, -13.596259984118845, -13.295230023018892, -12.994200096482958, -12.693415052903688, -12.3923851954568, -11.79081514289148, -11.518351142439215, -11.217321681454827, -10.616225183163365, -9.692251384079142, -9.546338078729443, -9.469494231032286, -9.24531326031359, -8.646249654474932, -7.542733544872763, -7.022286852570736, -6.721351502899436, -6.196070121705547, -6.132067280834518, -5.928662553307521, -5.895162740281522, -5.594377852060128, -5.3076313797431895, -5.293837587949984, -5.132831960393347, -5.007083664092329]
"Number of good channels:"
34
"R=0.1328125"
"Frozen channels:"
222
"Monte Carlo--------------------------------------------------------"
"sim ran :500000"
"Good Channels:"
[]
"Corresponding Error Exponents:"
[]
[-0.989700043360188, -0.7382614526474622, -0.7381616263093826, -0.7376106176944066, -0.7375346713396532, -0.737392307710927, -0.7367996277357842, -0.7357442910812221, -0.7355647133821203, -0.525608887441787, -0.5255943199119943, -0.525303071883171, -0.5252739578198832, -0.5252739578198832, -0.5252099137499356, -0.5250352960918361, -0.5248171227041509, -0.5245409269934183, -0.5244973331965774, -0.5244857089230857, -0.5244798969030128, -0.5243200968235738, -0.5242213407210569, -0.5241748750303479, -0.5241748750303479, -0.5241313179599048, -0.5240819585605319, -0.5239948674208208, -0.5239571333500603, -0.5238642634490028, -0.5238294423554636, -0.5238178359446793, -0.5237975254721439, -0.5237220948891097, -0.5227484764751105, -0.5226587584681275, -0.5220139132762343, -0.3792187109596993, -0.3790918583445004, -0.37899830228956705, -0.3789193150908793, -0.3787696945204869, -0.37872814239719377, -0.37872814239719377, -0.378620125478738, -0.37860766371675886, -0.37852667097876763, -0.37851421189806994, -0.37842493227791507, -0.3783771855954081, -0.37832321740499375, -0.3782609547483463, -0.3782298267670614, -0.3782256765381231, -0.3781655026749569, -0.3780742203182337, -0.37806384853705105, -0.3780493284595154, -0.37798295714369673, -0.3779705136511291, -0.37783365875892494, -0.37771964594945373, -0.3776740492050593, -0.37766990428385094, -0.37757665401361457, -0.37757251002184056, -0.3775559344501486, -0.3775393595110667, -0.3775290004953664, -0.3774751375964318, -0.37743370914253194, -0.3773902135188206, -0.37734050956810433, -0.3773280844692021, -0.37721627457279155, -0.3771044934546314, -0.3770631003406504, -0.3769513586352998, -0.37683550870779603, -0.3767465734838724, -0.37667833321964667, -0.37667626550022826, -0.37666799472099943, -0.3766576564684571, -0.37665352123634693, -0.3766245757140103, -0.37662250825052035, -0.37660183415692233, -0.37654395193006623, -0.37651087983517306, -0.3764881442307631, -0.37630010441361006, -0.3762939066848279, -0.31464168429016337, -0.31386086234447896, -0.3137928755175893, -0.3136676644797022, -0.31347455252165485, -0.31335658191618393, -0.3133422846261542, -0.31332798780678617, -0.3133208395735907, -0.3132172034116428, -0.3131778996118279, -0.31311716437131487, -0.31305465167103513, -0.31301714836951333, -0.3129742914187221, -0.3129510790027603, -0.3129475079719592, -0.3129421514808129, -0.312910013921242, -0.31288859020265325, -0.3128760935215094, -0.31286538236672407, -0.3128136155090394, -0.31278505712523824, -0.31272794599085457, -0.3127172384892148, -0.3127011777317253, -0.31268868644207276, -0.3126761955116876, -0.3126637049405492, -0.3126476461626391, -0.312613746248049, -0.3125691451284075, -0.3125370351582373, -0.31253346753031774, -0.31253346753031774, -0.3125120623782302, -0.3124924419155614, -0.31239613613514183, -0.3123515573568515, -0.3123390761188792, -0.312306983153944, -0.3122445869547286, -0.3122338913634979, -0.3122303262249548, -0.3122214135066351, -0.3121519005804804, -0.312142989471473, -0.3120895266567978, -0.31206814337358796, -0.3120307251611922, -0.3119986549734724, -0.311996873365813, -0.3119861838733363, -0.3119541169744483, -0.31193808441285414, -0.31193808441285414, -0.3118793034168769, -0.31187396008445656, -0.31182053037572766, -0.3117991603326151, -0.3117813527665806, -0.31176176528725363, -0.3117582040222882, -0.31173683704573213, -0.31170478855184347, -0.31159975728822314, -0.31151610648872496, -0.31136486403461755, -0.3113150545214112, -0.3027933318412902, -0.3027235676205515, -0.3026573019895261, -0.30262068584652785, -0.30261196817224906, -0.3025823293885694, -0.3021850163552895, -0.30204395313023247, -0.302031764631799, -0.30201087085886136, -0.3018367951641459, -0.3018124301338776, -0.301801988396485, -0.3017602239572391, -0.30175152353790047, -0.301744563327923, -0.30172716329098453, -0.3017202034714019, -0.3017115038537669, -0.3016697481147488, -0.3016627892152092, -0.30164191318559946, -0.3016071220327315, -0.3015932063519362, -0.301574073018863, -0.301521895485352, -0.3014923309987649, -0.30149059197399297, -0.3014401632844887, -0.3014297304935614, -0.3014158204955011, -0.3014123430655978, -0.30140017228020355, -0.3013167246530154, -0.30131498633127207, -0.3013132480164866, -0.3012645780271489, -0.30124719720984544, -0.3012402450776858, -0.30123155506898336, -0.30118984544748606, -0.30118463202644474, -0.30118115644718557, -0.30117768089574065, -0.3011620412584272, -0.3011359764477471, -0.30106821526007554, -0.3010647406123499, -0.30105084229943585, -0.3010039387767658, -0.30100220170653647, -0.30096398791919343, -0.30096051410525315, -0.30093793499190413, -0.3009344613863477, -0.30091188362741234, -0.3009049368607964, -0.30089799020529584, -0.3008580490923221, -0.3008181116523074, -0.30079727618493124, -0.3007938037042156, -0.30076776098381514, -0.30075908042404054, -0.30074866398133193, -0.3007313037986555, -0.30072956781855414, -0.30072783184539187, -0.3007070007086749, -0.3007070007086749, -0.3006826989786177, -0.3006740201188557, -0.30067228436771554, -0.3006705486235126, -0.300665341432527, -0.30064798458014164, -0.30058203486669155, -0.3005577401281215, -0.3005438580305351, -0.30049353914622373, -0.3004120002301444, -0.30040506145476015, -0.30038771500130385, -0.3003859803940641, -0.30026110687650076, -0.3002593727748695, -0.30022469219622955, -0.3001380028638946, -0.3000911978184495, -0.3000201331345385, -0.3000183999948265, -0.2999958698079431, -0.299980272670916]
"Number of good channels:"
0
"R=0.0"
"Frozen channels:"
256
