"MONTE _CARLO CHANNEL REPORT"
"---------------------------"
"N=256"
"p=0.05"
"Capacity for 256channels:182"
"No of good channels needed :5(valid if used)"
"tolerable error exponent:-5"
"Z Construct--------------------------------------------------------"
"Good Channels:"
[255, 127, 191, 223, 239, 247, 251, 253, 63, 95, 159, 111, 254, 175, 207, 119, 183, 215, 231, 123, 187, 219, 235, 125, 189, 243, 221, 237, 31, 245, 126, 47, 190, 79, 55, 143, 222, 87, 151, 103, 59, 167, 238, 91, 155, 199, 249, 107, 171, 61, 203, 246, 115, 93, 179, 157, 109, 211, 173, 205]
"Corresponding Error Exponents:"
[-92.31953907803789, -45.858739543354964, -45.55770954769098, -44.95564955636553, -43.751532524055435, -41.34781889950401, -36.77994969472139, -29.668340747391138, -22.47782477818151, -22.176794782518783, -21.875764786857307, -21.574736266363736, -21.293552324050243, -21.273706270704768, -20.671649229718877, -20.372879454088025, -20.071849458444035, -19.469795360112908, -18.270197298451354, -18.088944851696713, -17.787914856309936, -17.185876809085933, -15.990477545259134, -14.53314037803159, -14.232110398990214, -13.824287428308793, -13.6302203299995, -12.450313910588429, -10.636852397767179, -10.441243129809719, -10.345746166366037, -10.335823139693414, -10.044718233210403, -10.03479461920548, -9.734894733578027, -9.733767573876056, -9.444550079100434, -9.433867684432455, -9.132843581735324, -8.83406865372079, -8.592927432768189, -8.53305041331163, -8.320593218884353, -8.291908409433377, -7.990900357457565, -7.935503526390203, -7.823400544279493, -7.694208779160996, -7.393222450562574, -6.815025220453732, -6.799850425739276, -6.624696370930001, -6.611113745073821, -6.514080202574479, -6.310235690230739, -6.213220104318712, -5.924127088929906, -5.724347380083066, -5.623432152866201, -5.045334310650391]
"Number of good channels:"
60
"R=0.234375"
"Frozen channels:"
196
"Monte Carlo--------------------------------------------------------"
"sim ran :500000"
"Good Channels:"
[]
"Corresponding Error Exponents:"
[]
[-1.30701215609043, -1.0266042601019354, -1.0265488559750653, -1.0260228689895157, -1.0251384335913007, -1.0251292301946697, -1.0251200269930696, -1.024007876623702, -1.022066155647371, -0.7672528548691906, -0.7672426902274754, -0.7671359758503922, -0.767080088306507, -0.7669784930123065, -0.7668210672595756, -0.766607871745401, -0.7665622006053814, -0.7664201433209838, -0.7663542039450608, -0.7663136308432092, -0.7662477076359747, -0.7661868643251188, -0.7660043855195944, -0.7659283753072347, -0.7658219833545317, -0.7656751039691824, -0.7655282742419824, -0.765487778224059, -0.7653764336412108, -0.7653511320348894, -0.7649161749658, -0.7647898156372712, -0.7646028712756127, -0.7638407694203366, -0.7633317645675265, -0.7631907598643712, -0.7628032328217498, -0.5480539944086336, -0.5476216088272001, -0.5472631473134425, -0.5471467875392704, -0.5470182156287533, -0.5470059726698286, -0.5468376669740488, -0.5466816599529624, -0.5466296700636164, -0.5466266120286425, -0.5466113221767568, -0.5466052063867225, -0.5463484209436381, -0.5463178613589328, -0.5462873039244331, -0.5461314944438002, -0.546104004454818, -0.5459910083335089, -0.5459665806047868, -0.5459238353853946, -0.5459146762428616, -0.5458933056614463, -0.545887199974187, -0.5458749888571794, -0.5458475150991906, -0.5457528965671782, -0.545743741028947, -0.5457376374440198, -0.5456582986449523, -0.5456552474421118, -0.545630838591078, -0.5454661147196159, -0.5454600150351813, -0.5454234187275402, -0.5454112206435898, -0.5453685300476078, -0.5453197459329912, -0.5453166971077698, -0.5453136483039515, -0.5451795221205049, -0.5451429494402854, -0.5451277117324633, -0.5451094271887631, -0.5451033325119281, -0.5450941906570408, -0.545033249875084, -0.5449296701669342, -0.5449053020606616, -0.5447378083326788, -0.5446403871534595, -0.544597772258512, -0.5445855973422438, -0.5445277711505128, -0.5441566494626127, -0.5437919208577512, -0.5431847197047831, -0.391373427121983, -0.391116836559647, -0.39107836104738486, -0.3910377517043063, -0.39095227076046, -0.39082194470581516, -0.39081340010121396, -0.39074718511499695, -0.39072369190121986, -0.39063186698491403, -0.3905592749794714, -0.39055073554119946, -0.3905379266986128, -0.3904845605871447, -0.3903863840725313, -0.39037784803306574, -0.39036077645744466, -0.3903351703521891, -0.39033303657823104, -0.3902668947848833, -0.3902519609352277, -0.39017729938881174, -0.39013890701945303, -0.3901090486339879, -0.39006852982259393, -0.39004294094196534, -0.39003014706702066, -0.38998750353901657, -0.3899768433112308, -0.38989796575716945, -0.3898958341301971, -0.38987451843589493, -0.38986812393160797, -0.38986812393160797, -0.3898595980723479, -0.3898553352054829, -0.38983402149877505, -0.3898318901856334, -0.3897871350256294, -0.38978500394257154, -0.3897509080357515, -0.3897232070823472, -0.3897082919161685, -0.38968911602658446, -0.38966141901410345, -0.38965928854784326, -0.38963798446003617, -0.3896124209340714, -0.3895740784662626, -0.3895655583775506, -0.3895506486244951, -0.38953786924355305, -0.38949314437134724, -0.38946971889538523, -0.3894015792398268, -0.3893568684002261, -0.38929938979779377, -0.38925681795925604, -0.38925043254339137, -0.38923979039224477, -0.3892376619933087, -0.38919083985553915, -0.38917381487511205, -0.3891418948355626, -0.3890908276516245, -0.3890738065912942, -0.38882707615215006, -0.388735651329724, -0.3884678661092239, -0.3880707429608439, -0.31788201144483474, -0.3172666320202735, -0.3172395825556822, -0.3170484810096722, -0.31697819121905313, -0.3168700752887881, -0.31683043952376777, -0.316794410148864, -0.3167709926579378, -0.31676378753013906, -0.3167349682142457, -0.3167223603648835, -0.3166845390127322, -0.3166773353190811, -0.3165512900185412, -0.31649008121233513, -0.3163694891025153, -0.3163694891025153, -0.3163424954558896, -0.316337096927894, -0.31631370408200477, -0.3162579262261462, -0.3162399348974734, -0.3162309395126239, -0.3162291404580119, -0.316191362032596, -0.31612480803975773, -0.3160852402299235, -0.316051070931375, -0.3160402811850704, -0.3160294917068229, -0.31600971169286224, -0.3159557707786668, -0.31593958981075393, -0.31591801612462733, -0.3158676816909118, -0.3158586940130254, -0.31583173209530635, -0.31579219097688566, -0.31576343606089874, -0.3157544505400832, -0.31572929207079475, -0.3155190961136982, -0.3155065235120141, -0.31549574728596785, -0.31541672979756075, -0.3153915908841008, -0.31535029439931683, -0.3152695082846849, -0.3152246336024396, -0.31519053194475655, -0.31515104915982467, -0.3151223366615271, -0.31509003736980407, -0.31505953468870457, -0.31426005230650894, -0.30236097421594427, -0.30229999064750834, -0.3022877949613503, -0.3022651467384794, -0.30213799018911375, -0.30207703792182916, -0.302073555193495, -0.30190989845766736, -0.3017776253188323, -0.30173586322231205, -0.3017341232221041, -0.30167148785705655, -0.3016680083794102, -0.30165930980725364, -0.3016436528164065, -0.30163843394489026, -0.3016349547320539, -0.30162103815942787, -0.3014940700305003, -0.3013880018358771, -0.30129586525130053, -0.3012750068514261, -0.30126283991411645, -0.3012385070620347, -0.30110643821993843, -0.30095182969196504, -0.3008702046943763, -0.30086673163050076, -0.30085110318675734, -0.30072783184539187, -0.30066187000655525, -0.3006375708016658, -0.3005612107218531, -0.30047098429737895, -0.30032353914714255, -0.30023509607903587, -0.29980181197962946]
"Number of good channels:"
0
"R=0.0"
"Frozen channels:"
256
