"MONTE _CARLO CHANNEL REPORT"
"---------------------------"
"N=256"
"p=0.1"
"Capacity for 256channels:135"
"No of good channels needed :5(valid if used)"
"tolerable error exponent:-5"
"Z Construct--------------------------------------------------------"
"Good Channels:"
[255, 127, 191, 223, 239, 247, 251, 253, 63, 95, 159, 111, 175, 207, 119, 183, 215, 254, 123, 231, 187, 219, 235, 125, 189, 31, 221, 243, 47, 79, 55, 143, 237, 87]
"Corresponding Error Exponents:"
[-56.793279901787216, -28.095609955229627, -27.79457995956565, -27.192520037365735, -25.988890097135297, -23.638762276205732, -19.69473614872513, -14.646633675840944, -13.596259984118845, -13.295230023018892, -12.994200096482958, -12.693415052903688, -12.3923851954568, -11.79081514289148, -11.518351142439215, -11.217321681454827, -10.616225183163365, -9.692251384079142, -9.546338078729443, -9.469494231032286, -9.24531326031359, -8.646249654474932, -7.542733544872763, -7.022286852570736, -6.721351502899436, -6.196070121705547, -6.132067280834518, -5.928662553307521, -5.895162740281522, -5.594377852060128, -5.3076313797431895, -5.293837587949984, -5.132831960393347, -5.007083664092329]
"Number of good channels:"
34
"R=0.1328125"
"Frozen channels:"
222
"Monte Carlo--------------------------------------------------------"
"sim ran :500000"
"Good Channels:"
[]
"Corresponding Error Exponents:"
[]
[-0.9910848660864175, -0.7401386513384564, -0.7383232614053297, -0.7382662068550048, -0.7380903358281077, -0.7370697894879139, -0.7370271211946315, -0.736695399712704, -0.7351632950321595, -0.5274980603944333, -0.5272084575970828, -0.5258653559788445, -0.5257516750984523, -0.5254894481196069, -0.5253583939810308, -0.5252856032109909, -0.5252157355478647, -0.5250847639672273, -0.524942195373862, -0.5245554592315033, -0.5245293015530572, -0.5243084772929381, -0.5243055724588533, -0.5242823344856067, -0.524250384302502, -0.5240906686351441, -0.5240848618993263, -0.5240819585605319, -0.5240645389353495, -0.524003575748918, -0.5239077937424091, -0.5238961852375429, -0.5238004269100669, -0.5236756825797725, -0.5234697877757842, -0.5232552970273237, -0.5223926076468914, -0.37990560596750933, -0.3795412081644387, -0.3792436699345478, -0.3788611231882364, -0.3788320301606181, -0.37873437496224927, -0.37871983244958524, -0.3786928262179371, -0.37867828509645846, -0.37848514209969497, -0.37832321740499375, -0.3783169907376306, -0.37828585873986076, -0.37823190189640343, -0.3781634278628561, -0.37814682972288205, -0.3780825179215259, -0.3780182156422696, -0.3779725875417979, -0.37787097854370866, -0.37784195176729196, -0.37783780524331373, -0.3778274391065705, -0.3778129269307972, -0.3777984152399396, -0.37777768509411624, -0.377740373325018, -0.37766990428385094, -0.37761395171905693, -0.37758908622619103, -0.37758701416604706, -0.3775849421157891, -0.37756836606960775, -0.37751864172674876, -0.3774854953274308, -0.37743163782357236, -0.3773736449031853, -0.3773674318352826, -0.3773550059661255, -0.3773239428485623, -0.3773115182236154, -0.37730530604443435, -0.37722662613178815, -0.37721006375582333, -0.37707344824928657, -0.37706516990265304, -0.3770506831757361, -0.3769658420493795, -0.3769182555024778, -0.3768520568055106, -0.3768375771855281, -0.3766163059191028, -0.37661423849498077, -0.376517080661131, -0.3765005453219835, -0.3764571430518453, -0.3140595164163504, -0.31389843857850847, -0.3138930703460192, -0.31385370533516943, -0.3136318965269638, -0.3134495257758962, -0.31343165041186205, -0.31341735065035, -0.3133798160163952, -0.3133422846261542, -0.31331011744439696, -0.31322077666074005, -0.31312252302147936, -0.3130975165530439, -0.31309037211223284, -0.31305643762331964, -0.313052865726095, -0.31297607704057046, -0.31296179227134596, -0.3129564356040185, -0.3128975166236313, -0.3128939460332234, -0.3128457459357071, -0.31284039069951625, -0.31281004560836245, -0.31278862682051495, -0.3127797026373374, -0.3127779178227073, -0.312758285345873, -0.3127475770962016, -0.3126976087551634, -0.3126744111223879, -0.3126565676326137, -0.3126458618906363, -0.31262801957377756, -0.312613746248049, -0.31258163298020575, -0.31258163298020575, -0.31257271304942347, -0.31254417050199934, -0.31253525134061405, -0.31251562983031506, -0.3123979193814547, -0.3123551234907282, -0.3123533404201295, -0.3123533404201295, -0.31229806886232575, -0.312292720375181, -0.312282023598493, -0.31222676111567776, -0.3122160659634386, -0.31214120727161254, -0.31214120727161254, -0.31213942507906556, -0.312135860715912, -0.3121216035558266, -0.31209843666888004, -0.3120289434219665, -0.3119469913184479, -0.31191670858469683, -0.31188286567501394, -0.31185614945117385, -0.3118240921518152, -0.3117599846511206, -0.3117261539516561, -0.3115766182210433, -0.31152322507846103, -0.3114413683403213, -0.31119589065639197, -0.3106627217174445, -0.30288229747916806, -0.3024986543279756, -0.30242719464458573, -0.3024097672370223, -0.3021867581629419, -0.302104900753991, -0.3021014178022107, -0.30207007249308954, -0.30206136586426136, -0.30197082727016694, -0.30196212263073524, -0.3019412322079034, -0.301939491384692, -0.3019046763857433, -0.3018280932107015, -0.301814170447851, -0.3018124301338776, -0.30180894952685217, -0.3018054689477214, -0.3017985078731424, -0.30178980668681843, -0.3017341232221041, -0.30171498367990884, -0.3017080240555072, -0.30169410514128153, -0.3016819264572598, -0.30167844689598095, -0.3016349547320539, -0.30154276574650923, -0.301521895485352, -0.30150624344763177, -0.3014923309987649, -0.3014871139453395, -0.30148537494145783, -0.3014836359445394, -0.3014471186176765, -0.3014436409371587, -0.3014297304935614, -0.3014140817770689, -0.30140017228020355, -0.30139321769882627, -0.3013897404498999, -0.3013202013173758, -0.3013062948269219, -0.3012993417486782, -0.3012541494532957, -0.30124198310029243, -0.30122286523416, -0.30122112728806016, -0.3012141755732088, -0.3011689921388125, -0.30114813983139416, -0.3010925385725728, -0.30106995259436325, -0.30106300329891184, -0.30103347003373393, -0.30103347003373393, -0.30102478416146733, -0.3010091500291411, -0.30099004240946764, -0.30097093563043364, -0.30094661912734716, -0.30091883050514723, -0.3009153570523897, -0.30089799020529584, -0.3008875704303785, -0.30087888747557895, -0.30083547530539617, -0.30082505703023654, -0.30080769379367045, -0.3007608165221151, -0.3007434558536644, -0.3007417198249879, -0.30065666291962456, -0.30065319156302145, -0.3006462489330547, -0.3006462489330547, -0.3006393064140711, -0.3006080664519651, -0.3006045954837748, -0.30053344674854016, -0.30049353914622373, -0.30044669577008787, -0.3003495552423444, -0.3002732457817994, -0.30026457510053595, -0.30025417051152, -0.30010506545419, -0.3000201331345385, -0.2999456143717613, -0.29992135520793456, -0.29957148087560154, -0.29905584371551347]
"Number of good channels:"
0
"R=0.0"
"Frozen channels:"
256
