"MONTE _CARLO CHANNEL REPORT"
"---------------------------"
"N=256"
"p=0.2"
"Capacity for 256channels:71"
"No of good channels needed :5(valid if used)"
"tolerable error exponent:-5"
"Z Construct--------------------------------------------------------"
"Good Channels:"
[255, 127, 191, 223, 239, 247, 251, 63, 95]
"Corresponding Error Exponents:"
[-24.80896333006243, -12.103451669367319, -11.80242194631436, -11.201049985792656, -10.045486257757123, -8.196810020331165, -5.956277919327597, -5.600181250104264, -5.2994955420229335]
"Number of good channels:"
9
"R=0.03515625"
"Frozen channels:"
247
"Monte Carlo--------------------------------------------------------"
"sim ran :500000"
"Good Channels:"
[]
"Corresponding Error Exponents:"
[]
[-0.6907063282345459, -0.48940405700755973, -0.48934240952081776, -0.48918431031944515, -0.48903162505412656, -0.48876656237180255, -0.48809793135406737, -0.48806051843733156, -0.48799906135582205, -0.359190729863992, -0.3590517238557946, -0.3587182908516054, -0.35868456486555134, -0.358563569647146, -0.35855960316148133, -0.35849217844726056, -0.35843071209426963, -0.35843071209426963, -0.35840890354383814, -0.3583831312142546, -0.3582384380714865, -0.3582245659191624, -0.3582166391739164, -0.35807794454689423, -0.3580601155936342, -0.358038325644688, -0.3579927683748435, -0.3579432550230134, -0.35793533341054595, -0.3578660254642363, -0.35780662745523956, -0.3578046476615095, -0.3577650536820768, -0.35771160753512343, -0.35756515921039334, -0.35696009937121187, -0.35684748522366266, -0.30881061104330876, -0.3086284854092649, -0.3084835467720919, -0.30847294340486947, -0.30822030640041914, -0.30817438818490767, -0.30815143089763375, -0.3081355381019244, -0.30807550389958166, -0.30803313181150477, -0.30801724334422426, -0.30792898466489044, -0.3079201597833681, -0.30790604034591146, -0.30790604034591146, -0.30786897900646565, -0.3078601553441641, -0.3078548612328327, -0.30780721713474396, -0.30777016422724435, -0.3077666355437784, -0.307715472855152, -0.30770841640556923, -0.3076943038503554, -0.3076890117603789, -0.3076607883695611, -0.3076413858522675, -0.30760611076873756, -0.3075955288023643, -0.3075443862660576, -0.3075196989211187, -0.3074861969117511, -0.30748267053478284, -0.30742272650681973, -0.30730815065336015, -0.3072870014930558, -0.3072270844646063, -0.30720241514949753, -0.30719536703112543, -0.3071795091829891, -0.3071689376059081, -0.30710727520119524, -0.30709494377078417, -0.3069980661419518, -0.30695756008621766, -0.30677444941786836, -0.30677444941786836, -0.3067515660118172, -0.30667764324704827, -0.30667236353101246, -0.30662484897481473, -0.3065878968024984, -0.3065527071802759, -0.3065016872921645, -0.3064946505365678, -0.30570023062334944, -0.30280379744105385, -0.30278809913598165, -0.3025945333486485, -0.3023731719572953, -0.3021466983542385, -0.30208574486485573, -0.30207007249308954, -0.3020648484948469, -0.30206136586426136, -0.3020422118952273, -0.30203698823209857, -0.30195167729371053, -0.301920342789894, -0.301854199594135, -0.3018280932107015, -0.301814170447851, -0.301801988396485, -0.301801988396485, -0.30178632626110075, -0.3017671844182078, -0.3017602239572391, -0.3017410832647641, -0.30172368336725136, -0.30169758482801684, -0.30168888566345337, -0.3016349547320539, -0.301617559085949, -0.301617559085949, -0.3016123405279871, -0.30160886152418276, -0.3016053825482475, -0.301516678076767, -0.30150624344763177, -0.30146798528561314, -0.3014645074379989, -0.3014610296182352, -0.3014453797739366, -0.3014158204955011, -0.3014088656635383, -0.3014053882893223, -0.30140017228020355, -0.3013984336244185, -0.30139669497559396, -0.3013949563337299, -0.3013862632288145, -0.3013723546228732, -0.3013636619703512, -0.3013584464623512, -0.30135323101698425, -0.3013358466514252, -0.3012680542740825, -0.3012645780271489, -0.3012541494532957, -0.30122460318721467, -0.301217651416725, -0.301196796772895, -0.301196796772895, -0.30119505893111187, -0.3011689921388125, -0.3011689921388125, -0.30115509048928896, -0.30114292691097444, -0.30113250125784624, -0.30113076367332386, -0.3011290260957534, -0.3011272885251348, -0.30112207585498985, -0.30111860077631825, -0.3011151257254528, -0.30111338821044725, -0.30108558891570886, -0.30107863937005275, -0.3010491050415943, -0.3010299956639812, -0.30102478416146733, -0.3010126242321313, -0.3010091500291411, -0.3010091500291411, -0.30100220170653647, -0.30099872758692137, -0.30099525349509715, -0.30099004240946764, -0.3009830943925587, -0.3009813574056997, -0.30095704031909887, -0.3009500928301463, -0.3009448822863667, -0.3009361981856531, -0.30092925103010537, -0.30090841023021475, -0.30090667354203327, -0.30090667354203327, -0.3008910436609071, -0.30087194123672933, -0.3008632585943993, -0.3008441573922804, -0.300830266136576, -0.30082505703023654, -0.3008215843273878, -0.3008146390049946, -0.300809430086089, -0.30080248495806444, -0.3007868588260778, -0.30076776098381514, -0.3007538721714567, -0.3007469279318364, -0.30070873659857233, -0.3006965855149952, -0.30069484967366544, -0.30068790637772563, -0.3006826989786177, -0.300665341432527, -0.300665341432527, -0.300665341432527, -0.30064798458014164, -0.30063236400606697, -0.3006150084715688, -0.3006150084715688, -0.30061153744789626, -0.30060980194646303, -0.3006080664519651, -0.3005907118884137, -0.30055253428952594, -0.30054559326846675, -0.3005195654274505, -0.3005056845500343, -0.3005056845500343, -0.30049527418311583, -0.30048139408205987, -0.3004744541978819, -0.3004727192441649, -0.30047098429737895, -0.30045016547653647, -0.3004328172214919, -0.3003929188645922, -0.30039118423656785, -0.30037557289611483, -0.3003686347027055, -0.3003304766201469, -0.3003304766201469, -0.3002801824514515, -0.3002368300837349, -0.3001761440382838, -0.30015013832876947, -0.30013453565049897, -0.3001171999987188, -0.3000755972575233, -0.30006173056269697, -0.30004439781676234, -0.2999941367650558, -0.29996640901934923, -0.29995427868725405, -0.29994041586543524, -0.2999317518265031, -0.2999196224623701, -0.2999057607467275, -0.29989363210846465, -0.29980181197962946, -0.29973599062674794, -0.2995749435967139, -0.2994399179274191, -0.2993724208322244, -0.29933088937174496]
"Number of good channels:"
0
"R=0.0"
"Frozen channels:"
256
