"MONTE _CARLO CHANNEL REPORT"
"---------------------------"
"N=256"
"p=0.2"
"Capacity for 256channels:71"
"No of good channels needed :5(valid if used)"
"tolerable error exponent:-5"
"Z Construct--------------------------------------------------------"
"Good Channels:"
[255, 127, 191, 223, 239, 247, 251, 63, 95]
"Corresponding Error Exponents:"
[-24.80896333006243, -12.103451669367319, -11.80242194631436, -11.201049985792656, -10.045486257757123, -8.196810020331165, -5.956277919327597, -5.600181250104264, -5.2994955420229335]
"Number of good channels:"
9
"R=0.03515625"
"Frozen channels:"
247
"Monte Carlo--------------------------------------------------------"
"sim ran :500000"
"Good Channels:"
[]
"Corresponding Error Exponents:"
[]
[-0.6911838326460051, -0.4896319606343755, -0.4895112908754502, -0.4893531301942793, -0.48910394296215604, -0.4891012643063618, -0.4884989864227422, -0.4884508402549345, -0.488076552149854, -0.3592622359966343, -0.3589842227019106, -0.3589484910438889, -0.35878971923355824, -0.35877781368738204, -0.3587619401334883, -0.3586548088174025, -0.3585536535009085, -0.35850011022329253, -0.3583454667142336, -0.3582939311122239, -0.35814134230906564, -0.35811162345572256, -0.3581017176231836, -0.35806803948249977, -0.35806605849672946, -0.3579670207274027, -0.35793929419871817, -0.3577828705261195, -0.3577314016374715, -0.3577215044735265, -0.3576937936143308, -0.35766608452315835, -0.35734755697841375, -0.3572724106291214, -0.35715378496582717, -0.35713401717176535, -0.35709843740971947, -0.3091432315853323, -0.30882829721192057, -0.3087663987726161, -0.3087575568585623, -0.30868329188663757, -0.30842699847153876, -0.30838635892798194, -0.3083704575330271, -0.30817968619277497, -0.30815319679972475, -0.3081478991149928, -0.3081249432278807, -0.30808609756757727, -0.3080490208600789, -0.30803842809643917, -0.30802253943539887, -0.30799605962534476, -0.30796781627407493, -0.30794840003547597, -0.30794133980029037, -0.30793251466771016, -0.3079254546907629, -0.3079025105582711, -0.3078954510690557, -0.3078548612328327, -0.30781603972154215, -0.30778251484516306, -0.3077507568229746, -0.3077242935783654, -0.307697831946166, -0.30766960798216575, -0.30761669299295596, -0.3075778927646973, -0.3075408594165747, -0.3075214622563613, -0.3074650390794299, -0.30742272650681973, -0.3074192006451776, -0.3074086232319983, -0.3073998089178021, -0.30739275759524565, -0.30738394360304466, -0.30729228868657804, -0.3072817143639002, -0.30716365191386585, -0.30716189003081407, -0.3071442715934119, -0.307119606981757, -0.30711784527738106, -0.30710551354684207, -0.3071002286266575, -0.307075566516109, -0.3068431068714072, -0.3068255013613776, -0.30677797004889784, -0.3066494855031939, -0.3024481084568175, -0.3022773417886467, -0.30227037314661986, -0.3021745656560746, -0.3021675986629741, -0.30209793487836284, -0.3020491768771356, -0.3020422118952273, -0.3020282822665036, -0.30200564757268455, -0.3019447138752601, -0.3019116391622625, -0.3018524591197489, -0.30182983358744153, -0.30180372866861643, -0.30178110567482125, -0.3017689245508807, -0.3017654442925073, -0.301763704173779, -0.30175500368472, -0.30175152353790047, -0.3017463033699598, -0.3017428232928578, -0.301739343243642, -0.30171846353393345, -0.30170106454263257, -0.30168714585145034, -0.3016523510749685, -0.3016471320989258, -0.30164191318559946, -0.30161060102260123, -0.30159668523033334, -0.30159494578765134, -0.3015671156521883, -0.30154276574650923, -0.3015253737925643, -0.30151319983919866, -0.3015097216294871, -0.30150624344763177, -0.3015010262270785, -0.30145929071879707, -0.3014279917194392, -0.3014279917194392, -0.30142103669256415, -0.3014106043610876, -0.3014088656635383, -0.30140017228020355, -0.3013862632288145, -0.3013654004869366, -0.3013567079736031, -0.30135323101698425, -0.3013497540882017, -0.3013045565469248, -0.3012993417486782, -0.30129065055741316, -0.3012819595400746, -0.30128022135747745, -0.30126979240798374, -0.30126631614713756, -0.30125067331765903, -0.3012350310515985, -0.3012106997575109, -0.3012106997575109, -0.30120896186009377, -0.301202010339969, -0.30114813983139416, -0.30114292691097444, -0.30113250125784624, -0.30111686324740977, -0.30111338821044725, -0.30109080114793085, -0.3010890637302396, -0.30108732631949897, -0.30108211412898006, -0.30107690200101456, -0.30105431683596695, -0.3010421560797211, -0.3010421560797211, -0.3010386816404793, -0.3010230470078598, -0.3010178355887282, -0.3010126242321313, -0.3009969905375355, -0.30099004240946764, -0.3009883053948193, -0.3009830943925587, -0.30097614648680515, -0.30096051410525315, -0.30094661912734716, -0.30094314545233225, -0.30094140862524366, -0.3009153570523897, -0.30090667354203327, -0.3008702046943763, -0.30084936672772383, -0.30084936672772383, -0.30084589383048543, -0.30082332067534123, -0.3008181116523074, -0.3008163753251801, -0.30081290269175104, -0.3008059575081936, -0.300800748693412, -0.30079553994110286, -0.3007868588260778, -0.30076776098381514, -0.300750400037767, -0.30074519188928067, -0.30073651178059474, -0.3007260958791687, -0.300710472495408, -0.3006965855149952, -0.30069484967366544, -0.30069484967366544, -0.30067749164194807, -0.3006705486235126, -0.3006583986083313, -0.30063236400606697, -0.30063062842140603, -0.30063062842140603, -0.30061153744789626, -0.3006063309644023, -0.3005976536306151, -0.30055947542152045, -0.30055079902386117, -0.3005299763766718, -0.3004796591006187, -0.30047792412610874, -0.30045710497259637, -0.3004553700881859, -0.30045363521070584, -0.30044496092725875, -0.3004432260913596, -0.3004172043844366, -0.30040159210864076, -0.30039465349954503, -0.30037557289611483, -0.3003634311303882, -0.3003356797976267, -0.3003304766201469, -0.30031486746172487, -0.3002801824514515, -0.30026630922293995, -0.30025763868016236, -0.3002420321393724, -0.3002333620812602, -0.3002142885626509, -0.3002142885626509, -0.3001362692537367, -0.3001171999987188, -0.30010506545419, -0.3000998650388951, -0.30008946439511686, -0.2999924037290842, -0.29993348462046193, -0.29985551573604885, -0.29980181197962946, -0.2997238667287002, -0.2996701792481907, -0.29960957232641683, -0.2995628241936082, -0.29950050117645416, -0.299201129150306]
"Number of good channels:"
0
"R=0.0"
"Frozen channels:"
256
