"LLR dict generation REPORT"
"---------------------------"
"N=1024"
"design_p=0.2455"
"Capacity for 1024channels:200"
"design for rate:200"
"Z Construct--------------------------------------------------------"
"Good Channels:"
[1023, 511, 767, 895, 959, 991, 1007, 1015, 255, 383, 639, 447, 703, 831, 479, 735, 863, 1019, 927, 495, 751, 879, 943, 503, 759, 887, 975, 1021, 127, 191, 951, 319, 223, 575, 351, 507, 607, 763, 415, 239, 983, 671, 367, 891, 623, 799, 431, 1022, 687, 955, 247, 999, 815, 375, 463, 509, 631, 719, 765, 439, 987, 63, 695, 847, 893, 95, 251, 471, 823, 159, 379, 911, 727, 111, 287, 957, 1003, 635, 510, 175, 543, 443, 855, 766, 487, 303, 699, 119, 207, 989, 743, 253, 559, 894, 475, 919, 827, 1011, 183, 335, 381, 731, 871, 591, 311, 637, 958, 1005, 399, 215, 445, 859, 567, 491, 123, 935, 31, 655, 343, 701, 747, 254, 990, 187, 923, 1013, 477, 599, 783, 231, 47, 967, 829, 382, 875, 407, 315, 499, 733, 1006, 219, 359, 638, 663, 1017, 79, 571, 755, 939, 125, 446, 493, 861, 615, 347, 55, 791, 1014, 423, 883, 702, 749, 143, 971, 189, 925, 603, 235, 478, 679, 947, 411, 501, 830, 877, 1018, 87, 271, 455, 317, 734, 363, 807, 667, 757, 979, 941, 221, 527, 1020, 711, 494, 573, 862, 619, 126, 151, 795, 505, 885]
"R order:"
[1023, 511, 767, 895, 959, 991, 1007, 1015, 255, 383, 639, 447, 703, 831, 479, 735, 863, 1019, 927, 495, 751, 879, 943, 503, 759, 887, 975, 1021, 127, 191, 951, 319, 223, 575, 351, 507, 607, 763, 415, 239, 983, 671, 367, 891, 623, 799, 431, 1022, 687, 955, 247, 999, 815, 375, 463, 509, 631, 719, 765, 439, 987, 63, 695, 847, 893, 95, 251, 471, 823, 159, 379, 911, 727, 111, 287, 957, 1003, 635, 510, 175, 543, 443, 855, 766, 487, 303, 699, 119, 207, 989, 743, 253, 559, 894, 475, 919, 827, 1011, 183, 335, 381, 731, 871, 591, 311, 637, 958, 1005, 399, 215, 445, 859, 567, 491, 123, 935, 31, 655, 343, 701, 747, 254, 990, 187, 923, 1013, 477, 599, 783, 231, 47, 967, 829, 382, 875, 407, 315, 499, 733, 1006, 219, 359, 638, 663, 1017, 79, 571, 755, 939, 125, 446, 493, 861, 615, 347, 55, 791, 1014, 423, 883, 702, 749, 143, 971, 189, 925, 603, 235, 478, 679, 947, 411, 501, 830, 877, 1018, 87, 271, 455, 317, 734, 363, 807, 667, 757, 979, 941, 221, 527, 1020, 711, 494, 573, 862, 619, 126, 151, 795, 505, 885, 59, 243, 973, 995, 427, 750, 839, 349, 926, 103, 761, 949, 683, 279, 502, 878, 903, 371, 605, 190, 237, 889, 459, 981, 413, 535, 811, 758, 91, 942, 627, 167, 953, 715, 997, 435, 669, 318, 365, 506, 886, 974, 985, 843, 691, 222, 574, 797, 621, 762, 950, 295, 155, 245, 467, 429, 1001, 907, 819, 15, 508, 890, 982, 551, 199, 61, 350, 723, 685, 107, 1009, 764, 954, 283, 998, 373, 606, 461, 483, 851, 813, 238, 327, 892, 986, 539, 629, 414, 717, 739, 915, 249, 583, 437, 956, 1002, 670, 171, 845, 867, 366, 391, 693, 988, 93, 1010, 798, 909, 377, 931, 622, 647, 469, 821, 1004, 23, 299, 246, 430, 633, 963, 115, 775, 725, 1012, 555, 441, 686, 203, 485, 853, 1016, 157, 374, 697, 462, 814, 741, 917, 630, 473, 825, 331, 718, 179, 869, 62, 285, 109, 250, 438, 729, 587, 846, 933, 541, 694, 489, 857, 395, 910, 307, 965, 378, 470, 822, 39, 745, 921, 651, 563, 634, 726, 211, 173, 497, 873, 779, 252, 442, 486, 854, 753, 937, 698, 94, 742, 918, 339, 301, 881, 969, 380, 474, 826, 27, 117, 870, 595, 557, 945, 636, 730, 205, 227, 934, 403, 977, 71, 444, 490, 858, 966, 659, 993, 158, 700, 746, 922, 333, 355, 787, 181, 476, 828, 498, 874, 589, 611, 286, 732, 754, 938, 397, 419, 110, 135, 542, 309, 492, 860, 882, 970, 653, 675, 565, 748, 924, 946, 781, 121, 451, 803, 263, 213, 500, 876, 978, 707, 43, 519, 756, 940, 994, 174, 835, 341, 504, 884, 972, 899, 597, 760, 948, 185, 302, 229, 405, 888, 980, 558, 118, 661, 952, 996, 313, 206, 357, 789, 984, 569, 613, 217, 1000, 75, 334, 421, 29, 1008, 590, 182, 677, 345, 398, 453, 805, 601, 654, 310, 709, 233, 409, 139, 782, 566, 51, 837, 122, 665, 214, 901, 361, 793, 267, 617, 523, 342, 241, 425, 598, 186, 681, 230, 406, 369, 457, 809, 662, 314, 625, 713, 358, 841, 83, 45, 790, 570, 433, 614, 689, 124, 218, 465, 678, 422, 147, 346, 454, 325, 69, 581, 197, 533, 549, 293, 165, 277, 101, 21, 37, 48, 771, 85, 160, 672, 416, 928, 96, 608, 800, 352, 224, 736, 480, 992, 16, 528, 864, 288, 544, 32, 512, 256, 768, 128, 640, 384, 896, 64, 576, 320, 832, 192, 704, 448, 960, 272, 784, 144, 656, 579, 67, 387, 643, 131, 259, 515, 3, 720, 77, 141, 269, 525, 13, 53, 323, 149, 195, 547, 400, 912, 80, 7, 592, 336, 848, 208, 11, 275, 531, 19, 99, 163, 291, 35, 389, 929, 133, 308, 820, 180, 692, 436, 116, 628, 372, 244, 12, 524, 268, 780, 140, 652, 396, 908, 76, 588, 564, 52, 468, 724, 100, 612, 356, 868, 228, 740, 484, 20, 532, 332, 276, 148, 660, 404, 916, 84, 596, 340, 852, 212, 788, 932, 844, 716, 572, 316, 188, 2, 514, 258, 770, 130, 642, 386, 898, 66, 578, 322, 834, 194, 706, 450, 962, 60, 220, 348, 604, 460, 44, 556, 300, 812, 172, 684, 428, 108, 204, 620, 236, 28, 540, 284, 796, 156, 668, 412, 92, 364, 420, 676, 164, 328, 840, 200, 712, 456, 968, 40, 552, 296, 808, 168, 680, 424, 936, 104, 616, 360, 872, 232, 584, 72, 904, 392, 560, 304, 816, 176, 688, 432, 944, 112, 624, 744, 368, 240, 752, 496, 8, 520, 264, 776, 136, 648, 880, 488, 24, 536, 4, 516, 260, 772, 132, 644, 388, 900, 68, 248, 580, 836, 196, 708, 452, 964, 36, 548, 292, 804, 324, 34, 376, 120, 280, 792, 152, 664, 408, 920, 88, 600, 344, 632, 856, 728, 472, 56, 568, 312, 824, 184, 696, 440, 216, 645, 546, 802, 193, 705, 449, 961, 33, 545, 289, 801, 161, 673, 417, 976, 97, 609, 353, 865, 225, 737, 481, 833, 321, 577, 65, 278, 150, 86, 54, 14, 526, 270, 142, 78, 17, 46, 464, 1, 513, 257, 769, 129, 641, 385, 897, 30, 534, 529, 785, 73, 585, 329, 201, 41, 553, 297, 169, 105, 25, 537, 281, 153, 89, 57, 5, 517, 261, 773, 905, 393, 649, 137, 145, 657, 401, 913, 81, 593, 337, 849, 209, 273, 721, 561, 305, 817, 177, 113, 9, 521, 265, 777, 49, 22, 102, 166, 722, 466, 50, 562, 306, 818, 178, 690, 434, 114, 626, 370, 242, 10, 522, 266, 778, 138, 650, 210, 850, 338, 594, 162, 674, 418, 930, 98, 610, 354, 866, 226, 394, 738, 18, 530, 274, 786, 146, 658, 402, 914, 82, 482, 906, 74, 586, 602, 58, 6, 518, 262, 774, 134, 646, 390, 90, 902, 582, 326, 838, 198, 710, 38, 550, 294, 806, 70, 290, 410, 154, 330, 842, 202, 714, 458, 42, 554, 298, 810, 666, 170, 426, 106, 618, 362, 234, 26, 538, 282, 794, 682, 0]
"Number of good channels:"
200
"R=0.1953125"
"Frozen channels:"
824
"sim ran :1000"
"Outputilename:./simresults/llrsgndict-1024-0p2455-18-04-14_20-07-15.txt"
