"LLR Lambda CHANNEL REPORT"
"---------------------------"
"N=128"
"design_p=0.1"
"Capacity for 128channels:67"
"design for rate:67"
"Z Construct--------------------------------------------------------"
"Good Channels:"
[127, 63, 95, 111, 119, 123, 125, 31, 47, 79, 55, 87, 126, 103, 59, 91, 107, 61, 93, 115, 15, 109, 23, 62, 39, 117, 27, 94, 71, 43, 110, 75, 121, 29, 51, 118, 45, 83, 77, 99, 53, 30, 122, 7, 85, 46, 11, 57, 124, 101, 78, 54, 89, 19, 13, 86, 105, 35, 58, 102, 67, 113, 21, 90, 60, 37, 106]
"Number of good channels:"
67
"R=0.5234375"
"Frozen channels:"
61
"sim ran for prob:1000"
"Lambdathreshold:0.0164625778879"
"p,Pr(Gmin>LT)"
[0.1, 0.22]
[0.2, 0.014]
[0.3, 0.003]
[0.4, 0.005]
