"LLR dict generation REPORT"
"---------------------------"
"N=1024"
"design_p=0.03"
"Capacity for 1024channels:824"
"design for rate:510"
"Z Construct--------------------------------------------------------"
"Good Channels:"
[1023, 511, 767, 895, 959, 991, 1007, 1015, 1019, 1021, 1022, 255, 383, 639, 447, 703, 831, 479, 735, 863, 927, 495, 751, 879, 943, 975, 503, 759, 887, 951, 983, 999, 507, 763, 891, 955, 987, 1003, 509, 765, 893, 957, 1011, 989, 1005, 1013, 510, 766, 894, 958, 127, 191, 990, 319, 223, 575, 351, 607, 415, 239, 671, 367, 623, 799, 431, 687, 815, 463, 247, 719, 375, 631, 847, 1006, 439, 695, 823, 911, 1017, 471, 727, 855, 919, 487, 251, 743, 379, 635, 871, 443, 699, 827, 935, 475, 731, 859, 1014, 923, 967, 491, 747, 875, 939, 253, 381, 637, 445, 971, 499, 701, 755, 829, 883, 477, 733, 861, 947, 925, 493, 749, 877, 979, 941, 1018, 501, 973, 757, 885, 995, 254, 382, 949, 638, 446, 702, 830, 478, 63, 734, 95, 981, 159, 862, 111, 287, 175, 543, 303, 207, 559, 926, 119, 335, 494, 183, 591, 750, 311, 399, 505, 215, 567, 655, 878, 761, 343, 599, 783, 889, 407, 231, 663, 942, 123, 359, 997, 187, 615, 791, 953, 315, 423, 219, 571, 679, 1020, 347, 603, 807, 502, 411, 455, 758, 974, 235, 667, 711, 363, 886, 619, 795, 839, 985, 427, 683, 950, 811, 903, 125, 459, 189, 243, 715, 317, 371, 221, 573, 627, 843, 349, 435, 605, 691, 413, 237, 669, 982, 819, 907, 365, 467, 1001, 621, 797, 723, 429, 506, 685, 851, 762, 813, 890, 461, 245, 717, 915, 373, 483, 629, 739, 845, 437, 126, 954, 693, 190, 867, 998, 318, 821, 222, 574, 909, 469, 350, 725, 31, 606, 931, 47, 414, 1009, 853, 79, 238, 670, 986, 55, 143, 366, 249, 87, 271, 622, 798, 377, 151, 527, 430, 633, 917, 485, 103, 279, 686, 441, 741, 59, 167, 535, 963, 508, 697, 91, 295, 814, 764, 246, 462, 869, 155, 199, 551, 825, 374, 718, 107, 283, 327, 473, 892, 630, 171, 539, 583, 729, 438, 846, 299, 391, 1002, 933, 694, 203, 555, 647, 857, 61, 115, 956, 331, 93, 179, 822, 587, 775, 157, 470, 910, 307, 395, 489, 109, 285, 726, 211, 563, 921, 651, 745, 173, 541, 339, 250, 301, 854, 965, 595, 779, 378, 873, 205, 557, 403, 988, 634, 117, 227, 333, 659, 442, 181, 355, 486, 589, 698, 918, 309, 62, 611, 1010, 742, 397, 787, 937, 213, 565, 94, 419, 653, 826, 497, 341, 158, 675, 870, 474, 753, 597, 110, 286, 781, 730, 15, 121, 405, 174, 803, 542, 229, 1004, 23, 451, 185, 881, 661, 302, 252, 858, 934, 357, 39, 707, 969, 313, 206, 558, 380, 118, 613, 27, 71, 217, 569, 789, 334, 636, 490, 421, 835, 182, 43, 135, 345, 945, 590, 444, 746, 922, 677, 310, 75, 263, 601, 398, 700, 214, 51, 409, 566, 139, 519, 233, 966, 29, 654, 874, 805, 342, 899, 453, 83, 665, 267, 361, 828, 45, 1012, 476, 122, 598, 709, 147, 523, 782, 617, 77, 977, 732, 186, 406, 793, 99, 498, 230, 275, 425, 938, 53, 141]
"R order:"
[1023, 511, 767, 895, 959, 991, 1007, 1015, 1019, 1021, 1022, 255, 383, 639, 447, 703, 831, 479, 735, 863, 927, 495, 751, 879, 943, 975, 503, 759, 887, 951, 983, 999, 507, 763, 891, 955, 987, 1003, 509, 765, 893, 957, 1011, 989, 1005, 1013, 510, 766, 894, 958, 127, 191, 990, 319, 223, 575, 351, 607, 415, 239, 671, 367, 623, 799, 431, 687, 815, 463, 247, 719, 375, 631, 847, 1006, 439, 695, 823, 911, 1017, 471, 727, 855, 919, 487, 251, 743, 379, 635, 871, 443, 699, 827, 935, 475, 731, 859, 1014, 923, 967, 491, 747, 875, 939, 253, 381, 637, 445, 971, 499, 701, 755, 829, 883, 477, 733, 861, 947, 925, 493, 749, 877, 979, 941, 1018, 501, 973, 757, 885, 995, 254, 382, 949, 638, 446, 702, 830, 478, 63, 734, 95, 981, 159, 862, 111, 287, 175, 543, 303, 207, 559, 926, 119, 335, 494, 183, 591, 750, 311, 399, 505, 215, 567, 655, 878, 761, 343, 599, 783, 889, 407, 231, 663, 942, 123, 359, 997, 187, 615, 791, 953, 315, 423, 219, 571, 679, 1020, 347, 603, 807, 502, 411, 455, 758, 974, 235, 667, 711, 363, 886, 619, 795, 839, 985, 427, 683, 950, 811, 903, 125, 459, 189, 243, 715, 317, 371, 221, 573, 627, 843, 349, 435, 605, 691, 413, 237, 669, 982, 819, 907, 365, 467, 1001, 621, 797, 723, 429, 506, 685, 851, 762, 813, 890, 461, 245, 717, 915, 373, 483, 629, 739, 845, 437, 126, 954, 693, 190, 867, 998, 318, 821, 222, 574, 909, 469, 350, 725, 31, 606, 931, 47, 414, 1009, 853, 79, 238, 670, 986, 55, 143, 366, 249, 87, 271, 622, 798, 377, 151, 527, 430, 633, 917, 485, 103, 279, 686, 441, 741, 59, 167, 535, 963, 508, 697, 91, 295, 814, 764, 246, 462, 869, 155, 199, 551, 825, 374, 718, 107, 283, 327, 473, 892, 630, 171, 539, 583, 729, 438, 846, 299, 391, 1002, 933, 694, 203, 555, 647, 857, 61, 115, 956, 331, 93, 179, 822, 587, 775, 157, 470, 910, 307, 395, 489, 109, 285, 726, 211, 563, 921, 651, 745, 173, 541, 339, 250, 301, 854, 965, 595, 779, 378, 873, 205, 557, 403, 988, 634, 117, 227, 333, 659, 442, 181, 355, 486, 589, 698, 918, 309, 62, 611, 1010, 742, 397, 787, 937, 213, 565, 94, 419, 653, 826, 497, 341, 158, 675, 870, 474, 753, 597, 110, 286, 781, 730, 15, 121, 405, 174, 803, 542, 229, 1004, 23, 451, 185, 881, 661, 302, 252, 858, 934, 357, 39, 707, 969, 313, 206, 558, 380, 118, 613, 27, 71, 217, 569, 789, 334, 636, 490, 421, 835, 182, 43, 135, 345, 945, 590, 444, 746, 922, 677, 310, 75, 263, 601, 398, 700, 214, 51, 409, 566, 139, 519, 233, 966, 29, 654, 874, 805, 342, 899, 453, 83, 665, 267, 361, 828, 45, 1012, 476, 122, 598, 709, 147, 523, 782, 617, 77, 977, 732, 186, 406, 793, 99, 498, 230, 275, 425, 938, 53, 141, 314, 837, 662, 754, 163, 358, 531, 681, 860, 241, 85, 269, 218, 570, 291, 30, 614, 492, 369, 149, 790, 525, 346, 882, 422, 195, 457, 809, 547, 46, 901, 748, 101, 57, 993, 625, 970, 277, 1016, 602, 124, 924, 678, 323, 713, 433, 78, 234, 410, 165, 89, 533, 188, 876, 579, 946, 54, 7, 689, 454, 142, 362, 666, 806, 841, 293, 387, 153, 316, 500, 86, 197, 710, 11, 270, 618, 105, 465, 549, 220, 643, 281, 817, 572, 794, 940, 756, 426, 325, 150, 978, 526, 242, 905, 19, 721, 169, 348, 838, 537, 58, 682, 771, 102, 581, 884, 278, 13, 370, 297, 604, 35, 389, 236, 849, 972, 481, 113, 458, 504, 90, 412, 166, 201, 810, 902, 534, 626, 994, 553, 21, 645, 948, 737, 364, 67, 714, 434, 760, 668, 177, 154, 294, 329, 913, 198, 620, 690, 106, 773, 37, 865, 842, 131, 888, 550, 305, 585, 796, 60, 282, 428, 244, 980, 466, 14, 393, 209, 326, 25, 818, 561, 170, 259, 538, 684, 929, 906, 69, 952, 372, 722, 649, 92, 996, 582, 337, 460, 515, 298, 812, 390, 22, 628, 114, 482, 41, 961, 850, 777, 984, 133, 593, 436, 225, 716, 202, 248, 156, 554, 646, 401, 738, 914, 692, 108, 178, 1000, 844, 261, 353, 330, 376, 38, 657, 774, 73, 284, 866, 468, 820, 517, 908, 609, 1008, 586, 632, 306, 785, 540, 49, 724, 930, 26, 172, 417, 394, 440, 210, 137, 562, 484, 70, 852, 962, 673, 650, 3, 696, 300, 116, 740, 449, 338, 265, 472, 916, 801, 778, 81, 824, 204, 556, 868, 42, 705, 134, 594, 521, 728, 226, 402, 180, 932, 833, 488, 332, 856, 145, 262, 658, 354, 964, 744, 897, 588, 920, 308, 518, 5, 786, 396, 610, 97, 496, 74, 872, 120, 273, 28, 564, 212, 418, 652, 752, 936, 529, 674, 780, 50, 880, 968, 340, 450, 161, 802, 138, 184, 944, 596, 706, 228, 976, 404, 289, 266, 834, 312, 992, 44, 660, 545, 522, 898, 356, 568, 193, 82, 9, 216, 788, 612, 420, 321, 344, 676, 577, 600, 146, 452, 232, 804, 385, 76, 408, 708, 641, 6, 664, 274, 98, 360, 836, 769, 792, 530, 52, 616, 900, 140, 240, 424, 17, 680, 162, 268, 368, 456, 808, 524, 624, 712, 290, 432, 840, 546, 84, 688, 194, 904, 464, 816, 720, 322, 480, 848, 578, 148, 33, 736, 912, 10, 386, 56, 864, 642, 276, 928, 770, 100, 532, 960, 164, 65, 88, 292, 548, 196, 129, 152, 324, 257, 280, 18, 580, 513, 536, 104, 388, 644, 772, 168, 296, 552, 12, 200, 112, 128, 768, 256, 512, 640, 832, 896, 560, 48, 208, 336, 592, 80, 400, 656, 144, 784, 272, 528, 16, 224, 352, 608, 96, 416, 672, 160, 800, 288, 544, 32, 448, 704, 192, 304, 384, 176, 520, 64, 320, 1, 576, 34, 66, 130, 258, 514, 2, 20, 36, 68, 132, 260, 516, 4, 24, 40, 328, 584, 72, 392, 648, 136, 776, 264, 8, 0]
"Number of good channels:"
510
"R=0.498046875"
"Frozen channels:"
514
"sim ran :1000"
"Outputilename:./simresults/llrsgndict-1024-0p03-18-05-10_15-43-13.txt"
