"LLR dict generation REPORT"
"---------------------------"
"N=128"
"design_p=0.03"
"Capacity for 128channels:103"
"design for rate:42"
"Z Construct--------------------------------------------------------"
"Good Channels:"
[127, 63, 95, 111, 119, 123, 125, 126, 31, 47, 79, 55, 87, 103, 59, 91, 107, 61, 115, 93, 109, 117, 62, 94, 110, 15, 121, 23, 39, 118, 27, 71, 43, 75, 51, 29, 83, 45, 122, 77, 99, 53]
"R order:"
[127, 63, 95, 111, 119, 123, 125, 126, 31, 47, 79, 55, 87, 103, 59, 91, 107, 61, 115, 93, 109, 117, 62, 94, 110, 15, 121, 23, 39, 118, 27, 71, 43, 75, 51, 29, 83, 45, 122, 77, 99, 53, 85, 30, 46, 101, 57, 124, 78, 89, 54, 7, 86, 11, 105, 19, 58, 102, 13, 35, 113, 90, 21, 67, 106, 37, 60, 14, 25, 69, 92, 22, 114, 41, 108, 38, 73, 49, 26, 70, 3, 116, 81, 42, 5, 97, 74, 120, 28, 50, 44, 82, 9, 76, 6, 98, 52, 17, 84, 33, 10, 56, 100, 65, 88, 18, 104, 12, 112, 34, 66, 20, 36, 68, 1, 24, 40, 72, 48, 80, 96, 2, 4, 8, 16, 32, 64, 0]
"Number of good channels:"
42
"R=0.328125"
"Frozen channels:"
86
"sim ran :1000"
"Outputilename:./simresults/llrsgndict-128-0p03-18-05-10_15-44-07.txt"
