"LLR dict generation REPORT"
"---------------------------"
"N=256"
"design_p=0.03"
"Capacity for 256channels:206"
"design for rate:114"
"Z Construct--------------------------------------------------------"
"Good Channels:"
[255, 127, 191, 223, 239, 247, 251, 253, 254, 63, 95, 159, 111, 175, 207, 119, 183, 215, 231, 123, 187, 219, 235, 125, 189, 243, 221, 237, 245, 126, 190, 222, 31, 47, 79, 238, 55, 143, 249, 87, 151, 103, 59, 167, 91, 246, 155, 199, 107, 171, 203, 61, 115, 93, 179, 157, 109, 211, 173, 250, 205, 117, 227, 181, 62, 213, 94, 158, 110, 15, 121, 174, 229, 23, 185, 252, 39, 206, 118, 27, 71, 217, 182, 43, 135, 75, 214, 51, 139, 233, 29, 83, 45, 122, 147, 77, 186, 99, 230, 53, 141, 163, 241, 85, 218, 30, 149, 195, 46, 101, 57, 124, 78, 234]
"R order:"
[255, 127, 191, 223, 239, 247, 251, 253, 254, 63, 95, 159, 111, 175, 207, 119, 183, 215, 231, 123, 187, 219, 235, 125, 189, 243, 221, 237, 245, 126, 190, 222, 31, 47, 79, 238, 55, 143, 249, 87, 151, 103, 59, 167, 91, 246, 155, 199, 107, 171, 203, 61, 115, 93, 179, 157, 109, 211, 173, 250, 205, 117, 227, 181, 62, 213, 94, 158, 110, 15, 121, 174, 229, 23, 185, 252, 39, 206, 118, 27, 71, 217, 182, 43, 135, 75, 214, 51, 139, 233, 29, 83, 45, 122, 147, 77, 186, 99, 230, 53, 141, 163, 241, 85, 218, 30, 149, 195, 46, 101, 57, 124, 78, 234, 165, 89, 188, 54, 7, 142, 153, 86, 197, 11, 105, 220, 150, 242, 19, 169, 58, 102, 13, 35, 236, 113, 90, 166, 201, 21, 67, 177, 154, 198, 106, 37, 131, 60, 244, 14, 209, 25, 170, 69, 92, 22, 114, 41, 133, 225, 202, 248, 156, 108, 178, 38, 73, 49, 26, 172, 210, 137, 70, 3, 116, 81, 204, 42, 134, 226, 180, 145, 5, 97, 74, 120, 28, 212, 50, 161, 138, 184, 228, 44, 193, 82, 9, 216, 146, 232, 76, 6, 98, 52, 140, 240, 17, 162, 84, 194, 148, 33, 10, 56, 100, 164, 65, 88, 196, 129, 152, 18, 104, 168, 12, 112, 200, 34, 176, 208, 66, 224, 130, 20, 36, 68, 1, 24, 132, 40, 72, 136, 48, 80, 144, 96, 160, 2, 192, 4, 16, 64, 8, 128, 32, 0]
"Number of good channels:"
114
"R=0.4453125"
"Frozen channels:"
142
"sim ran :1000"
"Outputilename:./simresults/llrsgndict-256-0p03-18-05-10_15-43-32.txt"
