"LLR dict generation REPORT"
"---------------------------"
"N=1024"
"design_p=0.0835"
"Capacity for 1024channels:599"
"design for rate:599"
"Z Construct--------------------------------------------------------"
"Good Channels:"
[1023, 511, 767, 895, 959, 991, 1007, 1015, 1019, 1021, 255, 383, 639, 447, 703, 831, 479, 735, 863, 927, 495, 751, 879, 943, 975, 503, 759, 887, 951, 983, 1022, 507, 763, 999, 891, 955, 987, 1003, 509, 765, 893, 957, 127, 989, 191, 319, 1011, 223, 575, 351, 607, 415, 239, 671, 367, 623, 799, 431, 687, 815, 463, 247, 719, 1005, 375, 631, 847, 439, 695, 823, 911, 471, 727, 855, 510, 766, 894, 251, 919, 487, 379, 743, 635, 443, 958, 871, 699, 827, 1013, 475, 935, 731, 859, 990, 923, 491, 967, 747, 875, 253, 381, 637, 939, 445, 701, 1006, 829, 477, 499, 733, 63, 755, 95, 1017, 861, 159, 971, 883, 111, 287, 175, 543, 303, 925, 207, 559, 493, 947, 119, 335, 749, 183, 591, 311, 399, 877, 215, 567, 655, 343, 1014, 254, 599, 783, 382, 407, 941, 638, 979, 231, 123, 663, 446, 359, 187, 702, 615, 315, 791, 501, 423, 219, 571, 757, 830, 679, 347, 478, 603, 885, 734, 973, 807, 411, 455, 235, 667, 862, 711, 363, 995, 619, 795, 949, 125, 839, 427, 189, 494, 683, 926, 1018, 317, 750, 221, 573, 811, 243, 903, 505, 349, 459, 878, 371, 761, 605, 31, 715, 981, 627, 413, 47, 435, 237, 889, 669, 843, 79, 691, 365, 942, 55, 143, 621, 502, 797, 87, 271, 819, 429, 758, 126, 467, 151, 527, 953, 907, 685, 190, 723, 103, 279, 59, 886, 245, 318, 997, 167, 535, 1020, 974, 813, 91, 851, 373, 222, 461, 574, 295, 155, 629, 350, 717, 199, 551, 483, 107, 283, 950, 437, 985, 606, 327, 739, 171, 539, 693, 414, 845, 915, 506, 238, 583, 61, 299, 670, 762, 391, 366, 867, 249, 93, 203, 821, 555, 469, 115, 647, 622, 982, 377, 157, 909, 331, 798, 890, 725, 179, 430, 1001, 109, 633, 587, 285, 775, 307, 686, 931, 246, 15, 441, 395, 853, 173, 211, 541, 563, 374, 954, 485, 23, 697, 651, 508, 462, 301, 814, 339, 62, 630, 998, 741, 117, 205, 39, 764, 718, 557, 917, 595, 438, 473, 963, 94, 825, 779, 1009, 227, 27, 181, 333, 403, 71, 986, 869, 694, 729, 158, 250, 892, 846, 355, 589, 659, 309, 43, 135, 110, 470, 397, 286, 378, 213, 822, 857, 611, 565, 489, 933, 121, 75, 263, 787, 174, 956, 910, 419, 726, 653, 542, 634, 1002, 341, 29, 51, 745, 442, 519, 185, 139, 675, 921, 302, 597, 118, 854, 781, 486, 229, 965, 252, 206, 698, 45, 988, 405, 83, 873, 451, 313, 267, 558, 497, 803, 1010, 742, 474, 357, 182, 217, 661, 380, 334, 918, 707, 826, 569, 523, 77, 147, 753, 937, 1004, 730, 613, 870, 310, 345, 636, 590, 99, 53, 789, 835, 421, 275, 881, 444, 398, 214, 141, 30, 122, 490, 969, 858, 566, 601, 233, 934, 677, 1012, 7, 163, 531, 409, 700, 654, 899, 945, 85, 746, 342, 269, 453, 186, 922, 476, 361, 805, 966, 665, 46, 828, 782, 291, 1016, 598, 498, 525, 230, 874, 977, 709, 732, 617, 149, 406, 195, 314, 57, 11, 793, 241, 547, 754, 425, 938, 837, 492, 218, 101, 358, 993, 860, 662, 570, 124, 78, 277, 323, 681, 882, 369, 748, 970, 901, 614, 924, 790, 457, 346, 54, 89, 533, 579, 422, 809, 946, 625, 165, 500, 876, 19, 188, 142, 387, 713, 602, 433, 234, 678, 978, 756, 940, 410, 643, 293, 841, 454, 689, 153, 806, 316, 270, 504, 884, 994, 86, 13, 666, 972, 362, 771, 465, 197, 549, 710, 905]
"R order:"
[1023, 511, 767, 895, 959, 991, 1007, 1015, 1019, 1021, 255, 383, 639, 447, 703, 831, 479, 735, 863, 927, 495, 751, 879, 943, 975, 503, 759, 887, 951, 983, 1022, 507, 763, 999, 891, 955, 987, 1003, 509, 765, 893, 957, 127, 989, 191, 319, 1011, 223, 575, 351, 607, 415, 239, 671, 367, 623, 799, 431, 687, 815, 463, 247, 719, 1005, 375, 631, 847, 439, 695, 823, 911, 471, 727, 855, 510, 766, 894, 251, 919, 487, 379, 743, 635, 443, 958, 871, 699, 827, 1013, 475, 935, 731, 859, 990, 923, 491, 967, 747, 875, 253, 381, 637, 939, 445, 701, 1006, 829, 477, 499, 733, 63, 755, 95, 1017, 861, 159, 971, 883, 111, 287, 175, 543, 303, 925, 207, 559, 493, 947, 119, 335, 749, 183, 591, 311, 399, 877, 215, 567, 655, 343, 1014, 254, 599, 783, 382, 407, 941, 638, 979, 231, 123, 663, 446, 359, 187, 702, 615, 315, 791, 501, 423, 219, 571, 757, 830, 679, 347, 478, 603, 885, 734, 973, 807, 411, 455, 235, 667, 862, 711, 363, 995, 619, 795, 949, 125, 839, 427, 189, 494, 683, 926, 1018, 317, 750, 221, 573, 811, 243, 903, 505, 349, 459, 878, 371, 761, 605, 31, 715, 981, 627, 413, 47, 435, 237, 889, 669, 843, 79, 691, 365, 942, 55, 143, 621, 502, 797, 87, 271, 819, 429, 758, 126, 467, 151, 527, 953, 907, 685, 190, 723, 103, 279, 59, 886, 245, 318, 997, 167, 535, 1020, 974, 813, 91, 851, 373, 222, 461, 574, 295, 155, 629, 350, 717, 199, 551, 483, 107, 283, 950, 437, 985, 606, 327, 739, 171, 539, 693, 414, 845, 915, 506, 238, 583, 61, 299, 670, 762, 391, 366, 867, 249, 93, 203, 821, 555, 469, 115, 647, 622, 982, 377, 157, 909, 331, 798, 890, 725, 179, 430, 1001, 109, 633, 587, 285, 775, 307, 686, 931, 246, 15, 441, 395, 853, 173, 211, 541, 563, 374, 954, 485, 23, 697, 651, 508, 462, 301, 814, 339, 62, 630, 998, 741, 117, 205, 39, 764, 718, 557, 917, 595, 438, 473, 963, 94, 825, 779, 1009, 227, 27, 181, 333, 403, 71, 986, 869, 694, 729, 158, 250, 892, 846, 355, 589, 659, 309, 43, 135, 110, 470, 397, 286, 378, 213, 822, 857, 611, 565, 489, 933, 121, 75, 263, 787, 174, 956, 910, 419, 726, 653, 542, 634, 1002, 341, 29, 51, 745, 442, 519, 185, 139, 675, 921, 302, 597, 118, 854, 781, 486, 229, 965, 252, 206, 698, 45, 988, 405, 83, 873, 451, 313, 267, 558, 497, 803, 1010, 742, 474, 357, 182, 217, 661, 380, 334, 918, 707, 826, 569, 523, 77, 147, 753, 937, 1004, 730, 613, 870, 310, 345, 636, 590, 99, 53, 789, 835, 421, 275, 881, 444, 398, 214, 141, 30, 122, 490, 969, 858, 566, 601, 233, 934, 677, 1012, 7, 163, 531, 409, 700, 654, 899, 945, 85, 746, 342, 269, 453, 186, 922, 476, 361, 805, 966, 665, 46, 828, 782, 291, 1016, 598, 498, 525, 230, 874, 977, 709, 732, 617, 149, 406, 195, 314, 57, 11, 793, 241, 547, 754, 425, 938, 837, 492, 218, 101, 358, 993, 860, 662, 570, 124, 78, 277, 323, 681, 882, 369, 748, 970, 901, 614, 924, 790, 457, 346, 54, 89, 533, 579, 422, 809, 946, 625, 165, 500, 876, 19, 188, 142, 387, 713, 602, 433, 234, 678, 978, 756, 940, 410, 643, 293, 841, 454, 689, 153, 806, 316, 270, 504, 884, 994, 86, 13, 666, 972, 362, 771, 465, 197, 549, 710, 905, 817, 220, 572, 526, 105, 760, 948, 794, 618, 281, 721, 35, 838, 242, 426, 888, 980, 325, 537, 481, 849, 348, 150, 902, 58, 682, 952, 581, 996, 169, 737, 370, 604, 913, 236, 458, 389, 102, 810, 984, 412, 278, 865, 626, 21, 714, 67, 645, 1000, 297, 434, 668, 534, 929, 113, 364, 842, 773, 553, 1008, 690, 796, 201, 90, 961, 620, 166, 906, 466, 244, 818, 428, 131, 329, 722, 177, 684, 294, 372, 482, 585, 850, 154, 460, 812, 550, 259, 37, 198, 628, 393, 738, 914, 305, 716, 60, 14, 515, 248, 436, 649, 866, 561, 282, 106, 844, 209, 326, 692, 777, 930, 538, 908, 376, 582, 468, 820, 962, 25, 337, 632, 390, 724, 593, 170, 440, 69, 646, 484, 852, 225, 92, 401, 696, 774, 740, 916, 657, 298, 472, 824, 868, 353, 114, 785, 554, 728, 932, 609, 202, 133, 488, 856, 964, 156, 22, 417, 744, 920, 673, 330, 261, 41, 496, 872, 178, 284, 449, 801, 586, 517, 108, 752, 936, 540, 705, 394, 880, 968, 306, 833, 650, 944, 562, 897, 778, 976, 210, 172, 992, 73, 338, 300, 38, 594, 556, 116, 226, 402, 204, 3, 658, 137, 354, 786, 49, 332, 610, 588, 180, 265, 418, 26, 396, 521, 674, 652, 70, 308, 450, 802, 780, 564, 706, 120, 212, 834, 81, 898, 134, 340, 596, 184, 262, 228, 404, 518, 660, 145, 312, 356, 788, 568, 612, 42, 273, 216, 420, 529, 97, 676, 452, 344, 552, 928, 416, 128, 672, 640, 16, 544, 96, 456, 712, 896, 200, 64, 840, 528, 384, 40, 808, 328, 512, 152, 256, 768, 792, 280, 536, 352, 24, 232, 360, 616, 104, 424, 680, 608, 168, 296, 576, 272, 784, 240, 368, 624, 112, 664, 432, 688, 800, 848, 176, 208, 720, 816, 304, 288, 464, 560, 48, 960, 8, 32, 160, 264, 584, 144, 320, 832, 192, 72, 904, 392, 656, 648, 704, 400, 136, 912, 80, 448, 776, 592, 336, 520, 408, 224, 600, 138, 266, 522, 10, 50, 82, 146, 274, 530, 18, 98, 162, 290, 546, 34, 194, 322, 74, 6, 736, 1, 5, 9, 17, 161, 289, 545, 33, 480, 578, 193, 577, 65, 385, 641, 129, 769, 257, 513, 321, 66, 386, 642, 292, 548, 36, 708, 196, 836, 324, 580, 804, 68, 388, 644, 132, 772, 260, 516, 4, 56, 900, 88, 164, 20, 130, 770, 258, 514, 2, 28, 44, 76, 100, 140, 524, 12, 52, 84, 864, 148, 276, 532, 268, 0]
"Number of good channels:"
599
"R=0.5849609375"
"Frozen channels:"
425
"sim ran :1000"
"Outputilename:./simresults/llrsgndict-1024-0p0835-18-04-14_20-04-58.txt"
