"LLR dict generation REPORT"
"---------------------------"
"N=64"
"design_p=0.03"
"Capacity for 64channels:51"
"design for rate:18"
"Z Construct--------------------------------------------------------"
"Good Channels:"
[63, 31, 47, 55, 59, 61, 62, 15, 23, 39, 27, 43, 51, 29, 45, 53, 30, 46]
"R order:"
[63, 31, 47, 55, 59, 61, 62, 15, 23, 39, 27, 43, 51, 29, 45, 53, 30, 46, 57, 54, 7, 11, 19, 58, 13, 35, 21, 37, 60, 14, 25, 22, 41, 38, 49, 26, 3, 42, 5, 28, 50, 44, 9, 6, 52, 17, 33, 10, 56, 18, 12, 34, 20, 36, 1, 24, 40, 48, 2, 4, 8, 16, 32, 0]
"Number of good channels:"
18
"R=0.28125"
"Frozen channels:"
46
"sim ran :1000"
"Outputilename:./simresults/llrsgndict-64-0p03-18-05-10_15-44-33.txt"
