"P Vs FER REPORT derate"
"---------------------------"
"N=512"
"sim ran :1000"
"Z max :0.02"
"Rate vs Block_error="
[0.01, 0.02, 0.03, 0.04, 0.05, 0.060000000000000005, 0.06999999999999999, 0.08, 0.09, 0.09999999999999999, 0.11, 0.12, 0.13, 0.14, 0.15000000000000002, 0.16, 0.17, 0.18000000000000002, 0.19, 0.2]
[354, 304, 270, 242, 221, 203, 183, 166, 154, 140, 130, 116, 110, 99, 93, 84, 77, 69, 63, 59]
[[-0.16026669895004295, -2.5228787452803374], [-0.226396377367077, -2.5228787452803374], [-0.2779061968168434, -Infinity], [-0.32545459499539947, -2.6989700043360187], [-0.36487768729072007, -2.5228787452803374], [-0.40177392306261783, -2.0457574905606752], [-0.4468188712454013, -2.5228787452803374], [-0.4891618729357756, -2.221848749616356], [-0.5217492401393677, -2.3010299956639813], [-0.5631419252975927, -1.8860566476931633], [-0.595326608668994, -1.7695510786217261], [-0.6448119717489122, -1.5528419686577808], [-0.6678772758176057, -1.5528419686577808], [-0.7136347663782808, -1.8239087409443189], [-0.7407870124218956, -1.585026652029182], [-0.784990674913949, -2.0969100130080562], [-0.8227792358033489, -1.8239087409443189], [-0.8704208702385754, -1.7695510786217261], [-0.909929411522249, -1.6020599913279623], [-0.9384179493336866, -1.6989700043360187]]
"Time taken:2927.88087988"
