"P Vs FER REPORT derate"
"---------------------------"
"N=512"
"sim ran :1000"
"Z max :0.01"
"Rate vs Block_error="
[0.01, 0.02, 0.03, 0.04, 0.05, 0.060000000000000005, 0.06999999999999999, 0.08, 0.09, 0.09999999999999999, 0.11, 0.12, 0.13, 0.14, 0.15000000000000002, 0.16, 0.17, 0.18000000000000002, 0.19, 0.2]
[346, 296, 260, 233, 209, 188, 175, 158, 144, 133, 122, 110, 100, 94, 84, 77, 70, 65, 60, 51]
[[-0.17019386218305416, -2.3979400086720375], [-0.23797824991689215, -3.0], [-0.2942966130050128, -3.0], [-0.3419140399498118, -Infinity], [-0.3891236748647767, -Infinity], [-0.4351121117121509, -3.0], [-0.4662319122895363, -3.0], [-0.5106128740214081, -2.6989700043360187], [-0.5509074688805811, -2.5228787452803374], [-0.5854183200087449, -2.3979400086720375], [-0.6229101303010826, -2.0457574905606752], [-0.6678772758176057, -1.958607314841775], [-0.7092699609758307, -2.0969100130080562], [-0.7361421073761321, -2.0], [-0.784990674913949, -Infinity], [-0.8227792358033489, -2.3010299956639813], [-0.8641719209615739, -2.5228787452803374], [-0.8963566043329751, -1.958607314841775], [-0.9311187105921871, -1.853871964321762], [-1.0016997848778944, -1.5686362358410126]]
"Time taken:2531.425807"
