"P Vs FER REPORT derate"
"---------------------------"
"N=512"
"sim ran :1000"
"Z max :0.25"
"Rate vs Block_error="
[0.01, 0.02, 0.03, 0.04, 0.05, 0.060000000000000005, 0.06999999999999999, 0.08, 0.09, 0.09999999999999999, 0.11, 0.12, 0.13, 0.14, 0.15000000000000002, 0.16, 0.17, 0.18000000000000002, 0.19, 0.2]
[395, 350, 315, 289, 267, 246, 228, 210, 198, 183, 168, 157, 146, 135, 128, 116, 109, 99, 92, 84]
[[-0.11267286534937052, -1.0655015487564323], [-0.1652019166255551, -1.2518119729937995], [-0.21095940718623024, -1.275724130399211], [-0.24837211821928287, -1.337242168318426], [-0.28275869961125555, -1.193820026016113], [-0.31833485387245164, -1.1870866433571443], [-0.351335113975377, -1.00436480540245], [-0.3870506662419115, -0.9546770212133425], [-0.41260477071429963, -1.013228265733755], [-0.4468188712454013, -1.00436480540245], [-0.4839606792499679, -0.9393021596463883], [-0.513370308566597, -0.9355420107730815], [-0.5449171051913937, -0.7423214251308154], [-0.5789361924808246, -0.6536470255493614], [-0.6020599913279624, -0.595166283380062], [-0.6448119717489122, -0.40230481407448765], [-0.6718434630352071, -0.4145392704914993], [-0.7136347663782808, -0.5867002359187481], [-0.7454821336302755, -0.5816987086802545], [-0.784990674913949, -0.8041003475907662]]
"Time taken:1047.10319901"
