"P Vs FER REPORT derate"
"---------------------------"
"N=512"
"sim ran :1000"
"Z max :0.3"
"Rate vs Block_error="
[0.01, 0.02, 0.03, 0.04, 0.05, 0.060000000000000005, 0.06999999999999999, 0.08, 0.09, 0.09999999999999999, 0.11, 0.12, 0.13, 0.14, 0.15000000000000002, 0.16, 0.17, 0.18000000000000002, 0.19, 0.2]
[399, 355, 323, 294, 273, 252, 232, 217, 200, 186, 174, 163, 151, 139, 131, 119, 112, 103, 97, 88]
[[-0.10829706528908252, -0.9871627752948278], [-0.15904160792073666, -1.1079053973095196], [-0.20006743864472787, -1.1135092748275182], [-0.24092263056367344, -1.1674910872937636], [-0.2731073139350747, -1.0604807473813815], [-0.30786942019428665, -0.8569851997459049], [-0.3437819760849311, -0.8297382846050426], [-0.3728102271273013, -0.9746941347352298], [-0.4082399653118496, -0.9355420107730815], [-0.43975701675791445, -0.8827287043442358], [-0.468720712693231, -0.7594507517174003], [-0.49708235657187294, -0.7304870557820837], [-0.5302930136826614, -0.6777807052660807], [-0.5662551607217357, -0.6635402661514704], [-0.5919986653200664, -0.5590909179347823], [-0.6337229995833, -0.4156687756324692], [-0.6600519383056491, -0.4056074496245733], [-0.6964327362706586, -0.46344155742846993], [-0.7224982267095859, -0.44490555142168087], [-0.7647872888256622, -0.596879478824182]]
"Time taken:2961.25174999"
