"P Vs FER REPORT derate"
"---------------------------"
"N=512"
"sim ran :1000"
"Z max :0.08"
"Rate vs Block_error="
[0.01, 0.02, 0.03, 0.04, 0.05, 0.060000000000000005, 0.06999999999999999, 0.08, 0.09, 0.09999999999999999, 0.11, 0.12, 0.13, 0.14, 0.15000000000000002, 0.16, 0.17, 0.18000000000000002, 0.19, 0.2]
[373, 325, 291, 264, 242, 222, 206, 187, 172, 158, 147, 137, 127, 115, 107, 99, 90, 82, 77, 69]
[[-0.13756112916714316, -1.7695510786217261], [-0.19738659999695637, -1.9208187539523751], [-0.24537697198992348, -2.3010299956639813], [-0.28766603410599967, -2.3979400086720375], [-0.32545459499539947, -1.958607314841775], [-0.3629169865251921, -1.6777807052660807], [-0.39540274060667735, -1.537602002101044], [-0.4374283544393318, -1.744727494896694], [-0.47374151406828185, -1.7958800173440752], [-0.5106128740214081, -1.6197887582883939], [-0.5419526262276546, -1.193820026016113], [-0.5725493938194239, -1.275724130399211], [-0.6054662400198739, -1.1426675035687315], [-0.648572120622219, -0.8794260687941502], [-0.6798861832906211, -1.0], [-0.7136347663782808, -1.1191864077192086], [-0.7550274515365059, -1.0861861476162833], [-0.7954561085921141, -1.3872161432802645], [-0.8227792358033489, -1.3279021420642825], [-0.8704208702385754, -1.2218487496163564]]
"Time taken:3071.366853"
