"P Vs FER REPORT derate"
"---------------------------"
"N=512"
"sim ran :1000"
"Z max :0.3"
"Rate vs Block_error="
[0.01, 0.02, 0.03, 0.04, 0.05, 0.060000000000000005, 0.06999999999999999, 0.08, 0.09, 0.09999999999999999, 0.11, 0.12, 0.13, 0.14, 0.15000000000000002, 0.16, 0.17, 0.18000000000000002, 0.19, 0.2]
[399, 355, 323, 294, 273, 252, 232, 217, 200, 186, 174, 163, 151, 139, 131, 119, 112, 103, 97, 88]
[-0.9469215565165803, -1.0268721464003012, -1.1079053973095196, -1.1611509092627446, -1.0655015487564323, -1.0, -0.9030899869919435, -0.8860566476931632, -0.9030899869919435, -0.8356471442155629, -0.826813731587726, -0.6736641390712486, -0.6595558851598816, -0.6716203965612623, -0.5016894462103995, -0.40011692792631215, -0.40120949323688493, -0.48280410205002566, -0.4122890349810886, -0.6020599913279624]
"Time taken:1349.22236705"
