"LLR dict generation REPORT"
"---------------------------"
"N=2048"
"design_p=0.11"
"Capacity for 2048channels:1024"
"design for rate:510"
"Z Construct--------------------------------------------------------"
"Good Channels:"
[2047, 1023, 1535, 1791, 1919, 1983, 2015, 2031, 2039, 2043, 511, 767, 1279, 2045, 895, 1407, 1663, 959, 1471, 1727, 1855, 991, 1503, 1759, 1887, 1951, 1007, 1519, 1775, 1903, 1967, 1015, 1999, 1527, 1783, 1911, 1975, 2007, 1019, 1531, 1787, 1915, 2046, 2023, 1979, 2011, 2027, 255, 1021, 383, 1533, 639, 447, 1151, 1789, 703, 1215, 831, 479, 1343, 1917, 735, 1247, 1599, 863, 1375, 1631, 927, 495, 1439, 1981, 751, 1263, 1695, 879, 1391, 1647, 1823, 943, 1455, 1711, 1839, 975, 503, 2013, 1487, 759, 1271, 1743, 887, 1399, 1655, 2035, 1871, 951, 1463, 1719, 1847, 1935, 983, 1495, 1751, 1879, 507, 2029, 763, 1275, 891, 1403, 1022, 999, 1943, 1534, 1511, 1659, 955, 1790, 1767, 1467, 1723, 1918, 1895, 1851, 987, 1499, 1755, 1982, 1959, 1883, 1003, 1947, 1515, 2037, 509, 127, 1771, 765, 191, 2014, 1277, 1991, 319, 893, 223, 575, 1405, 351, 1087, 1899, 607, 1661, 415, 1119, 957, 239, 671, 1469, 367, 1183, 623, 799, 1725, 431, 1135, 1311, 687, 1963, 1199, 1567, 815, 1853, 989, 463, 1327, 247, 1501, 719, 375, 1231, 1583, 631, 1757, 1011, 847, 439, 1143, 1523, 1359, 695, 1207, 1779, 1615, 2030, 823, 1885, 911, 471, 1335, 1423, 727, 1239, 1591, 1907, 1679, 1995, 855, 1367, 1005, 251, 1517, 1623, 1807, 2041, 379, 1949, 919, 510, 487, 635, 1773, 1431, 766, 743, 443, 1147, 1278, 1255, 699, 1971, 1687, 894, 871, 1211, 1406, 1383, 827, 1901, 475, 1339, 1662, 1639, 731, 1815, 958, 935, 1243, 1595, 1470, 1447, 859, 1371, 1726, 1703, 2038, 1627, 1965, 923, 491, 1013, 2003, 1435, 747, 1854, 1525, 990, 253, 1831, 967, 1259, 1502, 381, 1479, 1691, 63, 875, 1781, 637, 95, 1387, 1758, 445, 1149, 1735, 159, 701, 111, 287, 1643, 1213, 1819, 939, 175, 543, 1909, 829, 1451, 303, 1055, 1886, 477, 1341, 1863, 1997, 207, 559, 733, 119, 1707, 499, 335, 1071, 1245, 1597, 183, 755, 591, 1006, 861, 311, 1267, 399, 1103, 1518, 1373, 215, 567, 2019, 883, 655, 971, 1973, 1835, 343, 1079, 1395, 1167, 1774, 1483, 1629, 1950, 493, 1927, 599, 783, 1017, 925, 2042, 749, 407, 1111, 1651, 1295, 1529, 123, 1437, 1739, 254, 231, 947, 1261, 663, 187, 382, 359, 1459, 877, 1902, 1175, 1551, 1785, 1693, 315, 638, 615, 1389, 791, 219, 571, 446, 1150, 423, 1127, 1715, 1867, 1303, 347, 1083, 702, 679, 1645, 1014, 2005, 603, 941, 1214, 1913, 1191, 1821, 1559, 1526, 979, 411, 1115, 1453, 830, 501, 807, 235, 1966, 478, 1843, 455, 1491, 667, 1342, 757, 1319, 363, 734, 125, 1782, 711, 1179, 1709, 1269, 619, 1931, 1246, 189, 1747, 795, 1223, 1598, 885, 1575, 427, 31, 1131, 862, 317, 839, 1307, 973, 1977, 1397, 683, 47, 2044, 1374, 221, 573, 1351, 1485, 1910, 1837, 1195, 243, 79, 494, 349, 1563, 1085, 1875, 995, 1653, 2021, 949, 811, 1998, 55, 371, 143, 1630, 750, 459, 1607, 605, 926, 1741, 903, 1507, 1018, 1461, 1323, 87, 627, 271, 1262, 505, 413, 715, 1117, 1438, 237, 1415, 1530, 435, 878, 151, 1139, 527, 761, 669, 1227, 1763, 1974, 365, 2009, 1717, 1579]
"R order:"
[2047, 1023, 1535, 1791, 1919, 1983, 2015, 2031, 2039, 2043, 511, 767, 1279, 2045, 895, 1407, 1663, 959, 1471, 1727, 1855, 991, 1503, 1759, 1887, 1951, 1007, 1519, 1775, 1903, 1967, 1015, 1999, 1527, 1783, 1911, 1975, 2007, 1019, 1531, 1787, 1915, 2046, 2023, 1979, 2011, 2027, 255, 1021, 383, 1533, 639, 447, 1151, 1789, 703, 1215, 831, 479, 1343, 1917, 735, 1247, 1599, 863, 1375, 1631, 927, 495, 1439, 1981, 751, 1263, 1695, 879, 1391, 1647, 1823, 943, 1455, 1711, 1839, 975, 503, 2013, 1487, 759, 1271, 1743, 887, 1399, 1655, 2035, 1871, 951, 1463, 1719, 1847, 1935, 983, 1495, 1751, 1879, 507, 2029, 763, 1275, 891, 1403, 1022, 999, 1943, 1534, 1511, 1659, 955, 1790, 1767, 1467, 1723, 1918, 1895, 1851, 987, 1499, 1755, 1982, 1959, 1883, 1003, 1947, 1515, 2037, 509, 127, 1771, 765, 191, 2014, 1277, 1991, 319, 893, 223, 575, 1405, 351, 1087, 1899, 607, 1661, 415, 1119, 957, 239, 671, 1469, 367, 1183, 623, 799, 1725, 431, 1135, 1311, 687, 1963, 1199, 1567, 815, 1853, 989, 463, 1327, 247, 1501, 719, 375, 1231, 1583, 631, 1757, 1011, 847, 439, 1143, 1523, 1359, 695, 1207, 1779, 1615, 2030, 823, 1885, 911, 471, 1335, 1423, 727, 1239, 1591, 1907, 1679, 1995, 855, 1367, 1005, 251, 1517, 1623, 1807, 2041, 379, 1949, 919, 510, 487, 635, 1773, 1431, 766, 743, 443, 1147, 1278, 1255, 699, 1971, 1687, 894, 871, 1211, 1406, 1383, 827, 1901, 475, 1339, 1662, 1639, 731, 1815, 958, 935, 1243, 1595, 1470, 1447, 859, 1371, 1726, 1703, 2038, 1627, 1965, 923, 491, 1013, 2003, 1435, 747, 1854, 1525, 990, 253, 1831, 967, 1259, 1502, 381, 1479, 1691, 63, 875, 1781, 637, 95, 1387, 1758, 445, 1149, 1735, 159, 701, 111, 287, 1643, 1213, 1819, 939, 175, 543, 1909, 829, 1451, 303, 1055, 1886, 477, 1341, 1863, 1997, 207, 559, 733, 119, 1707, 499, 335, 1071, 1245, 1597, 183, 755, 591, 1006, 861, 311, 1267, 399, 1103, 1518, 1373, 215, 567, 2019, 883, 655, 971, 1973, 1835, 343, 1079, 1395, 1167, 1774, 1483, 1629, 1950, 493, 1927, 599, 783, 1017, 925, 2042, 749, 407, 1111, 1651, 1295, 1529, 123, 1437, 1739, 254, 231, 947, 1261, 663, 187, 382, 359, 1459, 877, 1902, 1175, 1551, 1785, 1693, 315, 638, 615, 1389, 791, 219, 571, 446, 1150, 423, 1127, 1715, 1867, 1303, 347, 1083, 702, 679, 1645, 1014, 2005, 603, 941, 1214, 1913, 1191, 1821, 1559, 1526, 979, 411, 1115, 1453, 830, 501, 807, 235, 1966, 478, 1843, 455, 1491, 667, 1342, 757, 1319, 363, 734, 125, 1782, 711, 1179, 1709, 1269, 619, 1931, 1246, 189, 1747, 795, 1223, 1598, 885, 1575, 427, 31, 1131, 862, 317, 839, 1307, 973, 1977, 1397, 683, 47, 2044, 1374, 221, 573, 1351, 1485, 1910, 1837, 1195, 243, 79, 494, 349, 1563, 1085, 1875, 995, 1653, 2021, 949, 811, 1998, 55, 371, 143, 1630, 750, 459, 1607, 605, 926, 1741, 903, 1507, 1018, 1461, 1323, 87, 627, 271, 1262, 505, 413, 715, 1117, 1438, 237, 1415, 1530, 435, 878, 151, 1139, 527, 761, 669, 1227, 1763, 1974, 365, 2009, 1717, 1579, 126, 103, 691, 1390, 843, 279, 1694, 1869, 1039, 1273, 1181, 1939, 1671, 59, 621, 1786, 981, 190, 889, 1203, 167, 797, 1355, 535, 502, 91, 429, 1133, 942, 1646, 1493, 819, 467, 1891, 318, 1401, 1309, 295, 1047, 1845, 758, 155, 685, 245, 1822, 907, 1799, 1454, 1611, 222, 1331, 723, 199, 1914, 574, 551, 107, 1933, 2006, 1270, 1197, 283, 1749, 953, 373, 1657, 1565, 1419, 1020, 350, 1235, 2025, 327, 461, 1086, 886, 813, 1063, 171, 1710, 1587, 539, 61, 1465, 851, 629, 997, 1955, 1532, 974, 606, 583, 1398, 717, 1325, 483, 1675, 437, 299, 1051, 238, 1877, 1363, 93, 414, 1978, 1141, 1509, 391, 1486, 506, 1118, 1095, 1721, 1229, 115, 203, 739, 950, 1788, 1838, 985, 693, 555, 1654, 2022, 1581, 366, 670, 845, 15, 249, 157, 915, 647, 762, 1619, 1765, 1803, 2033, 179, 1251, 331, 1462, 1742, 1497, 1987, 1205, 1067, 109, 1182, 622, 1357, 469, 1941, 1427, 1159, 867, 1849, 377, 285, 23, 1274, 821, 1916, 2010, 798, 775, 430, 587, 307, 890, 1718, 1134, 909, 982, 1753, 246, 1893, 173, 725, 1379, 633, 1870, 1333, 541, 395, 1613, 1683, 211, 1001, 62, 1310, 39, 1287, 1099, 686, 563, 1402, 441, 1421, 1494, 931, 508, 1237, 1980, 1145, 374, 1053, 301, 1635, 1513, 651, 1846, 2026, 1589, 1881, 27, 853, 339, 954, 117, 485, 1198, 1075, 1566, 1957, 462, 1543, 1811, 94, 1934, 71, 697, 205, 1443, 1658, 764, 1677, 814, 1750, 630, 1163, 998, 557, 1365, 1769, 1466, 595, 741, 2012, 779, 1009, 227, 1209, 438, 718, 1945, 473, 963, 181, 43, 1276, 1699, 1326, 2034, 158, 333, 1142, 1510, 917, 1989, 403, 1069, 135, 825, 1805, 1878, 250, 892, 986, 1621, 1107, 1253, 1722, 1291, 1521, 1897, 1230, 1475, 694, 110, 729, 869, 1582, 1429, 355, 2028, 1337, 1827, 846, 1766, 309, 589, 659, 1404, 1498, 286, 263, 75, 1942, 1547, 1777, 378, 1850, 1206, 1731, 397, 1961, 470, 1241, 1381, 213, 956, 1685, 121, 1358, 29, 1101, 1593, 1171, 611, 489, 822, 1894, 1002, 1660, 1754, 565, 857, 2036, 174, 51, 542, 933, 519, 787, 1905, 910, 419, 634, 1859, 1468, 1637, 1993, 653, 726, 1614, 1123, 1813, 1334, 139, 1514, 1077, 1369, 1958, 1882, 341, 745, 442, 1054, 1445, 2040, 1031, 1299, 1422, 988, 1146, 1969, 185, 1724, 1165, 921, 1923, 1238, 252, 675, 302, 1590, 1770, 1010, 1625, 118, 486, 965, 45, 1257, 1946, 1990, 1701, 781, 854, 1555, 1678, 1500, 597, 83, 229, 698, 1433, 2001, 267, 497, 1852, 873, 206, 1187, 1522, 451, 1898, 1477, 1293, 1366, 558, 405, 1829, 1004, 313, 1756, 803, 1806, 1109, 742, 1210, 380, 1689, 1385, 474, 2017, 1778, 918, 1733, 1962, 523, 753, 826, 1549, 1070, 1622, 1516, 182, 707, 1315, 937, 1254, 1884, 217, 357, 1641, 1817, 661, 334, 77, 569, 1906, 147, 1430, 1861, 1035, 1994, 1265, 870, 1338, 636, 730, 1012, 1772, 1219, 1571, 1449, 1948, 1173, 881, 1081, 1970, 1686, 835, 1925, 1382, 444, 613, 1148, 1594, 1242, 1524, 969, 1900, 590, 1705, 99, 789, 310, 490, 53, 345, 1393, 934, 858, 1814, 2002, 1347, 1638, 1125, 30, 421, 1016, 1780, 7, 275, 1481, 1964, 1102, 398, 1833, 1301, 122, 945, 700, 1649, 141, 899, 214, 1446, 1370, 2018, 1603, 1528, 1908, 566, 1737, 746, 1996, 601, 1557, 233, 1457, 1212, 922, 966, 677, 1411, 1702, 1626, 531, 654, 476, 1784, 1078, 1972, 1865, 1258, 1113, 409, 977, 828, 1713, 1434, 163, 1478, 1189, 1667, 1830, 1043, 498, 1166, 874, 453, 1912, 2004, 1929, 269, 1489, 342, 1340, 1841, 805, 1690, 1734, 732, 1795, 782, 85, 186, 1386, 1976, 2020, 665, 361, 993, 1745, 1596, 1317, 1818, 754, 1862, 1244, 1294, 709, 938, 1642, 2008, 1177, 525, 46, 598, 1505, 492, 1873, 1573, 291, 230, 860, 1266, 1926, 1550, 1221, 1450, 617, 793, 2024, 1037, 1110, 1761, 1937, 882, 406, 1372, 837, 11, 970, 241, 1706, 314, 1129, 1305, 2032, 748, 1889, 195, 547, 425, 1394, 924, 1628, 1349, 1482, 1834, 1561, 149, 1260, 1953, 57, 1059, 946, 662, 1650, 1436, 901, 358, 1605, 1738, 124, 570, 218, 500, 876, 1985, 681, 1458, 1174, 1692, 1413, 1866, 1082, 369, 1388, 1193, 790, 978, 1714, 1820, 323, 614, 101, 1669, 1930, 756, 457, 940, 1644, 78, 809, 277, 1302, 1490, 1842, 1126, 1797, 1268, 625, 1452, 422, 346, 1321, 1558, 994, 1746, 579, 504, 884, 713, 1137, 972, 1708, 1577, 533, 1506, 1874, 1091, 433, 188, 1396, 1225, 1484, 1836, 387, 678, 602, 1045, 1762, 1938, 760, 54, 948, 1652, 841, 234, 1740, 89, 1190, 1114, 1890, 689, 1272, 410, 1460, 1353, 454, 165, 1868, 643, 806, 19, 1954, 142, 1201, 888, 980, 1716, 905, 1609, 1932, 1155, 1318, 465, 1986, 316, 817, 1400, 666, 1492, 1844, 1417, 710, 771, 1574, 1329, 362, 952, 1656, 1178, 996, 1748, 1673, 1222, 1283, 721, 572, 1585, 293, 1464, 794, 1508, 1876, 1801, 838, 220, 1539, 270, 1233, 1084, 618, 984, 1720, 1306, 1764, 1940, 1350, 153, 481, 849, 1130, 549, 1496, 1848, 1562, 1892, 242, 902, 1606, 526, 197, 1361, 426, 1061, 1000, 1752, 1956, 1414, 13, 86, 1038, 737, 913, 1617, 1512, 1880, 348, 1988, 1670, 1249, 1425, 682, 105, 281, 1008, 1768, 1944, 1798, 865, 1681, 1194, 370, 1520, 1896, 604, 325, 1377, 458, 1809, 810, 537, 1776, 1960, 1116, 236, 929, 1633, 1322, 35, 626, 412, 1049, 1904, 1992, 581, 1441, 714, 1578, 1138, 1968, 1093, 961, 1697, 1226, 434, 150, 668, 2000, 389, 1473, 1825, 842, 58, 1180, 2016, 364, 1729, 169, 1354, 690, 796, 645, 1857, 906, 1610, 1202, 1308, 620, 1157, 1921, 1418, 278, 466, 818, 1564, 1132, 102, 773, 1674, 244, 1330, 428, 1285, 297, 1802, 534, 722, 1586, 1541, 1046, 1234, 113, 684, 553, 482, 850, 67, 1196, 1065, 372, 201, 1362, 460, 812, 21, 738, 914, 1618, 1324, 628, 1250, 1426, 716, 1580, 90, 166, 1140, 1682, 866, 1228, 248, 1378, 329, 436, 844, 1356, 930, 908, 294, 131, 585, 177, 692, 1696, 515, 1088, 64, 1920, 896, 1408, 384, 1664, 640, 1152, 128, 1792, 768, 1280, 256, 1536, 512, 1024, 576, 1600, 320, 1344, 1824, 800, 1312, 288, 1568, 544, 1056, 32, 259, 1984, 1472, 448, 1728, 704, 1216, 192, 1856, 832, 960, 1027, 1345, 160, 1080, 568, 1592, 312, 1336, 824, 184, 1208, 696, 440, 120, 1144, 632, 376, 4, 1028, 516, 1540, 260, 1284, 772, 1796, 132, 1156, 644, 1668, 388, 56, 472, 728, 1240, 872, 232, 1256, 744, 488, 24, 1048, 536, 1560, 280, 1304, 792, 1816, 1412, 152, 664, 1688, 408, 1432, 920, 88, 1112, 600, 1624, 344, 1368, 856, 216, 1176, 900, 1924, 68, 1636, 356, 1380, 868, 228, 1252, 740, 484, 20, 1044, 532, 1556, 276, 612, 1300, 1812, 148, 1172, 660, 1684, 404, 1428, 916, 84, 1108, 596, 1620, 340, 788, 1384, 1124, 932, 1092, 580, 1604, 324, 1348, 836, 1860, 196, 1220, 708, 1732, 452, 1476, 100, 964, 1060, 548, 1572, 292, 1316, 804, 1828, 164, 1188, 676, 1700, 420, 1444, 36, 360, 1640, 616, 1424, 912, 1936, 80, 1104, 592, 1616, 336, 1360, 848, 1872, 208, 1232, 400, 720, 464, 1488, 976, 48, 1072, 560, 1584, 304, 1328, 816, 1840, 176, 1200, 1744, 688, 1680, 1168, 416, 1440, 928, 1952, 96, 1120, 608, 1632, 352, 1376, 864, 1888, 224, 656, 1248, 1760, 480, 1504, 992, 16, 1040, 528, 1552, 272, 1296, 784, 1808, 144, 736, 1364, 1712, 1456, 328, 1352, 840, 1864, 200, 1224, 712, 1736, 456, 1480, 968, 40, 1064, 1608, 552, 296, 1320, 808, 1832, 168, 1192, 680, 1704, 424, 1448, 936, 104, 1128, 1576, 432, 584, 72, 944, 112, 1136, 624, 1648, 368, 1392, 880, 240, 1264, 752, 496, 8, 1096, 1032, 1544, 264, 1288, 776, 1800, 136, 1160, 648, 1672, 392, 1416, 904, 1928, 520, 852, 212, 1236, 326, 198, 38, 1062, 550, 22, 14, 1184, 1, 1025, 513, 1537, 257, 582, 1281, 1793, 129, 1153, 641, 1665, 385, 1409, 897, 65, 1089, 577, 1601, 321, 769, 672, 1094, 390, 650, 394, 74, 1098, 586, 330, 202, 42, 1066, 554, 298, 170, 106, 70, 26, 538, 282, 154, 6, 1030, 518, 1542, 262, 1286, 774, 134, 1158, 646, 1050, 1162, 833, 1217, 337, 209, 49, 1073, 561, 305, 9, 1033, 521, 1545, 265, 1289, 777, 593, 137, 649, 393, 73, 1097, 41, 25, 5, 1029, 517, 261, 133, 69, 37, 1161, 193, 1105, 401, 705, 449, 33, 1057, 545, 1569, 289, 1313, 801, 161, 1185, 673, 417, 81, 97, 609, 353, 225, 17, 1041, 529, 1553, 273, 1297, 785, 145, 1169, 657, 1121, 3, 138, 1290, 44, 1068, 556, 300, 172, 108, 28, 1052, 540, 284, 156, 92, 60, 204, 2, 514, 1538, 258, 1282, 770, 1794, 130, 1154, 642, 1666, 386, 1410, 898, 1026, 1922, 332, 588, 724, 468, 52, 1076, 564, 1588, 308, 1332, 820, 180, 1204, 116, 12, 1612, 1036, 1548, 268, 1292, 780, 1804, 140, 1164, 652, 1676, 396, 1420, 76, 1100, 524, 778, 66, 578, 18, 1042, 530, 1554, 274, 1298, 786, 1810, 146, 1170, 658, 402, 82, 226, 1106, 338, 210, 50, 1074, 562, 306, 178, 114, 10, 1034, 522, 1546, 266, 594, 1090, 354, 610, 1602, 322, 1346, 834, 1858, 194, 1218, 706, 1730, 450, 1474, 962, 34, 1634, 1058, 1570, 290, 1314, 802, 1826, 162, 1186, 674, 1698, 418, 1442, 98, 1122, 546, 0]
"Number of good channels:"
510
"R=0.2490234375"
"Frozen channels:"
1538
"sim ran :1"
"Outputilename:./simresults/llrsgndict-2048-0p11-18-05-10_15-34-52.txt"
