"LLR dict generation REPORT"
"---------------------------"
"N=1024"
"design_p=0.1925"
"Capacity for 1024channels:300"
"design for rate:300"
"Z Construct--------------------------------------------------------"
"Good Channels:"
[1023, 511, 767, 895, 959, 991, 1007, 1015, 1019, 255, 383, 639, 447, 703, 831, 479, 735, 863, 927, 495, 751, 879, 943, 503, 759, 1021, 975, 887, 951, 983, 507, 763, 127, 191, 891, 319, 223, 575, 351, 607, 955, 415, 999, 239, 671, 1022, 367, 623, 799, 431, 687, 987, 815, 247, 509, 463, 375, 765, 719, 631, 439, 893, 847, 695, 823, 1003, 471, 957, 911, 727, 251, 379, 855, 63, 635, 95, 443, 989, 487, 159, 510, 699, 743, 111, 919, 287, 766, 1011, 175, 827, 543, 475, 871, 894, 303, 731, 253, 207, 559, 119, 381, 335, 1005, 859, 183, 935, 958, 637, 591, 311, 491, 445, 399, 215, 567, 747, 701, 923, 655, 343, 123, 967, 875, 990, 599, 477, 829, 187, 783, 1013, 231, 407, 254, 733, 499, 315, 31, 359, 663, 382, 219, 939, 755, 571, 47, 861, 615, 638, 1006, 493, 347, 791, 423, 446, 125, 79, 883, 1017, 749, 603, 679, 55, 971, 235, 702, 925, 189, 411, 143, 455, 877, 947, 363, 478, 87, 1014, 667, 317, 807, 271, 830, 501, 221, 711, 619, 734, 573, 527, 151, 757, 795, 941, 427, 243, 59, 979, 349, 103, 126, 839, 494, 1018, 862, 279, 683, 885, 371, 605, 505, 237, 973, 91, 750, 167, 459, 535, 190, 995, 413, 903, 926, 811, 627, 761, 949, 1020, 365, 435, 715, 878, 502, 669, 155, 295, 318, 889, 199, 621, 107, 222, 691, 981, 758, 61, 843, 551, 15, 797, 942, 574, 245, 283, 429, 467, 953, 819, 327, 886, 506, 350, 997, 907, 539, 685, 974, 171, 373, 723, 93, 583, 985, 461, 762, 606, 238, 950, 813, 23, 483, 629, 391, 851, 414, 299, 115, 717, 249, 437, 890, 1001, 508, 982, 739, 203, 647, 366, 670, 157, 915, 555]
"R order:"
[1023, 511, 767, 895, 959, 991, 1007, 1015, 1019, 255, 383, 639, 447, 703, 831, 479, 735, 863, 927, 495, 751, 879, 943, 503, 759, 1021, 975, 887, 951, 983, 507, 763, 127, 191, 891, 319, 223, 575, 351, 607, 955, 415, 999, 239, 671, 1022, 367, 623, 799, 431, 687, 987, 815, 247, 509, 463, 375, 765, 719, 631, 439, 893, 847, 695, 823, 1003, 471, 957, 911, 727, 251, 379, 855, 63, 635, 95, 443, 989, 487, 159, 510, 699, 743, 111, 919, 287, 766, 1011, 175, 827, 543, 475, 871, 894, 303, 731, 253, 207, 559, 119, 381, 335, 1005, 859, 183, 935, 958, 637, 591, 311, 491, 445, 399, 215, 567, 747, 701, 923, 655, 343, 123, 967, 875, 990, 599, 477, 829, 187, 783, 1013, 231, 407, 254, 733, 499, 315, 31, 359, 663, 382, 219, 939, 755, 571, 47, 861, 615, 638, 1006, 493, 347, 791, 423, 446, 125, 79, 883, 1017, 749, 603, 679, 55, 971, 235, 702, 925, 189, 411, 143, 455, 877, 947, 363, 478, 87, 1014, 667, 317, 807, 271, 830, 501, 221, 711, 619, 734, 573, 527, 151, 757, 795, 941, 427, 243, 59, 979, 349, 103, 126, 839, 494, 1018, 862, 279, 683, 885, 371, 605, 505, 237, 973, 91, 750, 167, 459, 535, 190, 995, 413, 903, 926, 811, 627, 761, 949, 1020, 365, 435, 715, 878, 502, 669, 155, 295, 318, 889, 199, 621, 107, 222, 691, 981, 758, 61, 843, 551, 15, 797, 942, 574, 245, 283, 429, 467, 953, 819, 327, 886, 506, 350, 997, 907, 539, 685, 974, 171, 373, 723, 93, 583, 985, 461, 762, 606, 238, 950, 813, 23, 483, 629, 391, 851, 414, 299, 115, 717, 249, 437, 890, 1001, 508, 982, 739, 203, 647, 366, 670, 157, 915, 555, 693, 845, 764, 954, 1009, 998, 867, 377, 622, 775, 798, 109, 179, 469, 246, 331, 821, 39, 909, 285, 892, 430, 62, 986, 633, 931, 725, 587, 541, 441, 686, 956, 1002, 307, 374, 963, 485, 395, 853, 27, 173, 462, 697, 814, 988, 211, 563, 1010, 630, 741, 651, 917, 71, 473, 718, 250, 94, 825, 438, 1004, 301, 869, 779, 117, 339, 729, 846, 694, 1012, 557, 205, 933, 378, 489, 595, 857, 910, 470, 822, 1016, 227, 135, 965, 158, 403, 634, 43, 745, 921, 726, 181, 333, 252, 442, 659, 497, 873, 486, 854, 355, 110, 263, 589, 286, 698, 787, 753, 937, 742, 918, 611, 309, 397, 519, 380, 542, 474, 826, 881, 969, 121, 419, 870, 565, 653, 636, 213, 730, 945, 75, 675, 934, 29, 781, 174, 444, 490, 858, 977, 451, 803, 966, 700, 341, 746, 922, 993, 707, 185, 302, 476, 828, 597, 51, 498, 874, 118, 835, 229, 139, 558, 732, 405, 754, 938, 206, 899, 313, 492, 860, 661, 882, 970, 357, 569, 267, 748, 924, 789, 946, 217, 334, 613, 523, 182, 500, 876, 978, 590, 45, 421, 756, 940, 994, 83, 345, 398, 677, 310, 504, 884, 972, 601, 654, 453, 805, 566, 760, 948, 122, 233, 409, 782, 214, 709, 888, 980, 665, 837, 147, 952, 996, 361, 793, 342, 901, 984, 617, 77, 598, 186, 275, 1000, 241, 425, 230, 406, 99, 531, 1008, 7, 681, 30, 662, 314, 369, 457, 809, 358, 790, 570, 53, 141, 625, 713, 124, 614, 218, 433, 841, 163, 422, 269, 689, 905, 678, 346, 525, 465, 817, 291, 454, 806, 602, 721, 188, 547, 710, 234, 410, 481, 849, 195, 838, 666, 737, 913, 316, 85, 902, 362, 794, 865, 572, 323, 618, 46, 220, 929, 579, 242, 426, 961, 387, 682, 348, 149, 643, 370, 810, 458, 604, 771, 626, 714, 57, 236, 412, 277, 434, 842, 668, 533, 690, 101, 906, 11, 364, 796, 818, 466, 78, 620, 722, 244, 428, 850, 482, 684, 914, 738, 165, 372, 460, 866, 812, 89, 142, 628, 844, 716, 54, 293, 436, 549, 248, 692, 376, 270, 197, 468, 64, 320, 512, 256, 768, 192, 32, 128, 960, 448, 640, 19, 576, 384, 832, 896, 704, 912, 608, 288, 80, 592, 336, 656, 848, 144, 3, 515, 259, 131, 67, 35, 784, 272, 528, 16, 992, 480, 736, 224, 864, 352, 400, 96, 928, 416, 672, 160, 800, 544, 464, 417, 21, 868, 228, 740, 484, 20, 532, 276, 788, 148, 660, 404, 916, 84, 596, 340, 356, 612, 100, 932, 900, 68, 580, 324, 836, 196, 708, 852, 452, 36, 548, 292, 804, 164, 676, 420, 964, 388, 212, 52, 172, 108, 28, 540, 284, 156, 92, 60, 2, 514, 258, 770, 130, 642, 386, 300, 556, 44, 204, 564, 308, 820, 180, 116, 12, 524, 724, 268, 140, 652, 396, 908, 76, 588, 332, 780, 898, 644, 772, 136, 648, 392, 904, 72, 584, 328, 840, 200, 712, 456, 968, 40, 552, 296, 776, 264, 520, 8, 976, 48, 560, 304, 816, 176, 688, 808, 432, 112, 624, 368, 880, 240, 752, 496, 944, 132, 168, 424, 216, 728, 472, 56, 568, 312, 824, 184, 696, 440, 120, 632, 4, 516, 260, 856, 344, 600, 88, 936, 104, 616, 360, 872, 232, 744, 680, 488, 536, 280, 792, 152, 664, 408, 920, 24, 13, 66, 322, 161, 673, 720, 97, 609, 353, 225, 17, 529, 273, 785, 145, 657, 401, 81, 801, 289, 545, 33, 208, 1, 513, 257, 769, 129, 641, 593, 385, 65, 577, 321, 833, 193, 705, 449, 897, 526, 337, 49, 25, 537, 281, 153, 5, 517, 261, 773, 133, 645, 389, 69, 581, 325, 37, 105, 169, 297, 553, 561, 305, 177, 113, 9, 521, 265, 209, 777, 649, 393, 73, 585, 329, 201, 41, 137, 578, 14, 150, 786, 146, 658, 402, 82, 594, 338, 210, 50, 562, 306, 178, 114, 10, 522, 274, 530, 18, 226, 834, 194, 706, 450, 962, 34, 546, 266, 290, 162, 674, 418, 930, 98, 610, 354, 802, 86, 778, 650, 134, 646, 390, 70, 582, 326, 198, 38, 550, 294, 166, 102, 22, 534, 278, 774, 262, 518, 6, 394, 74, 586, 330, 202, 42, 554, 138, 298, 106, 26, 538, 282, 154, 90, 58, 170, 0]
"Number of good channels:"
300
"R=0.29296875"
"Frozen channels:"
724
"sim ran :1000"
"Outputilename:./simresults/llrsgndict-1024-0p1925-18-04-14_20-06-05.txt"
