"P Vs FER REPORT derate"
"---------------------------"
"N=512"
"sim ran :1000"
"Z max :0.2"
"Rate vs Block_error="
[0.01, 0.02, 0.03, 0.04, 0.05, 0.060000000000000005, 0.06999999999999999, 0.08, 0.09, 0.09999999999999999, 0.11, 0.12, 0.13, 0.14, 0.15000000000000002, 0.16, 0.17, 0.18000000000000002, 0.19, 0.2]
[391, 345, 310, 286, 260, 240, 223, 208, 189, 178, 166, 154, 142, 131, 119, 112, 103, 97, 89, 80]
[-1.0969100130080565, -1.2839966563652008, -1.494850021680094, -1.3872161432802645, -1.4436974992327127, -1.337242168318426, -1.0705810742857071, -0.9829666607012196, -1.1739251972991736, -1.0087739243075051, -0.9430951486635274, -0.958607314841775, -0.7258421507363202, -0.6903698325741012, -0.596879478824182, -0.5243288116755703, -0.6536470255493614, -0.6478174818886375, -0.7878123955960422, -0.906578314837765]
"Time taken:1449.38374186"
