"P Vs FER REPORT derate"
"---------------------------"
"N=512"
"sim ran :1000"
"Z max :0.08"
"Rate vs Block_error="
[0.01, 0.02, 0.03, 0.04, 0.05, 0.060000000000000005, 0.06999999999999999, 0.08, 0.09, 0.09999999999999999, 0.11, 0.12, 0.13, 0.14, 0.15000000000000002, 0.16, 0.17, 0.18000000000000002, 0.19, 0.2]
[373, 325, 291, 264, 242, 222, 206, 187, 172, 158, 147, 137, 127, 115, 107, 99, 90, 82, 77, 69]
[-1.7958800173440752, -1.853871964321762, -1.8239087409443189, -2.0, -1.8860566476931633, -1.6382721639824072, -1.5086383061657274, -1.7695510786217261, -1.6989700043360187, -1.7958800173440752, -1.3767507096020994, -1.2924298239020637, -1.0655015487564323, -0.8927900303521317, -1.013228265733755, -1.1307682802690238, -1.1426675035687315, -1.3187587626244128, -1.1739251972991736, -1.3467874862246563]
"Time taken:1587.63922095"
