UK====================
R_p1 :246/512
T:0
channel_p: 
[0.01 0.02 0.03 0.04 0.05 0.06 0.07 0.08 0.09 0.1  0.11 0.12 0.13 0.14
 0.15 0.16 0.17 0.18 0.19 0.2 ]
Iters:
[(0.01, {u'1': 1.0}),
 (0.02, {u'1': 1.0}),
 (0.03, {u'1': 1.0}),
 (0.04, {u'1': 1.0}),
 (0.05, {u'1': 0.978, u'2': 0.022}),
 (0.06, {u'1': 0.936, u'2': 0.064}),
 (0.07, {u'1': 0.78, u'2': 0.22}),
 (0.08, {u'1': 0.612, u'2': 0.388}),
 (0.09, {u'1': 0.4, u'2': 0.594, u'3': 0.006}),
 (0.1, {u'1': 0.178, u'2': 0.816, u'3': 0.006}),
 (0.11, {u'1': 0.067, u'2': 0.924, u'3': 0.009}),
 (0.12, {u'1': 0.02, u'2': 0.929, u'3': 0.051}),
 (0.13, {u'1': 0.006, u'2': 0.862, u'3': 0.132}),
 (0.14, {u'0': 0.002, u'1': 0.002, u'2': 0.727, u'3': 0.269}),
 (0.15, {u'0': 0.005, u'2': 0.595, u'3': 0.4}),
 (0.16, {u'0': 0.019, u'2': 0.37, u'3': 0.611}),
 (0.17, {u'0': 0.042, u'2': 0.207, u'3': 0.751}),
 (0.18, {u'0': 0.116, u'2': 0.104, u'3': 0.78}),
 (0.19, {u'0': 0.213, u'2': 0.041, u'3': 0.746}),
 (0.2, {u'0': 0.379, u'2': 0.01, u'3': 0.611})]
Mean Iters :
[(0.01, 1.0), (0.02, 1.0), (0.03, 1.0), (0.04, 1.0), (0.05, 1.022), (0.06, 1.064), (0.07, 1.22), (0.08, 1.388), (0.09, 1.6059999999999999), (0.1, 1.8279999999999998), (0.11, 1.9420000000000002), (0.12, 2.031), (0.13, 2.126), (0.14, 2.269), (0.15, 2.4050000000000002), (0.16, 2.63), (0.17, 2.793), (0.18, 2.896), (0.19, 2.9589999999999996), (0.2, 2.9899999999999998)]
Average rate :
[(0.01, 246.0), (0.02, 246.0), (0.03, 246.0), (0.04, 246.0), (0.05, 240.7045009784736), (0.06, 231.203007518797), (0.07, 201.63934426229508), (0.08, 177.2334293948127), (0.09, 153.17559153175594), (0.1, 134.57330415754925), (0.11, 126.6735324407827), (0.12, 121.12259970457902), (0.13, 115.71025399811853), (0.14, 108.41780520052886), (0.15, 102.28690228690228), (0.16, 93.5361216730038), (0.17, 88.07733619763694), (0.18, 84.94475138121547), (0.19, 83.13619466035824), (0.2, 82.2742474916388)]
FER :
[(0.01, -inf), (0.02, -inf), (0.03, -inf), (0.04, -inf), (0.05, -inf), (0.06, -inf), (0.07, -inf), (0.08, -inf), (0.09, -inf), (0.1, -inf), (0.11, -inf), (0.12, -inf), (0.13, -inf), (0.14, -2.6989700043360187), (0.15, -2.3010299956639813), (0.16, -1.7212463990471711), (0.17, -1.3767507096020994), (0.18, -0.9355420107730815), (0.19, -0.6716203965612623), (0.2, -0.42136079003192767)]
TPT :
[(0.01, 0.48046875), (0.02, 0.48046875), (0.03, 0.48046875), (0.04, 0.48046875), (0.05, 0.47012597847358123), (0.06, 0.4515683740601504), (0.07, 0.3938268442622951), (0.08, 0.34615904178674356), (0.09, 0.2991710772104608), (0.1, 0.26283848468271337), (0.11, 0.2474092430484037), (0.12, 0.2365675775480059), (0.13, 0.22599658984007526), (0.14, 0.21133001873071836), (0.15, 0.19878021049896047), (0.16, 0.17921667062737642), (0.17, 0.16480095327604724), (0.18, 0.14666242230662982), (0.19, 0.1277894242142616), (0.2, 0.09978966346153847)]
CB-scheme====================
R_p1 :246/512
T:11
channel_p: 
[0.01 0.02 0.03 0.04 0.05 0.06 0.07 0.08 0.09 0.1  0.11 0.12 0.13 0.14
 0.15 0.16 0.17 0.18 0.19 0.2 ]
Iters:
[(0.01, {u'1': 1.0}),
 (0.02, {u'1': 1.0}),
 (0.03, {u'1': 1.0}),
 (0.04, {u'1': 0.998, u'2': 0.002}),
 (0.05, {u'1': 0.988, u'2': 0.012}),
 (0.06, {u'1': 0.926, u'2': 0.074}),
 (0.07, {u'1': 0.818, u'2': 0.182}),
 (0.08, {u'1': 0.625, u'2': 0.375}),
 (0.09, {u'1': 0.394, u'2': 0.606}),
 (0.1, {u'1': 0.209, u'2': 0.789, u'3': 0.002}),
 (0.11, {u'1': 0.091, u'2': 0.889, u'3': 0.02}),
 (0.12, {u'1': 0.018, u'2': 0.921, u'3': 0.061}),
 (0.13, {u'1': 0.007, u'2': 0.875, u'3': 0.118}),
 (0.14, {u'0': 0.001, u'1': 0.001, u'2': 0.782, u'3': 0.216}),
 (0.15, {u'0': 0.004, u'1': 0.001, u'2': 0.613, u'3': 0.382}),
 (0.16, {u'0': 0.014, u'1': 0.002, u'2': 0.41, u'3': 0.574}),
 (0.17, {u'0': 0.038, u'2': 0.244, u'3': 0.718}),
 (0.18, {u'0': 0.089, u'1': 0.001, u'2': 0.099, u'3': 0.811}),
 (0.19, {u'0': 0.206, u'2': 0.053, u'3': 0.741}),
 (0.2, {u'0': 0.364, u'2': 0.023, u'3': 0.613})]
Mean Iters :
[(0.01, 1.0), (0.02, 1.0), (0.03, 1.0), (0.04, 1.002), (0.05, 1.012), (0.06, 1.074), (0.07, 1.182), (0.08, 1.375), (0.09, 1.6059999999999999), (0.1, 1.7930000000000001), (0.11, 1.929), (0.12, 2.043), (0.13, 2.1109999999999998), (0.14, 2.216), (0.15, 2.385), (0.16, 2.586), (0.17, 2.756), (0.18, 2.8990000000000005), (0.19, 2.9469999999999996), (0.2, 2.977)]
Average rate :
[(0.01, 235.0), (0.02, 235.0), (0.03, 235.0), (0.04, 234.5309381237525), (0.05, 232.21343873517787), (0.06, 218.80819366852884), (0.07, 198.8155668358714), (0.08, 170.9090909090909), (0.09, 146.3262764632628), (0.1, 131.06525376464026), (0.11, 121.82477967858993), (0.12, 115.02692119432207), (0.13, 111.3216485078162), (0.14, 106.04693140794222), (0.15, 98.53249475890986), (0.16, 90.8739365815932), (0.17, 85.26850507982584), (0.18, 81.06243532252499), (0.19, 79.7421106209705), (0.2, 78.93852872018812)]
FER :
[(0.01, -inf), (0.02, -inf), (0.03, -inf), (0.04, -3.0), (0.05, -2.3979400086720375), (0.06, -2.221848749616356), (0.07, -1.7958800173440752), (0.08, -1.6575773191777938), (0.09, -1.6382721639824072), (0.1, -1.6777807052660807), (0.11, -1.6197887582883939), (0.12, -1.8860566476931633), (0.13, -1.8860566476931633), (0.14, -1.7695510786217261), (0.15, -1.408935392973501), (0.16, -1.2924298239020637), (0.17, -1.0969100130080565), (0.18, -0.9281179926938746), (0.19, -0.6216020990518624), (0.2, -0.39469495385889053)]
TPT :
[(0.01, 0.458984375), (0.02, 0.458984375), (0.03, 0.458984375), (0.04, 0.45761017028443113), (0.05, 0.4517277050395257), (0.06, 0.42479559473929235), (0.07, 0.38209866751269034), (0.08, 0.3264630681818182), (0.09, 0.279220258016812), (0.1, 0.2506111004601227), (0.11, 0.23222848626231204), (0.12, 0.22174135003671072), (0.13, 0.21459856851018475), (0.14, 0.20360182338673283), (0.15, 0.184940873951782), (0.16, 0.16843626135924208), (0.17, 0.15321684506531208), (0.18, 0.13964271084856844), (0.19, 0.11852294176280966), (0.2, 0.09204355790225059)]
FR====================
0.01	0.02	0.03	0.04	0.05	0.06	0.07	0.08	0.09	0.1	0.11	0.12	0.13	0.14	0.15	0.16	0.17	0.18	0.19	0.2
Zmax=0.02
/home/smart/Project/code/Polar-slepian/V_23/polarconstruct.py:65: RuntimeWarning: divide by zero encountered in log10
  ber_exp=np.log10(sZN).tolist()
354	304	270	242	221	203	183	166	154	140	130	116	110	99	93	84	77	69	63	59
Zmax=0.03
359	308	278	247	225	206	187	174	158	145	133	123	115	103	96	87	80	72	67	61
Zmax=0.08
373	325	291	264	242	222	206	187	172	158	147	137	127	115	107	99	90	82	77	69
Zmax=0.1
379	330	299	268	246	225	208	191	179	165	150	139	130	118	111	101	95	85	79	72
Zmax=0.2
391	345	310	286	260	240	223	208	189	178	166	154	142	131	119	112	103	97	89	80
Zmax=0.3
399	355	323	294	273	252	232	217	200	186	174	163	151	139	131	119	112	103	97	88
Zmax=0.4
406	362	330	304	281	260	242	225	208	197	183	168	157	147	137	130	118	111	103	96


------------------
(program exited with code: 0)
Press return to continue


