"LLR Lambda CHANNEL REPORT"
"---------------------------"
"N=1024"
"design_p=0.1"
"Capacity for 1024channels:543"
"design for rate:543"
"Z Construct--------------------------------------------------------"
"Good Channels:"
[1023, 511, 767, 895, 959, 991, 1007, 1015, 1019, 1021, 255, 383, 639, 447, 703, 831, 479, 735, 863, 927, 495, 751, 879, 943, 975, 503, 759, 887, 951, 983, 507, 763, 1022, 891, 999, 955, 987, 1003, 509, 765, 893, 127, 191, 319, 957, 223, 575, 351, 607, 415, 239, 671, 367, 623, 799, 989, 431, 687, 1011, 815, 463, 247, 719, 375, 631, 847, 439, 695, 823, 911, 471, 727, 1005, 855, 251, 510, 919, 379, 766, 487, 635, 743, 443, 894, 699, 871, 827, 475, 958, 731, 935, 859, 1013, 923, 990, 491, 747, 967, 253, 875, 381, 637, 445, 63, 701, 939, 95, 159, 829, 111, 287, 477, 175, 543, 733, 1006, 499, 303, 755, 207, 559, 861, 119, 335, 971, 883, 183, 591, 311, 399, 1017, 215, 567, 655, 493, 925, 343, 749, 947, 599, 783, 407, 254, 877, 123, 231, 663, 382, 187, 359, 638, 315, 615, 791, 446, 1014, 219, 571, 423, 941, 702, 347, 979, 679, 603, 501, 830, 411, 478, 757, 807, 235, 455, 667, 734, 363, 711, 885, 125, 619, 973, 795, 862, 189, 427, 839, 317, 683, 31, 995, 221, 573, 494, 949, 243, 47, 349, 926, 750, 811, 1018, 459, 371, 903, 79, 605, 505, 715, 627, 55, 143, 413, 878, 237, 761, 435, 87, 271, 669, 365, 843, 691, 981, 151, 527, 889, 126, 621, 103, 279, 797, 502, 942, 59, 429, 190, 819, 467, 167, 535, 758, 91, 685, 318, 907, 723, 245, 295, 155, 953, 222, 574, 199, 551, 373, 886, 1020, 107, 813, 461, 283, 350, 997, 851, 327, 974, 629, 171, 717, 539, 606, 483, 61, 437, 583, 414, 238, 299, 950, 506, 391, 985, 739, 93, 693, 845, 915, 203, 115, 670, 366, 555, 249, 762, 647, 157, 331, 179, 469, 867, 15, 622, 821, 377, 109, 285, 798, 430, 890, 587, 909, 775, 307, 982, 725, 23, 246, 633, 173, 1001, 395, 541, 211, 686, 441, 563, 931, 62, 39, 374, 508, 853, 301, 651, 485, 339, 954, 462, 117, 697, 205, 814, 27, 94, 630, 764, 557, 71, 998, 741, 595, 718, 779, 438, 473, 227, 963, 1009, 181, 917, 333, 403, 825, 158, 43, 250, 135, 986, 892, 694, 729, 869, 355, 110, 846, 309, 589, 659, 286, 378, 75, 397, 263, 470, 213, 121, 611, 822, 565, 489, 857, 956, 29, 174, 933, 542, 787, 1002, 51, 419, 910, 634, 653, 519, 726, 341, 139, 745, 442, 185, 302, 675, 921, 118, 988, 252, 45, 486, 781, 597, 965, 854, 229, 83, 1010, 206, 698, 267, 873, 451, 497, 405, 558, 313, 803, 742, 474, 380, 182, 1004, 523, 918, 217, 357, 826, 707, 753, 334, 661, 77, 147, 937, 569, 870, 730, 636, 613, 99, 590, 835, 310, 881, 53, 345, 1012, 789, 444, 969, 421, 30, 275, 490, 398, 858, 122, 141, 934, 7, 214, 566, 601, 700, 899, 233, 945, 677, 1016, 531, 746, 654, 163, 409, 922, 966, 476, 269, 85, 453, 342, 828, 977, 498, 805, 186, 874, 361, 782, 665, 46, 732, 525, 291, 709, 598, 230, 754, 993, 938, 617, 793, 492, 11, 406, 860, 314, 195, 241, 149, 547, 837, 425, 57, 882, 970, 748, 662, 358, 218, 124, 570, 924, 901, 101]
"R order:"
[1023, 511, 767, 895, 959, 991, 1007, 1015, 1019, 1021, 255, 383, 639, 447, 703, 831, 479, 735, 863, 927, 495, 751, 879, 943, 975, 503, 759, 887, 951, 983, 507, 763, 1022, 891, 999, 955, 987, 1003, 509, 765, 893, 127, 191, 319, 957, 223, 575, 351, 607, 415, 239, 671, 367, 623, 799, 989, 431, 687, 1011, 815, 463, 247, 719, 375, 631, 847, 439, 695, 823, 911, 471, 727, 1005, 855, 251, 510, 919, 379, 766, 487, 635, 743, 443, 894, 699, 871, 827, 475, 958, 731, 935, 859, 1013, 923, 990, 491, 747, 967, 253, 875, 381, 637, 445, 63, 701, 939, 95, 159, 829, 111, 287, 477, 175, 543, 733, 1006, 499, 303, 755, 207, 559, 861, 119, 335, 971, 883, 183, 591, 311, 399, 1017, 215, 567, 655, 493, 925, 343, 749, 947, 599, 783, 407, 254, 877, 123, 231, 663, 382, 187, 359, 638, 315, 615, 791, 446, 1014, 219, 571, 423, 941, 702, 347, 979, 679, 603, 501, 830, 411, 478, 757, 807, 235, 455, 667, 734, 363, 711, 885, 125, 619, 973, 795, 862, 189, 427, 839, 317, 683, 31, 995, 221, 573, 494, 949, 243, 47, 349, 926, 750, 811, 1018, 459, 371, 903, 79, 605, 505, 715, 627, 55, 143, 413, 878, 237, 761, 435, 87, 271, 669, 365, 843, 691, 981, 151, 527, 889, 126, 621, 103, 279, 797, 502, 942, 59, 429, 190, 819, 467, 167, 535, 758, 91, 685, 318, 907, 723, 245, 295, 155, 953, 222, 574, 199, 551, 373, 886, 1020, 107, 813, 461, 283, 350, 997, 851, 327, 974, 629, 171, 717, 539, 606, 483, 61, 437, 583, 414, 238, 299, 950, 506, 391, 985, 739, 93, 693, 845, 915, 203, 115, 670, 366, 555, 249, 762, 647, 157, 331, 179, 469, 867, 15, 622, 821, 377, 109, 285, 798, 430, 890, 587, 909, 775, 307, 982, 725, 23, 246, 633, 173, 1001, 395, 541, 211, 686, 441, 563, 931, 62, 39, 374, 508, 853, 301, 651, 485, 339, 954, 462, 117, 697, 205, 814, 27, 94, 630, 764, 557, 71, 998, 741, 595, 718, 779, 438, 473, 227, 963, 1009, 181, 917, 333, 403, 825, 158, 43, 250, 135, 986, 892, 694, 729, 869, 355, 110, 846, 309, 589, 659, 286, 378, 75, 397, 263, 470, 213, 121, 611, 822, 565, 489, 857, 956, 29, 174, 933, 542, 787, 1002, 51, 419, 910, 634, 653, 519, 726, 341, 139, 745, 442, 185, 302, 675, 921, 118, 988, 252, 45, 486, 781, 597, 965, 854, 229, 83, 1010, 206, 698, 267, 873, 451, 497, 405, 558, 313, 803, 742, 474, 380, 182, 1004, 523, 918, 217, 357, 826, 707, 753, 334, 661, 77, 147, 937, 569, 870, 730, 636, 613, 99, 590, 835, 310, 881, 53, 345, 1012, 789, 444, 969, 421, 30, 275, 490, 398, 858, 122, 141, 934, 7, 214, 566, 601, 700, 899, 233, 945, 677, 1016, 531, 746, 654, 163, 409, 922, 966, 476, 269, 85, 453, 342, 828, 977, 498, 805, 186, 874, 361, 782, 665, 46, 732, 525, 291, 709, 598, 230, 754, 993, 938, 617, 793, 492, 11, 406, 860, 314, 195, 241, 149, 547, 837, 425, 57, 882, 970, 748, 662, 358, 218, 124, 570, 924, 901, 101, 681, 946, 78, 323, 369, 500, 277, 876, 614, 790, 457, 809, 346, 978, 579, 422, 625, 756, 533, 940, 713, 54, 89, 188, 387, 433, 602, 678, 994, 165, 504, 19, 884, 234, 972, 142, 841, 410, 643, 689, 454, 806, 760, 948, 316, 905, 465, 666, 771, 817, 293, 710, 362, 888, 270, 980, 153, 572, 220, 721, 794, 549, 838, 13, 618, 197, 86, 526, 952, 996, 242, 481, 849, 426, 105, 902, 281, 984, 348, 737, 913, 35, 682, 325, 537, 1000, 370, 604, 865, 458, 810, 581, 236, 150, 1008, 58, 412, 626, 929, 714, 389, 169, 434, 668, 961, 842, 645, 364, 102, 278, 690, 796, 906, 773, 297, 620, 534, 466, 67, 818, 113, 244, 21, 428, 553, 722, 201, 684, 90, 166, 482, 850, 372, 460, 812, 738, 914, 329, 628, 131, 177, 716, 294, 866, 585, 248, 436, 844, 550, 930, 393, 692, 154, 259, 305, 908, 198, 962, 649, 376, 468, 820, 515, 561, 60, 777, 632, 209, 724, 282, 37, 326, 106, 14, 440, 484, 852, 538, 582, 696, 337, 740, 916, 390, 472, 824, 593, 868, 646, 225, 728, 401, 932, 170, 774, 25, 488, 856, 657, 964, 92, 353, 744, 920, 785, 298, 69, 609, 496, 872, 554, 114, 417, 752, 936, 202, 673, 880, 968, 156, 449, 801, 944, 330, 133, 705, 976, 586, 178, 284, 833, 992, 394, 261, 540, 108, 22, 897, 650, 517, 306, 778, 41, 562, 210, 172, 338, 594, 300, 226, 402, 556, 116, 204, 658, 354, 786, 73, 610, 332, 38, 418, 588, 180, 674, 396, 137, 652, 450, 780, 802, 308, 49, 3, 706, 564, 265, 212, 120, 384, 64, 640, 576, 128, 768, 256, 512, 896, 416, 864, 832, 928, 96, 608, 352, 672, 160, 224, 320, 736, 288, 544, 32, 960, 448, 704, 192, 800, 528, 33, 5, 344, 600, 88, 408, 664, 152, 792, 280, 536, 24, 232, 360, 616, 104, 424, 680, 168, 216, 56, 568, 312, 548, 36, 452, 708, 196, 836, 324, 580, 808, 68, 388, 644, 132, 772, 260, 516, 4, 184, 900, 292, 296, 40, 816, 304, 560, 48, 464, 720, 208, 848, 336, 592, 80, 912, 400, 656, 144, 784, 272, 176, 688, 432, 112, 456, 712, 200, 840, 328, 584, 72, 904, 552, 392, 136, 776, 264, 520, 8, 240, 368, 624, 648, 480, 804, 676, 1, 70, 134, 262, 518, 6, 26, 42, 74, 138, 266, 522, 10, 50, 82, 146, 274, 513, 257, 769, 129, 521, 9, 81, 145, 273, 529, 17, 97, 530, 161, 545, 16, 193, 321, 577, 65, 385, 641, 289, 164, 18, 162, 12, 52, 340, 596, 84, 404, 660, 148, 788, 276, 532, 20, 228, 356, 612, 100, 420, 524, 268, 140, 76, 290, 546, 34, 194, 834, 322, 578, 66, 98, 898, 642, 130, 770, 258, 514, 2, 28, 44, 386, 0]
"Number of good channels:"
543
"R=0.5302734375"
"Frozen channels:"
481
"sim ran for prob:1000"
"Lambdathreshold:0.009765625"
"p:Pr(Gmin>LT)"
