"LLR Lambda CHANNEL REPORT"
"---------------------------"
"N=32"
"design_p=0.05"
"Capacity for 32channels:22"
"tolerable error exponent:-1"
"Z Construct--------------------------------------------------------"
"Good Channels:"
[31, 27, 23, 30, 29, 15, 25, 26, 22, 28, 14, 21, 7, 19, 13, 11]
"Number of good channels:"
16
"R=0.5"
"Frozen channels:"
16
"sim ran :10"
"Decodable Condition:"
"---------------------"
"Bad Channels above threshold:"
[]
"Good channels below threshold:"
[]
"Undecodable Condition:"
"---------------------"
"Lambda Threshold:14.7221948958"
"Good_channels for other p:"
{
  "0.4": [
    31, 
    27
  ], 
  "0.2": [
    31, 
    27, 
    23, 
    30
  ], 
  "0.05": [
    31, 
    27, 
    23, 
    30, 
    29, 
    15, 
    25, 
    26, 
    22, 
    28, 
    14, 
    21, 
    7, 
    19, 
    13, 
    11
  ], 
  "0.3": [
    31, 
    27
  ], 
  "0.1": [
    31, 
    27, 
    23, 
    30, 
    29, 
    15, 
    25, 
    26
  ], 
  "0.07": [
    31, 
    27, 
    23, 
    30, 
    29, 
    15, 
    25, 
    26, 
    22, 
    28, 
    14
  ]
}
"LLRs:"
{
  "0.4": [
    2.94443897916644, 
    0.0, 
    0.0, 
    1.7666633874998643, 
    0.0, 
    1.1777755916665762, 
    2.9444389791664403, 
    8.833316937499323, 
    1.7666633874998643, 
    1.1777755916665762, 
    1.7666633874998643, 
    8.833316937499323, 
    1.7666633874998643, 
    7.655541345832743, 
    6.4777657541661675, 
    28.855501995831116, 
    3.533326774999728, 
    0.0, 
    0.5888877958332881, 
    7.066653549999456, 
    1.7666633874998643, 
    5.88887795833288, 
    4.122214570833016, 
    25.91106301666467, 
    3.533326774999728, 
    5.299990162499592, 
    5.299990162499592, 
    24.7332874249981, 
    5.88887795833288, 
    23.555511833331522, 
    22.377736241664948, 
    67.13320872499484
  ], 
  "0.2": [
    2.94443897916644, 
    0.0, 
    0.0, 
    1.7666633874998643, 
    0.0, 
    2.3555511833331524, 
    3.533326774999728, 
    8.83331693749932, 
    2.3555511833331524, 
    1.1777755916665762, 
    1.7666633874998643, 
    8.833316937499319, 
    1.1777755916665762, 
    8.83331693749932, 
    8.83331693749932, 
    29.4443897916644, 
    3.533326774999728, 
    0.0, 
    0.5888877958332881, 
    6.477765754166168, 
    1.7666633874998643, 
    7.066653549999456, 
    5.8888779583328805, 
    26.499950812497964, 
    4.711102366666304, 
    4.711102366666304, 
    4.711102366666304, 
    23.55551183333152, 
    5.88887795833288, 
    24.14439962916481, 
    23.555511833331522, 
    67.13320872499484
  ], 
  "0.05": [
    2.94443897916644, 
    0.5888877958332881, 
    1.1777755916665762, 
    5.88887795833288, 
    1.1777755916665762, 
    6.4777657541661675, 
    5.88887795833288, 
    17.66663387499864, 
    2.3555511833331524, 
    5.299990162499592, 
    4.711102366666304, 
    16.488858283332068, 
    5.88887795833288, 
    17.077746079165355, 
    16.488858283332068, 
    40.044370116663586, 
    4.122214570833016, 
    4.711102366666304, 
    4.122214570833016, 
    15.899970487498777, 
    5.299990162499593, 
    16.488858283332068, 
    15.899970487498777, 
    39.4554823208303, 
    4.122214570833016, 
    15.311082691665488, 
    14.722194895832201, 
    38.277706729163725, 
    15.899970487498777, 
    38.86659452499701, 
    38.277706729163725, 
    85.38873039582676
  ], 
  "0.3": [
    2.94443897916644, 
    0.0, 
    0.0, 
    2.3555511833331524, 
    0.0, 
    2.9444389791664403, 
    2.9444389791664403, 
    7.066653549999455, 
    1.1777755916665762, 
    1.1777755916665762, 
    1.7666633874998643, 
    7.066653549999456, 
    2.3555511833331524, 
    6.4777657541661675, 
    8.244429141666032, 
    25.32217522083139, 
    2.9444389791664403, 
    0.5888877958332881, 
    1.1777755916665762, 
    6.4777657541661675, 
    1.7666633874998643, 
    5.88887795833288, 
    7.066653549999456, 
    25.322175220831387, 
    4.122214570833016, 
    5.88887795833288, 
    5.88887795833288, 
    23.555511833331522, 
    6.477765754166168, 
    22.96662403749823, 
    25.322175220831387, 
    65.36654533749498
  ], 
  "0.1": [
    2.94443897916644, 
    0.0, 
    0.0, 
    4.711102366666304, 
    1.1777755916665762, 
    3.533326774999728, 
    3.533326774999728, 
    14.133307099998913, 
    1.7666633874998643, 
    3.533326774999728, 
    4.122214570833016, 
    15.31108269166549, 
    1.7666633874998643, 
    12.955531508332337, 
    13.544419304165624, 
    36.51104334166386, 
    3.533326774999728, 
    1.7666633874998643, 
    1.7666633874998643, 
    11.777755916665761, 
    1.7666633874998643, 
    8.833316937499319, 
    11.188868120832472, 
    32.38882877083084, 
    4.711102366666305, 
    10.599980324999185, 
    11.777755916665761, 
    33.566604362497415, 
    9.422204733332608, 
    30.62216538333098, 
    32.977716566664135, 
    77.73318904999402
  ], 
  "0.07": [
    2.94443897916644, 
    0.0, 
    0.0, 
    5.299990162499592, 
    0.0, 
    5.299990162499592, 
    5.88887795833288, 
    16.488858283332068, 
    0.0, 
    4.711102366666304, 
    4.711102366666304, 
    15.899970487498779, 
    4.711102366666304, 
    15.899970487498779, 
    15.31108269166549, 
    38.866594524997005, 
    2.9444389791664403, 
    1.7666633874998643, 
    1.7666633874998643, 
    12.955531508332337, 
    1.7666633874998643, 
    12.955531508332337, 
    12.366643712499048, 
    35.92215554583057, 
    2.9444389791664403, 
    12.366643712499048, 
    12.366643712499048, 
    35.33326774999728, 
    12.366643712499048, 
    35.33326774999728, 
    34.744379954163996, 
    81.85540362082703
  ]
}
"degenerate channels:"
{
  "0.4": [
    25, 
    26, 
    22, 
    28, 
    14, 
    21, 
    7, 
    19, 
    13, 
    11
  ], 
  "0.2": [
    25, 
    26, 
    22, 
    28, 
    14, 
    21, 
    7, 
    19, 
    13, 
    11
  ], 
  "0.05": [], 
  "0.3": [
    25, 
    26, 
    22, 
    28, 
    14, 
    21, 
    7, 
    19, 
    13, 
    11
  ], 
  "0.1": [
    25, 
    26, 
    22, 
    28, 
    14, 
    21, 
    7, 
    19, 
    13
  ], 
  "0.07": [
    25, 
    26, 
    22, 
    28, 
    21, 
    19
  ]
}
