"LLR Lambda CHANNEL REPORT"
"---------------------------"
"N=1024"
"design_p=0.1"
"Capacity for 1024channels:543"
"design for rate:543"
"Z Construct--------------------------------------------------------"
"Good Channels:"
[1023, 511, 767, 895, 959, 991, 1007, 1015, 1019, 1021, 255, 383, 639, 447, 703, 831, 479, 735, 863, 927, 495, 751, 879, 943, 975, 503, 759, 887, 951, 983, 507, 763, 1022, 891, 999, 955, 987, 1003, 509, 765, 893, 127, 191, 319, 957, 223, 575, 351, 607, 415, 239, 671, 367, 623, 799, 989, 431, 687, 1011, 815, 463, 247, 719, 375, 631, 847, 439, 695, 823, 911, 471, 727, 1005, 855, 251, 510, 919, 379, 766, 487, 635, 743, 443, 894, 699, 871, 827, 475, 958, 731, 935, 859, 1013, 923, 990, 491, 747, 967, 253, 875, 381, 637, 445, 63, 701, 939, 95, 159, 829, 111, 287, 477, 175, 543, 733, 1006, 499, 303, 755, 207, 559, 861, 119, 335, 971, 883, 183, 591, 311, 399, 1017, 215, 567, 655, 493, 925, 343, 749, 947, 599, 783, 407, 254, 877, 123, 231, 663, 382, 187, 359, 638, 315, 615, 791, 446, 1014, 219, 571, 423, 941, 702, 347, 979, 679, 603, 501, 830, 411, 478, 757, 807, 235, 455, 667, 734, 363, 711, 885, 125, 619, 973, 795, 862, 189, 427, 839, 317, 683, 31, 995, 221, 573, 494, 949, 243, 47, 349, 926, 750, 811, 1018, 459, 371, 903, 79, 605, 505, 715, 627, 55, 143, 413, 878, 237, 761, 435, 87, 271, 669, 365, 843, 691, 981, 151, 527, 889, 126, 621, 103, 279, 797, 502, 942, 59, 429, 190, 819, 467, 167, 535, 758, 91, 685, 318, 907, 723, 245, 295, 155, 953, 222, 574, 199, 551, 373, 886, 1020, 107, 813, 461, 283, 350, 997, 851, 327, 974, 629, 171, 717, 539, 606, 483, 61, 437, 583, 414, 238, 299, 950, 506, 391, 985, 739, 93, 693, 845, 915, 203, 115, 670, 366, 555, 249, 762, 647, 157, 331, 179, 469, 867, 15, 622, 821, 377, 109, 285, 798, 430, 890, 587, 909, 775, 307, 982, 725, 23, 246, 633, 173, 1001, 395, 541, 211, 686, 441, 563, 931, 62, 39, 374, 508, 853, 301, 651, 485, 339, 954, 462, 117, 697, 205, 814, 27, 94, 630, 764, 557, 71, 998, 741, 595, 718, 779, 438, 473, 227, 963, 1009, 181, 917, 333, 403, 825, 158, 43, 250, 135, 986, 892, 694, 729, 869, 355, 110, 846, 309, 589, 659, 286, 378, 75, 397, 263, 470, 213, 121, 611, 822, 565, 489, 857, 956, 29, 174, 933, 542, 787, 1002, 51, 419, 910, 634, 653, 519, 726, 341, 139, 745, 442, 185, 302, 675, 921, 118, 988, 252, 45, 486, 781, 597, 965, 854, 229, 83, 1010, 206, 698, 267, 873, 451, 497, 405, 558, 313, 803, 742, 474, 380, 182, 1004, 523, 918, 217, 357, 826, 707, 753, 334, 661, 77, 147, 937, 569, 870, 730, 636, 613, 99, 590, 835, 310, 881, 53, 345, 1012, 789, 444, 969, 421, 30, 275, 490, 398, 858, 122, 141, 934, 7, 214, 566, 601, 700, 899, 233, 945, 677, 1016, 531, 746, 654, 163, 409, 922, 966, 476, 269, 85, 453, 342, 828, 977, 498, 805, 186, 874, 361, 782, 665, 46, 732, 525, 291, 709, 598, 230, 754, 993, 938, 617, 793, 492, 11, 406, 860, 314, 195, 241, 149, 547, 837, 425, 57, 882, 970, 748, 662, 358, 218, 124, 570, 924, 901, 101]
"R order:"
[1023, 511, 767, 895, 959, 991, 1007, 1015, 1019, 1021, 255, 383, 639, 447, 703, 831, 479, 735, 863, 927, 495, 751, 879, 943, 975, 503, 759, 887, 951, 983, 507, 763, 1022, 891, 999, 955, 987, 1003, 509, 765, 893, 127, 191, 319, 957, 223, 575, 351, 607, 415, 239, 671, 367, 623, 799, 989, 431, 687, 1011, 815, 463, 247, 719, 375, 631, 847, 439, 695, 823, 911, 471, 727, 1005, 855, 251, 510, 919, 379, 766, 487, 635, 743, 443, 894, 699, 871, 827, 475, 958, 731, 935, 859, 1013, 923, 990, 491, 747, 967, 253, 875, 381, 637, 445, 63, 701, 939, 95, 159, 829, 111, 287, 477, 175, 543, 733, 1006, 499, 303, 755, 207, 559, 861, 119, 335, 971, 883, 183, 591, 311, 399, 1017, 215, 567, 655, 493, 925, 343, 749, 947, 599, 783, 407, 254, 877, 123, 231, 663, 382, 187, 359, 638, 315, 615, 791, 446, 1014, 219, 571, 423, 941, 702, 347, 979, 679, 603, 501, 830, 411, 478, 757, 807, 235, 455, 667, 734, 363, 711, 885, 125, 619, 973, 795, 862, 189, 427, 839, 317, 683, 31, 995, 221, 573, 494, 949, 243, 47, 349, 926, 750, 811, 1018, 459, 371, 903, 79, 605, 505, 715, 627, 55, 143, 413, 878, 237, 761, 435, 87, 271, 669, 365, 843, 691, 981, 151, 527, 889, 126, 621, 103, 279, 