"LLR Lambda CHANNEL REPORT"
"---------------------------"
"N=64"
"design_p=0.1"
"Capacity for 64channels:33"
"design for rate:33"
"Z Construct--------------------------------------------------------"
"Good Channels:"
[63, 31, 47, 55, 59, 61, 15, 23, 62, 39, 27, 43, 29, 51, 45, 53, 30, 7, 46, 11, 57, 54, 19, 13, 35, 58, 21, 60, 37, 14, 25, 22, 41]
"R order:"
[63, 31, 47, 55, 59, 61, 15, 23, 62, 39, 27, 43, 29, 51, 45, 53, 30, 7, 46, 11, 57, 54, 19, 13, 35, 58, 21, 60, 37, 14, 25, 22, 41, 38, 3, 49, 26, 42, 28, 5, 50, 44, 52, 9, 56, 6, 17, 33, 10, 18, 34, 12, 20, 36, 24, 40, 48, 1, 2, 4, 8, 16, 32, 0]
"Number of good channels:"
33
"R=0.515625"
"Frozen channels:"
31
"sim ran for prob:100"
"Lambdathreshold:0.09375"
"{p:Pr(Gmin>LT)...}"
{"0.1": 0.31, "0.3": 0.03, "0.2": 0.03, "0.4": 0.02}