"MONTE _CARLO CHANNEL REPORT"
"---------------------------"
"N=1024"
"p=0.1"
"Capacity for 1024channels:543"
"No of good channels needed :5(valid if used)"
"tolerable error exponent:-5"
"Z Construct--------------------------------------------------------"
"Good Channels:"
[1023, 511, 767, 895, 959, 991, 1007, 1015, 1019, 1021, 255, 383, 639, 447, 703, 831, 479, 735, 863, 927, 495, 751, 879, 943, 975, 503, 759, 887, 951, 983, 507, 763, 1022, 891, 999, 955, 987, 1003, 509, 765, 893, 127, 191, 319, 957, 223, 575, 351, 607, 415, 239, 671, 367, 623, 799, 989, 431, 687, 1011, 815, 463, 247, 719, 375, 631, 847, 439, 695, 823, 911, 471, 727, 1005, 855, 251, 510, 919, 379, 766, 487, 635, 743, 443, 894, 699, 871, 827, 475, 958, 731, 935, 859, 1013, 923, 990, 491, 747, 967, 253, 875, 381, 637, 445, 63, 701, 939, 95, 159, 829, 111, 287, 477, 175, 543, 733, 1006, 499, 303, 755, 207, 559, 861, 119, 335, 971, 883, 183, 591, 311, 399, 1017, 215, 567, 655, 493, 925, 343, 749, 947, 599, 783, 407, 254, 877, 123, 231, 663, 382, 187, 359, 638, 315, 615, 791, 446, 1014, 219, 571, 423, 941, 702, 347, 979, 679, 603, 501, 830, 411, 478, 757, 807, 235, 455, 667, 734, 363, 711, 885, 125, 619, 973, 795, 862, 189, 427, 839, 317, 683, 31, 995, 221, 573, 494, 949, 243, 47, 349, 926, 750, 811, 1018, 459, 371]
"Corresponding Error Exponents:"
[-227.17311960714886, -113.28552980791045, -112.98449981224647, -112.3824398209185, -111.1783198382626, -108.77008014946294, -103.95556038854119, -94.55504910482293, -78.77894459490052, -58.586534703363775, -56.19121991045925, -55.89018991479527, -55.58915991913129, -55.28812992346732, -54.987099927803335, -54.38503993647538, -54.08401007906749, -53.78298008340351, -53.18092009207557, -51.97680038593183, -51.67675019860661, -51.37572020294263, -50.773660211614754, -49.5695407818272, -47.16326057156592, -46.97649455674748, -46.6754645610835, -46.07340456975686, -44.86928672581931, -42.46490073265346, -39.08844230178628, -38.7874123061223, -38.76900553631657, -38.18535231491777, -37.87797692412914, -36.98125304125436, -34.58499861789973, -30.170934179491052, -28.992237356017906, -28.691207360353925, -28.089147410282944, -27.493549963901664, -27.192519968237686, -26.89148997257371, -26.885406011597745, -26.590460046037773, -26.59045997690974, -26.289430050373802, -25.988400054709846, -25.687370197301934, -25.386830105807334, -25.386340201637996, -25.085800110143396, -24.784770114479503, -24.784280486822187, -24.52826912333807, -24.48374039524962, -24.18271039958581, -23.714650213230083, -23.58065096112609, -23.28060029011898, -23.03670228487777, -22.9795702944557, -22.73567228921445, -22.434642293551782, -22.37751140824051, -22.133613367245673, -21.832583371584324, -21.230525518972758, -21.175350351799935, -20.93142037066275, -20.630390375009277, -20.53132784157339, -20.028334656369317, -19.092676157397168, -19.083472772494307, -18.828065441333706, -18.791646161794905, -18.782442776918536, -18.63795846640059, -18.490616166254362, -18.33692847088394, -18.1895965249632, -18.180395164633463, -17.88856652954609, -17.73488447753753, -17.28652724702549, -16.991469313285883, -16.982827151863706, -16.6904393186026, -16.538211903731618, -16.08842060201218, -15.350252841708796, -14.896255204355807, -14.784843619548386, -14.784437094081547, -14.483407110864166, -14.353927683184104, -14.044573684512983, -13.881494157389882, -13.743543709477493, -13.442513755070493, -13.1416730101349, -12.9941999927909, -12.840643096966899, -12.699903697904402, -12.693170031690963, -12.392140105155061, -12.23896162773767, -12.091355061575857, -12.091110247747201, -11.963104566005171, -11.7903252041291, -11.790080528595308, -11.662074890759223, -11.590427073042001, -11.556295110951362, -11.489295484899415, -11.25526562711254, -11.188755151564573, -11.188266042103407, -11.060760811139673, -10.916291151113226, -10.88772570845768, -10.677045274697475, -10.65414831773066, -10.615261690130813, -10.586696817905414, -10.314232763827663, -10.286645180241598, -10.208993294981392, -10.014165191851166, -10.013204906876128, -9.985617392308697, -9.964633925134493, -9.907184175754951, -9.713137332541695, -9.663607128008781, -9.506799090503911, -9.412111609549953, -9.3855146713926, -9.11300272508657, -9.0901913928835, -9.063902749132914, -8.944278087586637, -8.867434239925318, -8.811981255824875, -8.789167586829173, -8.643253269355936, -8.566412243399439, -8.488149970075762, -8.342233628342495, -8.265398245496021, -8.213765637238327, -8.190383580968263, -8.075246667282245, -8.044189664618015, -8.041224341115576, -7.968075957370381, -7.949120879096232, -7.889378249749839, -7.743180307303409, -7.701976981154957, -7.667077820063118, -7.442191584905998, -7.374096429778464, -7.293851729327871, -7.147097614251887, -7.091391822907171, -7.07312955968546, -7.072441342739736, -6.940673572214703, -6.875933860375497, -6.84614959709694, -6.790449235317866, -6.639717107919949, -6.575015879248118, -6.481510203539511, -6.420226923128248, -6.338834131442906, -6.291194390736439, -6.2559826997465295, -6.200668525674399, -6.119291635315452, -6.048921950295095, -5.986850143830221, -5.818450983124952, -5.7481821803050694, -5.594010545145804, -5.5535981411866455, -5.530007770133723, -5.517799385869619, -5.4941838888263375, -5.463067536907066, -5.3266033297175985, -5.293103578255872, -5.229351050192186, -5.197514148298538, -5.193703484827544, -5.168433953300716, -5.039734221829069, -5.0374936376224655, -5.026045185742202]
"Number of good channels:"
203
"R=0.1982421875"
"Frozen channels:"
821
"Monte Carlo--------------------------------------------------------"
"sim ran :10"
"Good Channels:"
[478, 530]
"Corresponding Error Exponents:"
[-Infinity, -Infinity]
[-Infinity, -Infinity, -1.0, -1.0, -1.0, -1.0, -1.0, -1.0, -1.0, -1.0, -1.0, -1.0, -1.0, -1.0, -1.0, -1.0, -1.0, -0.6989700043360187, -0.6989700043360187, -0.6989700043360187, -0.6989700043360187, -0.6989700043360187, -0.6989700043360187, -0.6989700043360187, -0.6989700043360187, -0.6989700043360187, -0.6989700043360187, -0.6989700043360187, -0.6989700043360187, -0.6989700043360187, -0.6989700043360187, -0.6989700043360187, -0.6989700043360187, -0.6989700043360187, -0.6989700043360187, -0.6989700043360187, -0.6989700043360187, -0.6989700043360187, -0.6989700043360187, -0.6989700043360187, -0.6989700043360187, -0.6989700043360187, -0.6989700043360187, -0.6989700043360187, -0.6989700043360187, -0.6989700043360187, -0.6989700043360187, -0.6989700043360187, -0.6989700043360187, -0.6989700043360187, -0.6989700043360187, -0.6989700043360187, -0.6989700043360187, -0.6989700043360187, -0.6989700043360187, -0.6989700043360187, -0.6989700043360187, -0.6989700043360187, -0.6989700043360187, -0.6989700043360187, -0.6989700043360187, -0.6989700043360187, -0.6989700043360187, -0.6989700043360187, -0.6989700043360187, -0.6989700043360187, -0.6989700043360187, -0.6989700043360187, -0.6989700043360187, -0.6989700043360187, -0.6989700043360187, -0.6989700043360187, -0.6989700043360187, -0.6989700043360187, -0.6989700043360187, -0.6989700043360187, -0.6989700043360187, -0.6989700043360187, -0.6989700043360187, -0.6989700043360187, -0.6989700043360187, -0.6989700043360187, -0.6989700043360187, -0.5228787452803376, -0.5228787452803376, -0.5228787452803376, -0.5228787452803376, -0.5228787452803376, -0.5228787452803376, -0.5228787452803376, -0.5228787452803376, -0.5228787452803376, -0.5228787452803376, -0.5228787452803376, -0.5228787452803376, -0.5228787452803376, -0.5228787452803376, -0.5228787452803376, -0.5228787452803376, -0.5228787452803376, -0.5228787452803376, -0.5228787452803376, -0.5228787452803376, -0.5228787452803376, -0.5228787452803376, -0.5228787452803376, -0.5228787452803376, -0.5228787452803376, -0.5228787452803376, -0.5228787452803376, -0.5228787452803376, -0.5228787452803376, -0.5228787452803376, -0.5228787452803376, -0.5228787452803376, -0.5228787452803376, -0.5228787452803376, -0.5228787452803376, -0.5228787452803376, -0.5228787452803376, -0.5228787452803376, -0.5228787452803376, -0.5228787452803376, -0.5228787452803376, -0.5228787452803376, -0.5228787452803376, -0.5228787452803376, -0.5228787452803376, -0.5228787452803376, -0.5228787452803376, -0.5228787452803376, -0.5228787452803376, -0.5228787452803376, -0.5228787452803376, -0.5228787452803376, -0.5228787452803376, -0.5228787452803376, -0.5228787452803376, -0.5228787452803376, -0.5228787452803376, -0.5228787452803376, -0.5228787452803376, -0.5228787452803376, -0.5228787452803376, -0.5228787452803376, -0.5228787452803376, -0.5228787452803376, -0.5228787452803376, -0.5228787452803376, -0.5228787452803376, -0.5228787452803376, -0.5228787452803376, -0.5228787452803376, -0.5228787452803376, -0.5228787452803376, -0.5228787452803376, -0.5228787452803376, -0.5228787452803376, -0.5228787452803376, -0.5228787452803376, -0.5228787452803376, -0.5228787452803376, -0.5228787452803376, -0.5228787452803376, -0.5228787452803376, -0.5228787452803376, -0.5228787452803376, -0.5228787452803376, -0.5228787452803376, -0.5228787452803376, -0.5228787452803376, -0.5228787452803376, -0.5228787452803376, -0.5228787452803376, -0.5228787452803376, -0.5228787452803376, -0.5228787452803376, -0.5228787452803376, -0.5228787452803376, -0.5228787452803376, -0.5228787452803376, -0.5228787452803376, -0.5228787452803376, -0.5228787452803376, -0.5228787452803376, -0.5228787452803376, -0.5228787452803376, -0.5228787452803376, -0.5228787452803376, -0.5228787452803376, -0.5228787452803376, -0.5228787452803376, -0.5228787452803376, -0.5228787452803376, -0.5228787452803376, -0.5228787452803376, -0.5228787452803376, -0.5228787452803376, -0.5228787452803376, -0.5228787452803376, -0.5228787452803376, -0.5228787452803376, -0.5228787452803376, -0.5228787452803376, -0.5228787452803376, -0.5228787452803376, -0.5228787452803376, -0.5228787452803376, -0.5228787452803376, -0.5228787452803376, -0.5228787452803376, -0.5228787452803376, -0.5228787452803376, -0.5228787452803376, -0.5228787452803376, -0.5228787452803376, -0.5228787452803376, -0.5228787452803376, -0.5228787452803376, -0.5228787452803376, -0.5228787452803376, -0.5228787452803376, -0.5228787452803376, -0.5228787452803376, -0.5228787452803376, -0.5228787452803376, -0.5228787452803376, -0.5228787452803376, -0.5228787452803376, -0.3979400086720376, -0.3979400086720376, -0.3979400086720376, -0.3979400086720376, -0.3979400086720376, -0.3979400086720376, -0.3979400086720376, -0.3979400086720376, -0.3979400086720376, -0.3979400086720376, -0.3979400086720376, -0.3979400086720376, -0.3979400086720376, -0.3979400086720376, -0.3979400086720376, -0.3979400086720376, -0.3979400086720376, -0.3979400086720376, -0.3979400086720376, -0.3979400086720376, -0.3979400086720376, -0.3979400086720376, -0.3979400086720376, -0.3979400086720376, -0.3979400086720376, -0.3979400086720376, -0.3979400086720376, -0.3979400086720376, -0.3979400086720376, -0.3979400086720376, -0.3979400086720376, -0.3979400086720376, -0.3979400086720376, -0.3979400086720376, -0.3979400086720376, -0.3979400086720376, -0.3979400086720376, -0.3979400086720376, -0.3979400086720376, -0.3979400086720376, -0.3979400086720376, -0.3979400086720376, -0.3979400086720376, -0.3979400086720376, -0.3979400086720376, -0.3979400086720376, -0.3979400086720376, -0.3979400086720376, -0.3979400086720376, -0.3979400086720376, -0.3979400086720376, -0.3979400086720376, -0.3979400086720376, -0.3979400086720376, -0.3979400086720376, -0.3979400086720376, -0.3979400086720376, -0.3979400086720376, -0.3979400086720376, -0.3979400086720376, -0.3979400086720376, -0.3979400086720376, -0.3979400086720376, -0.3979400086720376, -0.3979400086720376, -0.3979400086720376, -0.3979400086720376, -0.3979400086720376, -0.3979400086720376, -0.3979400086720376, -0.3979400086720376, -0.3979400086720376, -0.3979400086720376, -0.3979400086720376, -0.3979400086720376, -0.3979400086720376, -0.3979400086720376, -0.3979400086720376, -0.3979400086720376, -0.3979400086720376, -0.3979400086720376, -0.3979400086720376, -0.3979400086720376, -0.3979400086720376, -0.3979400086720376, -0.3979400086720376, -0.3979400086720376, -0.3979400086720376, -0.3979400086720376, -0.3979400086720376, -0.3979400086720376, -0.3979400086720376, -0.3979400086720376, -0.3979400086720376, -0.3979400086720376, -0.3979400086720376, -0.3979400086720376, -0.3979400086720376, -0.3979400086720376, -0.3979400086720376, -0.3979400086720376, -0.3979400086720376, -0.3979400086720376, -0.3979400086720376, -0.3979400086720376, -0.3979400086720376, -0.3979400086720376, -0.3979400086720376, -0.3979400086720376, -0.3979400086720376, -0.3979400086720376, -0.3979400086720376, -0.3979400086720376, -0.3979400086720376, -0.3979400086720376, -0.3979400086720376, -0.3979400086720376, -0.3979400086720376, -0.3979400086720376, -0.3979400086720376, -0.3979400086720376, -0.3979400086720376, -0.3979400086720376, -0.3979400086720376, -0.3979400086720376, -0.3979400086720376, -0.3979400086720376, -0.3979400086720376, -0.3979400086720376, -0.3979400086720376, -0.3979400086720376, -0.3979400086720376, -0.3979400086720376, -0.3979400086720376, -0.3979400086720376, -0.3979400086720376, -0.3979400086720376, -0.3979400086720376, -0.3979400086720376, -0.3979400086720376, -0.3979400086720376, -0.3979400086720376, -0.3979400086720376, -0.3979400086720376, -0.3979400086720376, -0.3979400086720376, -0.3979400086720376, -0.3979400086720376, -0.3979400086720376, -0.3979400086720376, -0.3979400086720376, -0.3979400086720376, -0.3979400086720376, -0.3979400086720376, -0.3979400086720376, -0.3979400086720376, -0.3979400086720376, -0.3979400086720376, -0.3979400086720376, -0.3979400086720376, -0.3979400086720376, -0.3979400086720376, -0.3979400086720376, -0.3979400086720376, -0.3979400086720376, -0.3979400086720376, -0.3979400086720376, -0.3979400086720376, -0.3979400086720376, -0.3979400086720376, -0.3979400086720376, -0.3979400086720376, -0.3979400086720376, -0.3979400086720376, -0.3979400086720376, -0.3979400086720376, -0.3979400086720376, -0.3979400086720376, -0.3979400086720376, -0.3979400086720376, -0.3979400086720376, -0.3979400086720376, -0.3979400086720376, -0.3979400086720376, -0.3979400086720376, -0.3979400086720376, -0.3979400086720376, -0.3979400086720376, -0.3979400086720376, -0.3979400086720376, -0.3979400086720376, -0.3979400086720376, -0.3979400086720376, -0.3979400086720376, -0.3979400086720376, -0.3979400086720376, -0.3979400086720376, -0.3979400086720376, -0.3979400086720376, -0.3979400086720376, -0.3979400086720376, -0.3979400086720376, -0.3979400086720376, -0.3979400086720376, -0.3979400086720376, -0.3979400086720376, -0.3979400086720376, -0.3979400086720376, -0.3010299956639812, -0.3010299956639812, -0.3010299956639812, -0.3010299956639812, -0.3010299956639812, -0.3010299956639812, -0.3010299956639812, -0.3010299956639812, -0.3010299956639812, -0.3010299956639812, -0.3010299956639812, -0.3010299956639812, -0.3010299956639812, -0.3010299956639812, -0.3010299956639812, -0.3010299956639812, -0.3010299956639812, -0.3010299956639812, -0.3010299956639812, -0.3010299956639812, -0.3010299956639812, -0.3010299956639812, -0.3010299956639812, -0.3010299956639812, -0.3010299956639812, -0.3010299956639812, -0.3010299956639812, -0.3010299956639812, -0.3010299956639812, -0.3010299956639812, -0.3010299956639812, -0.3010299956639812, -0.3010299956639812, -0.3010299956639812, -0.3010299956639812, -0.3010299956639812, -0.3010299956639812, -0.3010299956639812, -0.3010299956639812, -0.3010299956639812, -0.3010299956639812, -0.3010299956639812, -0.3010299956639812, -0.3010299956639812, -0.3010299956639812, -0.3010299956639812, -0.3010299956639812, -0.3010299956639812, -0.3010299956639812, -0.3010299956639812, -0.3010299956639812, -0.3010299956639812, -0.3010299956639812, -0.3010299956639812, -0.3010299956639812, -0.3010299956639812, -0.3010299956639812, -0.3010299956639812, -0.3010299956639812, -0.3010299956639812, -0.3010299956639812, -0.3010299956639812, -0.3010299956639812, -0.3010299956639812, -0.3010299956639812, -0.3010299956639812, -0.3010299956639812, -0.3010299956639812, -0.3010299956639812, -0.3010299956639812, -0.3010299956639812, -0.3010299956639812, -0.3010299956639812, -0.3010299956639812, -0.3010299956639812, -0.3010299956639812, -0.3010299956639812, -0.3010299956639812, -0.3010299956639812, -0.3010299956639812, -0.3010299956639812, -0.3010299956639812, -0.3010299956639812, -0.3010299956639812, -0.3010299956639812, -0.3010299956639812, -0.3010299956639812, -0.3010299956639812, -0.3010299956639812, -0.3010299956639812, -0.3010299956639812, -0.3010299956639812, -0.3010299956639812, -0.3010299956639812, -0.3010299956639812, -0.3010299956639812, -0.3010299956639812, -0.3010299956639812, -0.3010299956639812, -0.3010299956639812, -0.3010299956639812, -0.3010299956639812, -0.3010299956639812, -0.3010299956639812, -0.3010299956639812, -0.3010299956639812, -0.3010299956639812, -0.3010299956639812, -0.3010299956639812, -0.3010299956639812, -0.3010299956639812, -0.3010299956639812, -0.3010299956639812, -0.3010299956639812, -0.3010299956639812, -0.3010299956639812, -0.3010299956639812, -0.3010299956639812, -0.3010299956639812, -0.3010299956639812, -0.3010299956639812, -0.3010299956639812, -0.3010299956639812, -0.3010299956639812, -0.3010299956639812, -0.3010299956639812, -0.3010299956639812, -0.3010299956639812, -0.3010299956639812, -0.3010299956639812, -0.3010299956639812, -0.3010299956639812, -0.3010299956639812, -0.3010299956639812, -0.3010299956639812, -0.3010299956639812, -0.3010299956639812, -0.3010299956639812, -0.3010299956639812, -0.3010299956639812, -0.3010299956639812, -0.3010299956639812, -0.3010299956639812, -0.3010299956639812, -0.3010299956639812, -0.3010299956639812, -0.3010299956639812, -0.3010299956639812, -0.3010299956639812, -0.3010299956639812, -0.3010299956639812, -0.3010299956639812, -0.3010299956639812, -0.3010299956639812, -0.3010299956639812, -0.3010299956639812, -0.3010299956639812, -0.3010299956639812, -0.3010299956639812, -0.3010299956639812, -0.3010299956639812, -0.3010299956639812, -0.3010299956639812, -0.3010299956639812, -0.3010299956639812, -0.3010299956639812, -0.3010299956639812, -0.3010299956639812, -0.3010299956639812, -0.3010299956639812, -0.3010299956639812, -0.3010299956639812, -0.3010299956639812, -0.3010299956639812, -0.3010299956639812, -0.3010299956639812, -0.3010299956639812, -0.3010299956639812, -0.3010299956639812, -0.3010299956639812, -0.3010299956639812, -0.3010299956639812, -0.3010299956639812, -0.3010299956639812, -0.3010299956639812, -0.3010299956639812, -0.3010299956639812, -0.3010299956639812, -0.3010299956639812, -0.3010299956639812, -0.3010299956639812, -0.3010299956639812, -0.3010299956639812, -0.3010299956639812, -0.3010299956639812, -0.3010299956639812, -0.3010299956639812, -0.3010299956639812, -0.3010299956639812, -0.3010299956639812, -0.3010299956639812, -0.3010299956639812, -0.3010299956639812, -0.3010299956639812, -0.3010299956639812, -0.3010299956639812, -0.3010299956639812, -0.3010299956639812, -0.3010299956639812, -0.3010299956639812, -0.3010299956639812, -0.3010299956639812, -0.3010299956639812, -0.3010299956639812, -0.3010299956639812, -0.3010299956639812, -0.3010299956639812, -0.3010299956639812, -0.3010299956639812, -0.3010299956639812, -0.3010299956639812, -0.3010299956639812, -0.3010299956639812, -0.3010299956639812, -0.3010299956639812, -0.3010299956639812, -0.3010299956639812, -0.22184874961635637, -0.22184874961635637, -0.22184874961635637, -0.22184874961635637, -0.22184874961635637, -0.22184874961635637, -0.22184874961635637, -0.22184874961635637, -0.22184874961635637, -0.22184874961635637, -0.22184874961635637, -0.22184874961635637, -0.22184874961635637, -0.22184874961635637, -0.22184874961635637, -0.22184874961635637, -0.22184874961635637, -0.22184874961635637, -0.22184874961635637, -0.22184874961635637, -0.22184874961635637, -0.22184874961635637, -0.22184874961635637, -0.22184874961635637, -0.22184874961635637, -0.22184874961635637, -0.22184874961635637, -0.22184874961635637, -0.22184874961635637, -0.22184874961635637, -0.22184874961635637, -0.22184874961635637, -0.22184874961635637, -0.22184874961635637, -0.22184874961635637, -0.22184874961635637, -0.22184874961635637, -0.22184874961635637, -0.22184874961635637, -0.22184874961635637, -0.22184874961635637, -0.22184874961635637, -0.22184874961635637, -0.22184874961635637, -0.22184874961635637, -0.22184874961635637, -0.22184874961635637, -0.22184874961635637, -0.22184874961635637, -0.22184874961635637, -0.22184874961635637, -0.22184874961635637, -0.22184874961635637, -0.22184874961635637, -0.22184874961635637, -0.22184874961635637, -0.22184874961635637, -0.22184874961635637, -0.22184874961635637, -0.22184874961635637, -0.22184874961635637, -0.22184874961635637, -0.22184874961635637, -0.22184874961635637, -0.22184874961635637, -0.22184874961635637, -0.22184874961635637, -0.22184874961635637, -0.22184874961635637, -0.22184874961635637, -0.22184874961635637, -0.22184874961635637, -0.22184874961635637, -0.22184874961635637, -0.22184874961635637, -0.22184874961635637, -0.22184874961635637, -0.22184874961635637, -0.22184874961635637, -0.22184874961635637, -0.22184874961635637, -0.22184874961635637, -0.22184874961635637, -0.22184874961635637, -0.22184874961635637, -0.22184874961635637, -0.22184874961635637, -0.22184874961635637, -0.22184874961635637, -0.22184874961635637, -0.22184874961635637, -0.22184874961635637, -0.22184874961635637, -0.22184874961635637, -0.22184874961635637, -0.22184874961635637, -0.22184874961635637, -0.22184874961635637, -0.22184874961635637, -0.22184874961635637, -0.22184874961635637, -0.22184874961635637, -0.22184874961635637, -0.22184874961635637, -0.22184874961635637, -0.22184874961635637, -0.22184874961635637, -0.22184874961635637, -0.22184874961635637, -0.22184874961635637, -0.22184874961635637, -0.22184874961635637, -0.22184874961635637, -0.22184874961635637, -0.22184874961635637, -0.22184874961635637, -0.22184874961635637, -0.22184874961635637, -0.22184874961635637, -0.22184874961635637, -0.22184874961635637, -0.22184874961635637, -0.22184874961635637, -0.22184874961635637, -0.22184874961635637, -0.22184874961635637, -0.22184874961635637, -0.22184874961635637, -0.22184874961635637, -0.22184874961635637, -0.22184874961635637, -0.22184874961635637, -0.22184874961635637, -0.22184874961635637, -0.22184874961635637, -0.22184874961635637, -0.22184874961635637, -0.22184874961635637, -0.22184874961635637, -0.22184874961635637, -0.22184874961635637, -0.22184874961635637, -0.22184874961635637, -0.22184874961635637, -0.22184874961635637, -0.22184874961635637, -0.22184874961635637, -0.22184874961635637, -0.22184874961635637, -0.22184874961635637, -0.22184874961635637, -0.22184874961635637, -0.22184874961635637, -0.22184874961635637, -0.22184874961635637, -0.22184874961635637, -0.22184874961635637, -0.22184874961635637, -0.22184874961635637, -0.22184874961635637, -0.22184874961635637, -0.22184874961635637, -0.22184874961635637, -0.22184874961635637, -0.22184874961635637, -0.22184874961635637, -0.22184874961635637, -0.22184874961635637, -0.22184874961635637, -0.22184874961635637, -0.22184874961635637, -0.22184874961635637, -0.22184874961635637, -0.22184874961635637, -0.22184874961635637, -0.22184874961635637, -0.22184874961635637, -0.22184874961635637, -0.22184874961635637, -0.22184874961635637, -0.22184874961635637, -0.22184874961635637, -0.22184874961635637, -0.1549019599857432, -0.1549019599857432, -0.1549019599857432, -0.1549019599857432, -0.1549019599857432, -0.1549019599857432, -0.1549019599857432, -0.1549019599857432, -0.1549019599857432, -0.1549019599857432, -0.1549019599857432, -0.1549019599857432, -0.1549019599857432, -0.1549019599857432, -0.1549019599857432, -0.1549019599857432, -0.1549019599857432, -0.1549019599857432, -0.1549019599857432, -0.1549019599857432, -0.1549019599857432, -0.1549019599857432, -0.1549019599857432, -0.1549019599857432, -0.1549019599857432, -0.1549019599857432, -0.1549019599857432, -0.1549019599857432, -0.1549019599857432, -0.1549019599857432, -0.1549019599857432, -0.1549019599857432, -0.1549019599857432, -0.1549019599857432, -0.1549019599857432, -0.1549019599857432, -0.1549019599857432, -0.1549019599857432, -0.1549019599857432, -0.1549019599857432, -0.1549019599857432, -0.1549019599857432, -0.1549019599857432, -0.1549019599857432, -0.1549019599857432, -0.1549019599857432, -0.1549019599857432, -0.1549019599857432, -0.1549019599857432, -0.1549019599857432, -0.1549019599857432, -0.1549019599857432, -0.1549019599857432, -0.1549019599857432, -0.1549019599857432, -0.1549019599857432, -0.1549019599857432, -0.1549019599857432, -0.1549019599857432, -0.1549019599857432, -0.1549019599857432, -0.1549019599857432, -0.1549019599857432, -0.1549019599857432, -0.1549019599857432, -0.1549019599857432, -0.1549019599857432, -0.1549019599857432, -0.1549019599857432, -0.1549019599857432, -0.1549019599857432, -0.1549019599857432, -0.1549019599857432, -0.1549019599857432, -0.1549019599857432, -0.1549019599857432, -0.1549019599857432, -0.1549019599857432, -0.1549019599857432, -0.1549019599857432, -0.1549019599857432, -0.1549019599857432, -0.1549019599857432, -0.1549019599857432, -0.1549019599857432, -0.1549019599857432, -0.1549019599857432, -0.1549019599857432, -0.1549019599857432, -0.1549019599857432, -0.1549019599857432, -0.1549019599857432, -0.1549019599857432, -0.1549019599857432, -0.1549019599857432, -0.1549019599857432, -0.1549019599857432, -0.1549019599857432, -0.1549019599857432, -0.1549019599857432, -0.1549019599857432, -0.1549019599857432, -0.1549019599857432, -0.1549019599857432, -0.1549019599857432, -0.1549019599857432, -0.1549019599857432, -0.1549019599857432, -0.1549019599857432, -0.1549019599857432, -0.1549019599857432, -0.1549019599857432, -0.1549019599857432, -0.1549019599857432, -0.1549019599857432, -0.1549019599857432, -0.1549019599857432, -0.1549019599857432, -0.1549019599857432, -0.1549019599857432, -0.1549019599857432, -0.1549019599857432, -0.1549019599857432, -0.1549019599857432, -0.1549019599857432, -0.1549019599857432, -0.1549019599857432, -0.1549019599857432, -0.1549019599857432, -0.1549019599857432, -0.1549019599857432, -0.1549019599857432, -0.1549019599857432, -0.1549019599857432, -0.1549019599857432, -0.1549019599857432, -0.1549019599857432, -0.1549019599857432, -0.1549019599857432, -0.1549019599857432, -0.09691001300805639, -0.09691001300805639, -0.09691001300805639, -0.09691001300805639, -0.09691001300805639, -0.09691001300805639, -0.09691001300805639, -0.09691001300805639, -0.09691001300805639, -0.09691001300805639, -0.09691001300805639, -0.09691001300805639, -0.09691001300805639, -0.09691001300805639, -0.09691001300805639, -0.09691001300805639, -0.09691001300805639, -0.09691001300805639, -0.09691001300805639, -0.09691001300805639, -0.09691001300805639, -0.09691001300805639, -0.09691001300805639, -0.09691001300805639, -0.09691001300805639, -0.09691001300805639, -0.09691001300805639, -0.09691001300805639, -0.045757490560675115, -0.045757490560675115, -0.045757490560675115, -0.045757490560675115, -0.045757490560675115, -0.045757490560675115, -0.045757490560675115, -0.045757490560675115, -0.045757490560675115]
"Number of good channels:"
2
"R=0.001953125"
"Frozen channels:"
1022
