"MONTE _CARLO CHANNEL REPORT"
"---------------------------"
"N=1024"
"p=0.2"
"Capacity for 1024channels:284"
"No of good channels needed :5(valid if used)"
"tolerable error exponent:-5"
"Z Construct--------------------------------------------------------"
"Good Channels:"
[1023, 511, 767, 895, 959, 991, 1007, 1015, 255, 383, 1019, 639, 447, 703, 831, 479, 735, 863, 927, 495, 751, 879, 943, 503, 759, 975, 1021, 887, 951, 983, 507, 127, 763, 191, 319, 891, 223, 575, 351, 607, 415, 955, 239, 671, 367, 999, 1022, 623, 799, 431, 687, 987, 815, 247, 463, 509, 375, 719, 765, 631, 439, 847, 893, 695, 823, 471, 1003, 911, 957, 727, 251, 379]
"Corresponding Error Exponents:"
[-99.23585332024972, -49.31689666446088, -49.015866668796896, -48.413806677469275, -47.20968778525744, -44.80419994317062, -40.18194503102849, -32.78724008132466, -24.206903338734467, -23.905873343070656, -23.82511167731039, -23.60484334740702, -23.303813896964737, -23.00278390130144, -22.400725000417054, -22.10106997592133, -21.800039980260085, -21.197982168091734, -19.996612674288613, -19.789942519850264, -19.488912524225395, -18.886860775609847, -17.688088141406855, -16.09259004499835, -15.791560052094782, -15.47005505331018, -15.431966117349198, -15.189569307715443, -14.000925874333237, -11.913450558282921, -11.61152584299148, -11.501391678039871, -11.310496327620514, -11.200361954987425, -10.899332504545914, -10.70934952639024, -10.598989994468795, -10.598303599324481, -10.297961088387353, -9.996933271878886, -9.697276341502125, -9.56111213527992, -9.443426266487828, -9.39625069724864, -9.142400392219164, -9.079855180548577, -9.077128683740973, -8.841378639208932, -8.796937931195508, -8.54301407535041, -8.242000514249684, -7.751718724161312, -7.64527554516542, -7.594750033143825, -7.433997534988041, -7.414953067186722, -7.293754663714129, -7.133026458385236, -7.113983296649893, -6.992793910858478, -6.699432963194228, -6.541054251622715, -6.522121963633056, -6.3985402194821095, -5.811853818442258, -5.655695523376877, -5.593916313424925, -5.519520520013269, -5.501565511157318, -5.355121887718404, -5.354218648439425, -5.053645727108585]
"Number of good channels:"
72
"R=0.0703125"
"Frozen channels:"
952
"Monte Carlo--------------------------------------------------------"
"sim ran :10"
"Good Channels:"
[]
"Corresponding Error Exponents:"
[]
[-1.0, -1.0, -1.0, -1.0, -1.0, -1.0, -1.0, -1.0, -1.0, -1.0, -1.0, -1.0, -1.0, -1.0, -1.0, -1.0, -1.0, -1.0, -1.0, -1.0, -0.6989700043360187, -0.6989700043360187, -0.6989700043360187, -0.6989700043360187, -0.6989700043360187, -0.6989700043360187, -0.6989700043360187, -0.6989700043360187, -0.6989700043360187, -0.6989700043360187, -0.6989700043360187, -0.6989700043360187, -0.6989700043360187, -0.6989700043360187, -0.6989700043360187, -0.6989700043360187, -0.6989700043360187, -0.6989700043360187, -0.6989700043360187, -0.6989700043360187, -0.6989700043360187, -0.6989700043360187, -0.6989700043360187, -0.6989700043360187, -0.6989700043360187, -0.6989700043360187, -0.6989700043360187, -0.6989700043360187, -0.6989700043360187, -0.6989700043360187, -0.6989700043360187, -0.6989700043360187, -0.6989700043360187, -0.6989700043360187, -0.6989700043360187, -0.6989700043360187, -0.6989700043360187, -0.6989700043360187, -0.6989700043360187, -0.6989700043360187, -0.6989700043360187, -0.6989700043360187, -0.6989700043360187, -0.6989700043360187, -0.5228787452803376, -0.5228787452803376, -0.5228787452803376, -0.5228787452803376, -0.5228787452803376, -0.5228787452803376, -0.5228787452803376, -0.5228787452803376, -0.5228787452803376, -0.5228787452803376, -0.5228787452803376, -0.5228787452803376, -0.5228787452803376, -0.5228787452803376, -0.5228787452803376, -0.5228787452803376, -0.5228787452803376, -0.5228787452803376, -0.5228787452803376, -0.5228787452803376, -0.5228787452803376, -0.5228787452803376, -0.5228787452803376, -0.5228787452803376, -0.5228787452803376, -0.5228787452803376, -0.5228787452803376, -0.5228787452803376, -0.5228787452803376, -0.5228787452803376, -0.5228787452803376, -0.5228787452803376, -0.5228787452803376, -0.5228787452803376, -0.5228787452803376, -0.5228787452803376, -0.5228787452803376, -0.5228787452803376, -0.5228787452803376, -0.5228787452803376, -0.5228787452803376, -0.5228787452803376, -0.5228787452803376, -0.5228787452803376, -0.5228787452803376, -0.5228787452803376, -0.5228787452803376, -0.5228787452803376, -0.5228787452803376, -0.5228787452803376, -0.5228787452803376, -0.5228787452803376, -0.5228787452803376, -0.5228787452803376, -0.5228787452803376, -0.5228787452803376, -0.5228787452803376, -0.5228787452803376, -0.5228787452803376, -0.5228787452803376, -0.5228787452803376, -0.5228787452803376, -0.5228787452803376, -0.5228787452803376, -0.5228787452803376, -0.5228787452803376, -0.5228787452803376, -0.5228787452803376, -0.5228787452803376, -0.5228787452803376, -0.5228787452803376, -0.5228787452803376, -0.5228787452803376, -0.5228787452803376, -0.5228787452803376, -0.5228787452803376, -0.5228787452803376, -0.5228787452803376, -0.5228787452803376, -0.5228787452803376, -0.5228787452803376, -0.5228787452803376, -0.5228787452803376, -0.5228787452803376, -0.5228787452803376, -0.5228787452803376, -0.5228787452803376, -0.5228787452803376, -0.5228787452803376, -0.5228787452803376, -0.5228787452803376, -0.5228787452803376, -0.5228787452803376, -0.5228787452803376, -0.5228787452803376, -0.5228787452803376, -0.5228787452803376, -0.5228787452803376, -0.5228787452803376, -0.5228787452803376, -0.5228787452803376, -0.5228787452803376, -0.5228787452803376, -0.5228787452803376, -0.5228787452803376, -0.5228787452803376, -0.5228787452803376, -0.5228787452803376, -0.5228787452803376, -0.5228787452803376, -0.5228787452803376, -0.5228787452803376, -0.3979400086720376, -0.3979400086720376, -0.3979400086720376, -0.3979400086720376, -0.3979400086720376, -0.3979400086720376, -0.3979400086720376, -0.3979400086720376, -0.3979400086720376, -0.3979400086720376, -0.3979400086720376, -0.3979400086720376, -0.3979400086720376, -0.3979400086720376, -0.3979400086720376, -0.3979400086720376, -0.3979400086720376, -0.3979400086720376, -0.3979400086720376, -0.3979400086720376, -0.3979400086720376, -0.3979400086720376, -0.3979400086720376, -0.3979400086720376, -0.3979400086720376, -0.3979400086720376, -0.3979400086720376, -0.3979400086720376, -0.3979400086720376, -0.3979400086720376, -0.3979400086720376, -0.3979400086720376, -0.3979400086720376, -0.3979400086720376, -0.3979400086720376, -0.3979400086720376, -0.3979400086720376, -0.3979400086720376, -0.3979400086720376, -0.3979400086720376, -0.3979400086720376, -0.3979400086720376, -0.3979400086720376, -0.3979400086720376, -0.3979400086720376, -0.3979400086720376, -0.3979400086720376, -0.3979400086720376, -0.3979400086720376, -0.3979400086720376, -0.3979400086720376, -0.3979400086720376, -0.3979400086720376, -0.3979400086720376, -0.3979400086720376, -0.3979400086720376, -0.3979400086720376, -0.3979400086720376, -0.3979400086720376, -0.3979400086720376, -0.3979400086720376, -0.3979400086720376, -0.3979400086720376, -0.3979400086720376, -0.3979400086720376, -0.3979400086720376, -0.3979400086720376, -0.3979400086720376, -0.3979400086720376, -0.3979400086720376, -0.3979400086720376, -0.3979400086720376, -0.3979400086720376, -0.3979400086720376, -0.3979400086720376, -0.3979400086720376, -0.3979400086720376, -0.3979400086720376, -0.3979400086720376, -0.3979400086720376, -0.3979400086720376, -0.3979400086720376, -0.3979400086720376, -0.3979400086720376, -0.3979400086720376, -0.3979400086720376, -0.3979400086720376, -0.3979400086720376, -0.3979400086720376, -0.3979400086720376, -0.3979400086720376, -0.3979400086720376, -0.3979400086720376, -0.3979400086720376, -0.3979400086720376, -0.3979400086720376, -0.3979400086720376, -0.3979400086720376, -0.3979400086720376, -0.3979400086720376, -0.3979400086720376, -0.3979400086720376, -0.3979400086720376, -0.3979400086720376, -0.3979400086720376, -0.3979400086720376, -0.3979400086720376, -0.3979400086720376, -0.3979400086720376, -0.3979400086720376, -0.3979400086720376, -0.3979400086720376, -0.3979400086720376, -0.3979400086720376, -0.3979400086720376, -0.3979400086720376, -0.3979400086720376, -0.3979400086720376, -0.3979400086720376, -0.3979400086720376, -0.3979400086720376, -0.3979400086720376, -0.3979400086720376, -0.3979400086720376, -0.3979400086720376, -0.3979400086720376, -0.3979400086720376, -0.3979400086720376, -0.3979400086720376, -0.3979400086720376, -0.3979400086720376, -0.3979400086720376, -0.3979400086720376, -0.3979400086720376, -0.3979400086720376, -0.3979400086720376, -0.3979400086720376, -0.3979400086720376, -0.3979400086720376, -0.3979400086720376, -0.3979400086720376, -0.3979400086720376, -0.3979400086720376, -0.3979400086720376, -0.3979400086720376, -0.3979400086720376, -0.3979400086720376, -0.3979400086720376, -0.3979400086720376, -0.3979400086720376, -0.3979400086720376, -0.3979400086720376, -0.3979400086720376, -0.3979400086720376, -0.3979400086720376, -0.3979400086720376, -0.3979400086720376, -0.3979400086720376, -0.3979400086720376, -0.3979400086720376, -0.3979400086720376, -0.3979400086720376, -0.3979400086720376, -0.3979400086720376, -0.3979400086720376, -0.3979400086720376, -0.3979400086720376, -0.3979400086720376, -0.3979400086720376, -0.3979400086720376, -0.3979400086720376, -0.3979400086720376, -0.3979400086720376, -0.3979400086720376, -0.3979400086720376, -0.3979400086720376, -0.3979400086720376, -0.3979400086720376, -0.3979400086720376, -0.3979400086720376, -0.3979400086720376, -0.3979400086720376, -0.3979400086720376, -0.3979400086720376, -0.3979400086720376, -0.3979400086720376, -0.3979400086720376, -0.3979400086720376, -0.3979400086720376, -0.3979400086720376, -0.3979400086720376, -0.3979400086720376, -0.3979400086720376, -0.3979400086720376, -0.3979400086720376, -0.3979400086720376, -0.3979400086720376, -0.3979400086720376, -0.3979400086720376, -0.3979400086720376, -0.3979400086720376, -0.3979400086720376, -0.3979400086720376, -0.3979400086720376, -0.3979400086720376, -0.3979400086720376, -0.3979400086720376, -0.3979400086720376, -0.3979400086720376, -0.3979400086720376, -0.3979400086720376, -0.3979400086720376, -0.3979400086720376, -0.3979400086720376, -0.3979400086720376, -0.3979400086720376, -0.3979400086720376, -0.3979400086720376, -0.3979400086720376, -0.3979400086720376, -0.3979400086720376, -0.3979400086720376, -0.3979400086720376, -0.3979400086720376, -0.3979400086720376, -0.3979400086720376, -0.3979400086720376, -0.3979400086720376, -0.3979400086720376, -0.3979400086720376, -0.3979400086720376, -0.3979400086720376, -0.3979400086720376, -0.3979400086720376, -0.3010299956639812, -0.3010299956639812, -0.3010299956639812, -0.3010299956639812, -0.3010299956639812, -0.3010299956639812, -0.3010299956639812, -0.3010299956639812, -0.3010299956639812, -0.3010299956639812, -0.3010299956639812, -0.3010299956639812, -0.3010299956639812, -0.3010299956639812, -0.3010299956639812, -0.3010299956639812, -0.3010299956639812, -0.3010299956639812, -0.3010299956639812, -0.3010299956639812, -0.3010299956639812, -0.3010299956639812, -0.3010299956639812, -0.3010299956639812, -0.3010299956639812, -0.3010299956639812, -0.3010299956639812, -0.3010299956639812, -0.3010299956639812, -0.3010299956639812, -0.3010299956639812, -0.3010299956639812, -0.3010299956639812, -0.3010299956639812, -0.3010299956639812, -0.3010299956639812, -0.3010299956639812, -0.3010299956639812, -0.3010299956639812, -0.3010299956639812, -0.3010299956639812, -0.3010299956639812, -0.3010299956639812, -0.3010299956639812, -0.3010299956639812, -0.3010299956639812, -0.3010299956639812, -0.3010299956639812, -0.3010299956639812, -0.3010299956639812, -0.3010299956639812, -0.3010299956639812, -0.3010299956639812, -0.3010299956639812, -0.3010299956639812, -0.3010299956639812, -0.3010299956639812, -0.3010299956639812, -0.3010299956639812, -0.3010299956639812, -0.3010299956639812, -0.3010299956639812, -0.3010299956639812, -0.3010299956639812, -0.3010299956639812, -0.3010299956639812, -0.3010299956639812, -0.3010299956639812, -0.3010299956639812, -0.3010299956639812, -0.3010299956639812, -0.3010299956639812, -0.3010299956639812, -0.3010299956639812, -0.3010299956639812, -0.3010299956639812, -0.3010299956639812, -0.3010299956639812, -0.3010299956639812, -0.3010299956639812, -0.3010299956639812, -0.3010299956639812, -0.3010299956639812, -0.3010299956639812, -0.3010299956639812, -0.3010299956639812, -0.3010299956639812, -0.3010299956639812, -0.3010299956639812, -0.3010299956639812, -0.3010299956639812, -0.3010299956639812, -0.3010299956639812, -0.3010299956639812, -0.3010299956639812, -0.3010299956639812, -0.3010299956639812, -0.3010299956639812, -0.3010299956639812, -0.3010299956639812, -0.3010299956639812, -0.3010299956639812, -0.3010299956639812, -0.3010299956639812, -0.3010299956639812, -0.3010299956639812, -0.3010299956639812, -0.3010299956639812, -0.3010299956639812, -0.3010299956639812, -0.3010299956639812, -0.3010299956639812, -0.3010299956639812, -0.3010299956639812, -0.3010299956639812, -0.3010299956639812, -0.3010299956639812, -0.3010299956639812, -0.3010299956639812, -0.3010299956639812, -0.3010299956639812, -0.3010299956639812, -0.3010299956639812, -0.3010299956639812, -0.3010299956639812, -0.3010299956639812, -0.3010299956639812, -0.3010299956639812, -0.3010299956639812, -0.3010299956639812, -0.3010299956639812, -0.3010299956639812, -0.3010299956639812, -0.3010299956639812, -0.3010299956639812, -0.3010299956639812, -0.3010299956639812, -0.3010299956639812, -0.3010299956639812, -0.3010299956639812, -0.3010299956639812, -0.3010299956639812, -0.3010299956639812, -0.3010299956639812, -0.3010299956639812, -0.3010299956639812, -0.3010299956639812, -0.3010299956639812, -0.3010299956639812, -0.3010299956639812, -0.3010299956639812, -0.3010299956639812, -0.3010299956639812, -0.3010299956639812, -0.3010299956639812, -0.3010299956639812, -0.3010299956639812, -0.3010299956639812, -0.3010299956639812, -0.3010299956639812, -0.3010299956639812, -0.3010299956639812, -0.3010299956639812, -0.3010299956639812, -0.3010299956639812, -0.3010299956639812, -0.3010299956639812, -0.3010299956639812, -0.3010299956639812, -0.3010299956639812, -0.3010299956639812, -0.3010299956639812, -0.3010299956639812, -0.3010299956639812, -0.3010299956639812, -0.3010299956639812, -0.3010299956639812, -0.3010299956639812, -0.3010299956639812, -0.3010299956639812, -0.3010299956639812, -0.3010299956639812, -0.3010299956639812, -0.3010299956639812, -0.3010299956639812, -0.3010299956639812, -0.3010299956639812, -0.3010299956639812, -0.3010299956639812, -0.3010299956639812, -0.3010299956639812, -0.3010299956639812, -0.3010299956639812, -0.3010299956639812, -0.3010299956639812, -0.3010299956639812, -0.3010299956639812, -0.3010299956639812, -0.3010299956639812, -0.3010299956639812, -0.3010299956639812, -0.3010299956639812, -0.3010299956639812, -0.3010299956639812, -0.3010299956639812, -0.3010299956639812, -0.3010299956639812, -0.3010299956639812, -0.3010299956639812, -0.3010299956639812, -0.3010299956639812, -0.3010299956639812, -0.3010299956639812, -0.3010299956639812, -0.3010299956639812, -0.3010299956639812, -0.3010299956639812, -0.3010299956639812, -0.3010299956639812, -0.3010299956639812, -0.3010299956639812, -0.3010299956639812, -0.3010299956639812, -0.3010299956639812, -0.3010299956639812, -0.3010299956639812, -0.3010299956639812, -0.3010299956639812, -0.3010299956639812, -0.3010299956639812, -0.3010299956639812, -0.3010299956639812, -0.3010299956639812, -0.3010299956639812, -0.3010299956639812, -0.3010299956639812, -0.3010299956639812, -0.3010299956639812, -0.22184874961635637, -0.22184874961635637, -0.22184874961635637, -0.22184874961635637, -0.22184874961635637, -0.22184874961635637, -0.22184874961635637, -0.22184874961635637, -0.22184874961635637, -0.22184874961635637, -0.22184874961635637, -0.22184874961635637, -0.22184874961635637, -0.22184874961635637, -0.22184874961635637, -0.22184874961635637, -0.22184874961635637, -0.22184874961635637, -0.22184874961635637, -0.22184874961635637, -0.22184874961635637, -0.22184874961635637, -0.22184874961635637, -0.22184874961635637, -0.22184874961635637, -0.22184874961635637, -0.22184874961635637, -0.22184874961635637, -0.22184874961635637, -0.22184874961635637, -0.22184874961635637, -0.22184874961635637, -0.22184874961635637, -0.22184874961635637, -0.22184874961635637, -0.22184874961635637, -0.22184874961635637, -0.22184874961635637, -0.22184874961635637, -0.22184874961635637, -0.22184874961635637, -0.22184874961635637, -0.22184874961635637, -0.22184874961635637, -0.22184874961635637, -0.22184874961635637, -0.22184874961635637, -0.22184874961635637, -0.22184874961635637, -0.22184874961635637, -0.22184874961635637, -0.22184874961635637, -0.22184874961635637, -0.22184874961635637, -0.22184874961635637, -0.22184874961635637, -0.22184874961635637, -0.22184874961635637, -0.22184874961635637, -0.22184874961635637, -0.22184874961635637, -0.22184874961635637, -0.22184874961635637, -0.22184874961635637, -0.22184874961635637, -0.22184874961635637, -0.22184874961635637, -0.22184874961635637, -0.22184874961635637, -0.22184874961635637, -0.22184874961635637, -0.22184874961635637, -0.22184874961635637, -0.22184874961635637, -0.22184874961635637, -0.22184874961635637, -0.22184874961635637, -0.22184874961635637, -0.22184874961635637, -0.22184874961635637, -0.22184874961635637, -0.22184874961635637, -0.22184874961635637, -0.22184874961635637, -0.22184874961635637, -0.22184874961635637, -0.22184874961635637, -0.22184874961635637, -0.22184874961635637, -0.22184874961635637, -0.22184874961635637, -0.22184874961635637, -0.22184874961635637, -0.22184874961635637, -0.22184874961635637, -0.22184874961635637, -0.22184874961635637, -0.22184874961635637, -0.22184874961635637, -0.22184874961635637, -0.22184874961635637, -0.22184874961635637, -0.22184874961635637, -0.22184874961635637, -0.22184874961635637, -0.22184874961635637, -0.22184874961635637, -0.22184874961635637, -0.22184874961635637, -0.22184874961635637, -0.22184874961635637, -0.22184874961635637, -0.22184874961635637, -0.22184874961635637, -0.22184874961635637, -0.22184874961635637, -0.22184874961635637, -0.22184874961635637, -0.22184874961635637, -0.22184874961635637, -0.22184874961635637, -0.22184874961635637, -0.22184874961635637, -0.22184874961635637, -0.22184874961635637, -0.22184874961635637, -0.22184874961635637, -0.22184874961635637, -0.22184874961635637, -0.22184874961635637, -0.22184874961635637, -0.22184874961635637, -0.22184874961635637, -0.22184874961635637, -0.22184874961635637, -0.22184874961635637, -0.22184874961635637, -0.22184874961635637, -0.22184874961635637, -0.22184874961635637, -0.22184874961635637, -0.22184874961635637, -0.22184874961635637, -0.22184874961635637, -0.22184874961635637, -0.22184874961635637, -0.22184874961635637, -0.22184874961635637, -0.22184874961635637, -0.22184874961635637, -0.22184874961635637, -0.22184874961635637, -0.22184874961635637, -0.22184874961635637, -0.22184874961635637, -0.22184874961635637, -0.22184874961635637, -0.22184874961635637, -0.22184874961635637, -0.22184874961635637, -0.22184874961635637, -0.22184874961635637, -0.22184874961635637, -0.22184874961635637, -0.22184874961635637, -0.22184874961635637, -0.22184874961635637, -0.22184874961635637, -0.22184874961635637, -0.22184874961635637, -0.22184874961635637, -0.22184874961635637, -0.22184874961635637, -0.22184874961635637, -0.22184874961635637, -0.22184874961635637, -0.22184874961635637, -0.22184874961635637, -0.22184874961635637, -0.22184874961635637, -0.22184874961635637, -0.22184874961635637, -0.22184874961635637, -0.22184874961635637, -0.22184874961635637, -0.22184874961635637, -0.22184874961635637, -0.22184874961635637, -0.22184874961635637, -0.22184874961635637, -0.22184874961635637, -0.22184874961635637, -0.22184874961635637, -0.22184874961635637, -0.22184874961635637, -0.22184874961635637, -0.22184874961635637, -0.22184874961635637, -0.22184874961635637, -0.22184874961635637, -0.22184874961635637, -0.22184874961635637, -0.22184874961635637, -0.22184874961635637, -0.22184874961635637, -0.22184874961635637, -0.22184874961635637, -0.22184874961635637, -0.22184874961635637, -0.22184874961635637, -0.22184874961635637, -0.22184874961635637, -0.22184874961635637, -0.22184874961635637, -0.22184874961635637, -0.22184874961635637, -0.22184874961635637, -0.22184874961635637, -0.22184874961635637, -0.22184874961635637, -0.22184874961635637, -0.22184874961635637, -0.22184874961635637, -0.22184874961635637, -0.1549019599857432, -0.1549019599857432, -0.1549019599857432, -0.1549019599857432, -0.1549019599857432, -0.1549019599857432, -0.1549019599857432, -0.1549019599857432, -0.1549019599857432, -0.1549019599857432, -0.1549019599857432, -0.1549019599857432, -0.1549019599857432, -0.1549019599857432, -0.1549019599857432, -0.1549019599857432, -0.1549019599857432, -0.1549019599857432, -0.1549019599857432, -0.1549019599857432, -0.1549019599857432, -0.1549019599857432, -0.1549019599857432, -0.1549019599857432, -0.1549019599857432, -0.1549019599857432, -0.1549019599857432, -0.1549019599857432, -0.1549019599857432, -0.1549019599857432, -0.1549019599857432, -0.1549019599857432, -0.1549019599857432, -0.1549019599857432, -0.1549019599857432, -0.1549019599857432, -0.1549019599857432, -0.1549019599857432, -0.1549019599857432, -0.1549019599857432, -0.1549019599857432, -0.1549019599857432, -0.1549019599857432, -0.1549019599857432, -0.1549019599857432, -0.1549019599857432, -0.1549019599857432, -0.1549019599857432, -0.1549019599857432, -0.1549019599857432, -0.1549019599857432, -0.1549019599857432, -0.1549019599857432, -0.1549019599857432, -0.1549019599857432, -0.1549019599857432, -0.1549019599857432, -0.1549019599857432, -0.1549019599857432, -0.1549019599857432, -0.1549019599857432, -0.1549019599857432, -0.1549019599857432, -0.1549019599857432, -0.1549019599857432, -0.1549019599857432, -0.1549019599857432, -0.1549019599857432, -0.1549019599857432, -0.1549019599857432, -0.1549019599857432, -0.1549019599857432, -0.1549019599857432, -0.1549019599857432, -0.1549019599857432, -0.1549019599857432, -0.1549019599857432, -0.1549019599857432, -0.1549019599857432, -0.1549019599857432, -0.1549019599857432, -0.1549019599857432, -0.1549019599857432, -0.1549019599857432, -0.1549019599857432, -0.1549019599857432, -0.1549019599857432, -0.1549019599857432, -0.1549019599857432, -0.1549019599857432, -0.1549019599857432, -0.1549019599857432, -0.1549019599857432, -0.1549019599857432, -0.09691001300805639, -0.09691001300805639, -0.09691001300805639, -0.09691001300805639, -0.09691001300805639, -0.09691001300805639, -0.09691001300805639, -0.09691001300805639, -0.09691001300805639, -0.09691001300805639, -0.09691001300805639, -0.09691001300805639, -0.09691001300805639, -0.09691001300805639, -0.09691001300805639, -0.09691001300805639, -0.09691001300805639, -0.09691001300805639, -0.09691001300805639, -0.09691001300805639, -0.09691001300805639, -0.09691001300805639, -0.09691001300805639, -0.09691001300805639, -0.09691001300805639, -0.09691001300805639, -0.09691001300805639, -0.09691001300805639, -0.09691001300805639, -0.09691001300805639, -0.09691001300805639, -0.09691001300805639, -0.09691001300805639, -0.09691001300805639, -0.09691001300805639, -0.09691001300805639, -0.09691001300805639, -0.09691001300805639, -0.09691001300805639, -0.09691001300805639, -0.09691001300805639, -0.09691001300805639, -0.09691001300805639, -0.09691001300805639, -0.09691001300805639, -0.09691001300805639, -0.045757490560675115, -0.045757490560675115, -0.045757490560675115, -0.045757490560675115, -0.045757490560675115, -0.045757490560675115, -0.045757490560675115, -0.045757490560675115, -0.045757490560675115, -0.045757490560675115, -0.045757490560675115, 0.0]
"Number of good channels:"
0
"R=0.0"
"Frozen channels:"
1024
