"MONTE _CARLO CHANNEL REPORT"
"---------------------------"
"N=256"
"p=0.05"
"Capacity for 256channels:182"
"No of good channels needed :5(valid if used)"
"tolerable error exponent:-5"
"Z Construct--------------------------------------------------------"
"Good Channels:"
[255, 127, 191, 223, 239, 247, 251, 253, 63, 95, 159, 111, 254, 175, 207, 119, 183, 215, 231, 123, 187, 219, 235, 125, 189, 243, 221, 237, 31, 245, 126, 47, 190, 79, 55, 143, 222, 87, 151, 103, 59, 167, 238, 91, 155, 199, 249, 107, 171, 61, 203, 246, 115, 93, 179, 157, 109, 211, 173, 205]
"Corresponding Error Exponents:"
[-92.31953907803789, -45.858739543354964, -45.55770954769098, -44.95564955636553, -43.751532524055435, -41.34781889950401, -36.77994969472139, -29.668340747391138, -22.47782477818151, -22.176794782518783, -21.875764786857307, -21.574736266363736, -21.293552324050243, -21.273706270704768, -20.671649229718877, -20.372879454088025, -20.071849458444035, -19.469795360112908, -18.270197298451354, -18.088944851696713, -17.787914856309936, -17.185876809085933, -15.990477545259134, -14.53314037803159, -14.232110398990214, -13.824287428308793, -13.6302203299995, -12.450313910588429, -10.636852397767179, -10.441243129809719, -10.345746166366037, -10.335823139693414, -10.044718233210403, -10.03479461920548, -9.734894733578027, -9.733767573876056, -9.444550079100434, -9.433867684432455, -9.132843581735324, -8.83406865372079, -8.592927432768189, -8.53305041331163, -8.320593218884353, -8.291908409433377, -7.990900357457565, -7.935503526390203, -7.823400544279493, -7.694208779160996, -7.393222450562574, -6.815025220453732, -6.799850425739276, -6.624696370930001, -6.611113745073821, -6.514080202574479, -6.310235690230739, -6.213220104318712, -5.924127088929906, -5.724347380083066, -5.623432152866201, -5.045334310650391]
"Number of good channels:"
60
"R=0.234375"
"Frozen channels:"
196
"Monte Carlo--------------------------------------------------------"
"sim ran :10"
"Good Channels:"
[255, 173, 189, 253, 155, 59, 123, 227, 191]
"Corresponding Error Exponents:"
[-Infinity, -Infinity, -Infinity, -Infinity, -Infinity, -Infinity, -Infinity, -Infinity, -Infinity]
[-Infinity, -Infinity, -Infinity, -Infinity, -Infinity, -Infinity, -Infinity, -Infinity, -Infinity, -1.0, -1.0, -1.0, -1.0, -1.0, -1.0, -1.0, -1.0, -1.0, -1.0, -1.0, -1.0, -1.0, -1.0, -1.0, -1.0, -1.0, -1.0, -1.0, -0.6989700043360187, -0.6989700043360187, -0.6989700043360187, -0.6989700043360187, -0.6989700043360187, -0.6989700043360187, -0.6989700043360187, -0.6989700043360187, -0.6989700043360187, -0.6989700043360187, -0.6989700043360187, -0.6989700043360187, -0.6989700043360187, -0.6989700043360187, -0.6989700043360187, -0.6989700043360187, -0.6989700043360187, -0.6989700043360187, -0.6989700043360187, -0.6989700043360187, -0.6989700043360187, -0.6989700043360187, -0.6989700043360187, -0.6989700043360187, -0.6989700043360187, -0.6989700043360187, -0.6989700043360187, -0.6989700043360187, -0.6989700043360187, -0.6989700043360187, -0.6989700043360187, -0.6989700043360187, -0.5228787452803376, -0.5228787452803376, -0.5228787452803376, -0.5228787452803376, -0.5228787452803376, -0.5228787452803376, -0.5228787452803376, -0.5228787452803376, -0.5228787452803376, -0.5228787452803376, -0.5228787452803376, -0.5228787452803376, -0.5228787452803376, -0.5228787452803376, -0.5228787452803376, -0.5228787452803376, -0.5228787452803376, -0.5228787452803376, -0.5228787452803376, -0.5228787452803376, -0.5228787452803376, -0.5228787452803376, -0.5228787452803376, -0.5228787452803376, -0.5228787452803376, -0.5228787452803376, -0.5228787452803376, -0.5228787452803376, -0.5228787452803376, -0.5228787452803376, -0.5228787452803376, -0.5228787452803376, -0.5228787452803376, -0.5228787452803376, -0.5228787452803376, -0.5228787452803376, -0.5228787452803376, -0.5228787452803376, -0.5228787452803376, -0.5228787452803376, -0.5228787452803376, -0.5228787452803376, -0.5228787452803376, -0.5228787452803376, -0.3979400086720376, -0.3979400086720376, -0.3979400086720376, -0.3979400086720376, -0.3979400086720376, -0.3979400086720376, -0.3979400086720376, -0.3979400086720376, -0.3979400086720376, -0.3979400086720376, -0.3979400086720376, -0.3979400086720376, -0.3979400086720376, -0.3979400086720376, -0.3979400086720376, -0.3979400086720376, -0.3979400086720376, -0.3979400086720376, -0.3979400086720376, -0.3979400086720376, -0.3979400086720376, -0.3979400086720376, -0.3979400086720376, -0.3979400086720376, -0.3979400086720376, -0.3979400086720376, -0.3979400086720376, -0.3979400086720376, -0.3979400086720376, -0.3979400086720376, -0.3979400086720376, -0.3979400086720376, -0.3979400086720376, -0.3979400086720376, -0.3979400086720376, -0.3979400086720376, -0.3979400086720376, -0.3979400086720376, -0.3979400086720376, -0.3979400086720376, -0.3979400086720376, -0.3979400086720376, -0.3979400086720376, -0.3979400086720376, -0.3010299956639812, -0.3010299956639812, -0.3010299956639812, -0.3010299956639812, -0.3010299956639812, -0.3010299956639812, -0.3010299956639812, -0.3010299956639812, -0.3010299956639812, -0.3010299956639812, -0.3010299956639812, -0.3010299956639812, -0.3010299956639812, -0.3010299956639812, -0.3010299956639812, -0.3010299956639812, -0.3010299956639812, -0.3010299956639812, -0.3010299956639812, -0.3010299956639812, -0.3010299956639812, -0.3010299956639812, -0.3010299956639812, -0.3010299956639812, -0.3010299956639812, -0.3010299956639812, -0.3010299956639812, -0.3010299956639812, -0.3010299956639812, -0.3010299956639812, -0.3010299956639812, -0.3010299956639812, -0.3010299956639812, -0.3010299956639812, -0.3010299956639812, -0.3010299956639812, -0.3010299956639812, -0.3010299956639812, -0.3010299956639812, -0.3010299956639812, -0.3010299956639812, -0.3010299956639812, -0.3010299956639812, -0.22184874961635637, -0.22184874961635637, -0.22184874961635637, -0.22184874961635637, -0.22184874961635637, -0.22184874961635637, -0.22184874961635637, -0.22184874961635637, -0.22184874961635637, -0.22184874961635637, -0.22184874961635637, -0.22184874961635637, -0.22184874961635637, -0.22184874961635637, -0.22184874961635637, -0.22184874961635637, -0.22184874961635637, -0.22184874961635637, -0.22184874961635637, -0.22184874961635637, -0.22184874961635637, -0.22184874961635637, -0.22184874961635637, -0.22184874961635637, -0.22184874961635637, -0.22184874961635637, -0.22184874961635637, -0.22184874961635637, -0.22184874961635637, -0.22184874961635637, -0.22184874961635637, -0.22184874961635637, -0.22184874961635637, -0.22184874961635637, -0.22184874961635637, -0.22184874961635637, -0.22184874961635637, -0.1549019599857432, -0.1549019599857432, -0.1549019599857432, -0.1549019599857432, -0.1549019599857432, -0.1549019599857432, -0.1549019599857432, -0.1549019599857432, -0.1549019599857432, -0.1549019599857432, -0.1549019599857432, -0.1549019599857432, -0.1549019599857432, -0.1549019599857432, -0.1549019599857432, -0.1549019599857432, -0.1549019599857432, -0.1549019599857432, -0.1549019599857432, -0.1549019599857432, -0.1549019599857432, -0.1549019599857432, -0.1549019599857432, -0.09691001300805639, -0.09691001300805639, -0.09691001300805639, -0.09691001300805639, -0.09691001300805639]
"Number of good channels:"
9
"R=0.03515625"
"Frozen channels:"
247
