"MONTE _CARLO CHANNEL REPORT"
"---------------------------"
"N=1024"
"p=0.05"
"Capacity for 1024channels:730"
"No of good channels needed :5(valid if used)"
"tolerable error exponent:-5"
"Z Construct--------------------------------------------------------"
"Good Channels:"
[1023, 511, 767, 895, 959, 991, 1007, 1015, 1019, 1021, 255, 383, 639, 447, 703, 831, 479, 735, 863, 927, 495, 751, 879, 1022, 943, 975, 503, 759, 887, 951, 983, 507, 999, 763, 891, 955, 987, 1003, 509, 765, 893, 957, 1011, 989, 1005, 127, 191, 319, 223, 575, 351, 607, 415, 239, 671, 367, 623, 799, 510, 431, 766, 687, 1013, 894, 815, 463, 247, 719, 375, 958, 631, 847, 439, 695, 823, 911, 471, 727, 990, 855, 919, 487, 251, 743, 379, 635, 871, 443, 699, 827, 935, 475, 731, 1006, 859, 923, 967, 491, 747, 1017, 875, 939, 253, 381, 637, 445, 701, 499, 829, 971, 755, 477, 733, 1014, 883, 861, 947, 925, 493, 749, 877, 979, 941, 63, 95, 159, 111, 287, 254, 175, 543, 501, 382, 303, 757, 973, 638, 207, 559, 446, 119, 335, 885, 702, 183, 591, 311, 399, 995, 830, 215, 567, 655, 1018, 478, 343, 949, 734, 599, 783, 407, 862, 231, 663, 123, 359, 187, 615, 791, 315, 423, 219, 571, 926, 679, 494, 347, 981, 750, 603, 807, 411, 455, 878, 235, 667, 505, 711, 363, 761, 619, 795, 839, 427, 889, 942, 683, 125, 189, 811, 903, 317, 459, 953, 243, 221, 573, 715, 502, 371, 997, 349, 758, 627, 605, 843, 435, 974, 413, 886, 691, 1020, 237, 669, 365, 819, 621, 907, 797, 985, 467, 429, 950, 723, 685, 851, 813, 31, 245, 461, 126, 47, 373, 717, 190, 79, 629, 483, 318, 55, 143, 915, 506, 982, 437, 739, 845, 222, 574, 87, 271, 762, 693, 350, 151, 527, 1001, 867, 606, 103, 279, 890, 821, 59, 414, 167, 535, 469, 909, 238, 91, 670, 295, 725, 366, 155, 199, 551, 249, 931, 622, 107, 954, 283, 798, 327, 853, 377, 430, 171, 539, 583, 633, 998, 686, 299, 391, 441, 61, 203, 555, 485, 647, 697, 246, 115, 814, 93, 331, 917, 741, 462, 374, 179, 1009, 508, 963, 157, 587, 775, 986, 718, 825, 630, 307, 764, 109, 395, 285, 473, 869, 438, 211, 563, 173, 651, 541, 729]
"Corresponding Error Exponents:"
[-Infinity, -184.3380481604118, -184.03701816474782, -183.43495817341986, -182.23083819076393, -179.82259822546212, -175.00613009622174, -165.39127559801605, -147.11979877888555, -118.67336298956455, -91.71747908670993, -91.41644909104595, -91.11541909538197, -90.81438909971799, -90.513359104054, -89.91129911272604, -89.61026911706708, -89.3092391214031, -88.70717913007513, -87.50305914742923, -87.20203505244689, -86.9010050567829, -86.29894506545494, -85.17420929620097, -85.09482508281907, -82.68659691887551, -82.39460780334404, -82.09357780768006, -81.4915178163521, -80.28739783377614, -77.87918144045163, -73.2588693937788, -73.08078919380542, -72.95783939811481, -72.35577940678685, -71.15165942523974, -68.74350723634373, -63.96191018103654, -59.035651499118295, -58.73462150345431, -58.13256151212636, -56.928441595960855, -55.29714971323517, -54.520881319998, -49.801255642353716, -45.256679552027, -44.95564955636302, -44.65461956069905, -44.353589565037566, -44.353589565035065, -44.052559569373585, -43.751529573709604, -43.45049957805063, -43.14947253272747, -43.14946958238665, -42.84844253706349, -42.54741254139951, -42.547409591068714, -42.286074652436504, -42.246382545745554, -41.98504465677252, -41.94535255008157, -41.764972519238874, -41.38298466546415, -41.343292558773655, -41.04226846377377, -40.74575890817605, -40.74123846810979, -40.44472891251207, -40.17887293284161, -40.14369891684809, -40.13917847682192, -39.84266892122409, -39.54163892556011, -38.93957893431211, -38.935070295504225, -38.638560724561835, -38.33753072889785, -37.77820031640174, -37.73547073772982, -36.5313743269413, -36.23936460123873, -36.177889703393426, -35.938334605574745, -35.876859707729444, -35.57582971206546, -35.33627461488316, -35.27479971695589, -34.97376972129191, -34.371709731072755, -34.13220165324652, -34.070723622507884, -33.76969362684391, -33.28237287553741, -33.16763363773351, -31.96360142983026, -31.742014105560813, -31.679925094854287, -31.378895099190306, -31.29360217711797, -30.776835116643984, -29.572889802250295, -29.066280756063176, -28.765250760399198, -28.464220764735217, -28.163190802316446, -27.86216080665247, -27.347544860953604, -27.260100881814928, -27.199401702957104, -27.04651486528963, -26.959410664335017, -26.658380668671047, -26.498785483720003, -26.444454980295284, -26.056320810297915, -25.240942760922955, -24.852880417274847, -24.599597825512877, -24.29856782984905, -23.696508355719622, -22.897389520332265, -22.493728611464803, -21.87576478685355, -21.57473479119082, -21.273704795529344, -20.972676275035774, -20.972674799870376, -20.69149233272228, -20.671646279376805, -20.671644804216417, -20.581456263955456, -20.390462337068094, -20.370616283722846, -20.2804262683072, -20.181337242601565, -20.089432341423702, -20.069589238390915, -20.069586288078906, -19.788406470756826, -19.770819462760063, -19.768559242746978, -19.678371503252198, -19.487376475132024, -19.469789467116073, -19.467529247123082, -19.168759471492073, -19.16650515208813, -19.000027177702496, -18.885324733808062, -18.867735368784945, -18.867729475908057, -18.86547515650432, -18.75884701850684, -18.588070162536887, -18.56670537320093, -18.478510125303398, -18.287040167028948, -18.265675377696873, -18.26342696645446, -17.964657167806667, -17.684996639771192, -17.66813730712339, -17.66362717246253, -17.48688486036875, -17.3671073117776, -17.185854864981973, -17.066077316749997, -17.061590752762083, -16.884824869872396, -16.765070830959278, -16.583816817757974, -16.583794875317224, -16.4884316577907, -16.46404083656802, -16.340156442104725, -16.282786823202773, -16.240248225035657, -16.03912644851657, -15.981756829756353, -15.862027865304803, -15.680770719251148, -15.569977057116425, -15.437126506798625, -15.388417553931172, -15.379740728022067, -15.345771092895006, -15.268947066490705, -15.08738756265801, -15.044741103753069, -14.786357575775666, -14.777768508120605, -14.666980626683085, -14.485414905461166, -14.442787551411431, -14.247420864563411, -14.184384927358694, -13.931080386703629, -13.630050407662255, -13.582499591121836, -13.480842893365073, -13.329020445243488, -13.298670855814576, -13.257845200557835, -13.22222743698084, -13.028160338671551, -13.027990516069927, -12.997640929005339, -12.948362746196032, -12.921197494483673, -12.888948478447931, -12.727130409484996, -12.647332853591523, -12.620167605153297, -12.426100546775832, -12.395926754301039, -12.31944138479755, -12.148966880360462, -12.125410212973524, -12.045695933243618, -12.018411601726376, -11.870185334161071, -11.848253919260697, -11.824380483115151, -11.547224182196139, -11.416959214237359, -11.246194703730463, -11.226299211631979, -11.222999882065762, -11.205839657366953, -11.147664764502924, -10.945834310069651, -10.879707505307145, -10.846635588127194, -10.64480534800424, -10.245768187818094, -10.04408481987732, -10.034792406454248, -9.83918313850534, -9.789638625654424, -9.743686175067461, -9.733763148395514, -9.538155755993564, -9.488612542442443, -9.44265824194121, -9.432734627937645, -9.237130986578961, -9.198983593255933, -9.141632371318408, -9.13283474237001, -9.13170758266835, -9.105439729327538, -9.078393513680082, -8.969252667620136, -8.938225067112887, -8.897961320406147, -8.889157633575115, -8.842490088006532, -8.840610625599657, -8.83180769334438, -8.83068348772359, -8.777372391013177, -8.637205498324054, -8.541468324533689, -8.530783590887129, -8.529665293217457, -8.47308110231472, -8.299560253693768, -8.240454792705862, -8.232008663347395, -8.229765381356735, -8.179234043349625, -8.039396291431425, -7.99086744310344, -7.943185834468849, -7.930990423892752, -7.928758956840512, -7.819094118500607, -7.778928814140342, -7.71853323067013, -7.689848421431758, -7.6421886232773995, -7.629983939533728, -7.518101942076888, -7.417533261886698, -7.388840372781954, -7.3334435426196345, -7.32900096202551, -7.221340562734598, -7.206454349687443, -7.116563312719211, -7.09214880100549, -7.08998459204376, -7.087854267265228, -7.047659043128986, -7.032460327753, -6.92412866366131, -6.920363793084226, -6.822680452949894, -6.791162485576876, -6.7869120363760675, -6.731523876052781, -6.619440226624701, -6.591656362934506, -6.52176955387422, -6.490219835012897, -6.439391490494533, -6.327892655645662, -6.212965328861404, -6.197790537693435, -6.189364468103049, -6.14344432159331, -6.138546646358019, -6.027073168843389, -6.022636534191259, -6.009053913246279, -5.934034565452173, -5.912020410678762, -5.896933519141227, -5.883886580781722, -5.842674630691764, -5.773453627440366, -5.721818176976438, -5.708176017792041, -5.696215033833374, -5.634062923568181, -5.630606490151353, -5.611160511699244, -5.596249236859883, -5.554330004277848, -5.527801347895594, -5.472822145203829, -5.444032880554859, -5.4212110977785395, -5.4074500363431435, -5.333500793387216, -5.3220678733997095, -5.312120139333899, -5.31047047656471, -5.301890374814202, -5.261751987296887, -5.138824545669826, -5.122288617688252, -5.107027325851702, -5.021373711937324, -5.011767847704698, -5.010119472782335, -5.001546108839675]
"Number of good channels:"
348
"R=0.33984375"
"Frozen channels:"
676
"Monte Carlo--------------------------------------------------------"
"sim ran :10"
"Good Channels:"
[1023, 924, 988, 511, 813, 413, 747, 731, 911, 495, 1007, 927, 735, 479, 947, 991, 767, 255, 959]
"Corresponding Error Exponents:"
[-Infinity, -Infinity, -Infinity, -Infinity, -Infinity, -Infinity, -Infinity, -Infinity, -Infinity, -Infinity, -Infinity, -Infinity, -Infinity, -Infinity, -Infinity, -Infinity, -Infinity, -Infinity, -Infinity]
[-Infinity, -Infinity, -Infinity, -Infinity, -Infinity, -Infinity, -Infinity, -Infinity, -Infinity, -Infinity, -Infinity, -Infinity, -Infinity, -Infinity, -Infinity, -Infinity, -Infinity, -Infinity, -Infinity, -1.0, -1.0, -1.0, -1.0, -1.0, -1.0, -1.0, -1.0, -1.0, -1.0, -1.0, -1.0, -1.0, -1.0, -1.0, -1.0, -1.0, -1.0, -1.0, -1.0, -1.0, -1.0, -1.0, -1.0, -1.0, -1.0, -1.0, -1.0, -1.0, -1.0, -1.0, -1.0, -1.0, -1.0, -1.0, -1.0, -1.0, -1.0, -1.0, -1.0, -1.0, -0.6989700043360187, -0.6989700043360187, -0.6989700043360187, -0.6989700043360187, -0.6989700043360187, -0.6989700043360187, -0.6989700043360187, -0.6989700043360187, -0.6989700043360187, -0.6989700043360187, -0.6989700043360187, -0.6989700043360187, -0.6989700043360187, -0.6989700043360187, -0.6989700043360187, -0.6989700043360187, -0.6989700043360187, -0.6989700043360187, -0.6989700043360187, -0.6989700043360187, -0.6989700043360187, -0.6989700043360187, -0.6989700043360187, -0.6989700043360187, -0.6989700043360187, -0.6989700043360187, -0.6989700043360187, -0.6989700043360187, -0.6989700043360187, -0.6989700043360187, -0.6989700043360187, -0.6989700043360187, -0.6989700043360187, -0.6989700043360187, -0.6989700043360187, -0.6989700043360187, -0.6989700043360187, -0.6989700043360187, -0.6989700043360187, -0.6989700043360187, -0.6989700043360187, -0.6989700043360187, -0.6989700043360187, -0.6989700043360187, -0.6989700043360187, -0.6989700043360187, -0.6989700043360187, -0.6989700043360187, -0.6989700043360187, -0.6989700043360187, -0.6989700043360187, -0.6989700043360187, -0.6989700043360187, -0.6989700043360187, -0.6989700043360187, -0.6989700043360187, -0.6989700043360187, -0.6989700043360187, -0.6989700043360187, -0.6989700043360187, -0.6989700043360187, -0.6989700043360187, -0.6989700043360187, -0.6989700043360187, -0.6989700043360187, -0.6989700043360187, -0.6989700043360187, -0.6989700043360187, -0.6989700043360187, -0.6989700043360187, -0.6989700043360187, -0.5228787452803376, -0.5228787452803376, -0.5228787452803376, -0.5228787452803376, -0.5228787452803376, -0.5228787452803376, -0.5228787452803376, -0.5228787452803376, -0.5228787452803376, -0.5228787452803376, -0.5228787452803376, -0.5228787452803376, -0.5228787452803376, -0.5228787452803376, -0.5228787452803376, -0.5228787452803376, -0.5228787452803376, -0.5228787452803376, -0.5228787452803376, -0.5228787452803376, -0.5228787452803376, -0.5228787452803376, -0.5228787452803376, -0.5228787452803376, -0.5228787452803376, -0.5228787452803376, -0.5228787452803376, -0.5228787452803376, -0.5228787452803376, -0.5228787452803376, -0.5228787452803376, -0.5228787452803376, -0.5228787452803376, -0.5228787452803376, -0.5228787452803376, -0.5228787452803376, -0.5228787452803376, -0.5228787452803376, -0.5228787452803376, -0.5228787452803376, -0.5228787452803376, -0.5228787452803376, -0.5228787452803376, -0.5228787452803376, -0.5228787452803376, -0.5228787452803376, -0.5228787452803376, -0.5228787452803376, -0.5228787452803376, -0.5228787452803376, -0.5228787452803376, -0.5228787452803376, -0.5228787452803376, -0.5228787452803376, -0.5228787452803376, -0.5228787452803376, -0.5228787452803376, -0.5228787452803376, -0.5228787452803376, -0.5228787452803376, -0.5228787452803376, -0.5228787452803376, -0.5228787452803376, -0.5228787452803376, -0.5228787452803376, -0.5228787452803376, -0.5228787452803376, -0.5228787452803376, -0.5228787452803376, -0.5228787452803376, -0.5228787452803376, -0.5228787452803376, -0.5228787452803376, -0.5228787452803376, -0.5228787452803376, -0.5228787452803376, -0.5228787452803376, -0.5228787452803376, -0.5228787452803376, -0.5228787452803376, -0.5228787452803376, -0.5228787452803376, -0.5228787452803376, -0.5228787452803376, -0.5228787452803376, -0.5228787452803376, -0.5228787452803376, -0.5228787452803376, -0.5228787452803376, -0.5228787452803376, -0.5228787452803376, -0.5228787452803376, -0.5228787452803376, -0.5228787452803376, -0.5228787452803376, -0.5228787452803376, -0.5228787452803376, -0.5228787452803376, -0.5228787452803376, -0.5228787452803376, -0.5228787452803376, -0.5228787452803376, -0.5228787452803376, -0.5228787452803376, -0.5228787452803376, -0.5228787452803376, -0.5228787452803376, -0.5228787452803376, -0.5228787452803376, -0.5228787452803376, -0.5228787452803376, -0.5228787452803376, -0.5228787452803376, -0.5228787452803376, -0.5228787452803376, -0.5228787452803376, -0.5228787452803376, -0.5228787452803376, -0.5228787452803376, -0.5228787452803376, -0.5228787452803376, -0.5228787452803376, -0.5228787452803376, -0.5228787452803376, -0.5228787452803376, -0.5228787452803376, -0.5228787452803376, -0.5228787452803376, -0.5228787452803376, -0.5228787452803376, -0.5228787452803376, -0.5228787452803376, -0.5228787452803376, -0.5228787452803376, -0.5228787452803376, -0.5228787452803376, -0.5228787452803376, -0.5228787452803376, -0.5228787452803376, -0.5228787452803376, -0.5228787452803376, -0.5228787452803376, -0.5228787452803376, -0.5228787452803376, -0.5228787452803376, -0.5228787452803376, -0.5228787452803376, -0.5228787452803376, -0.5228787452803376, -0.5228787452803376, -0.5228787452803376, -0.5228787452803376, -0.5228787452803376, -0.5228787452803376, -0.5228787452803376, -0.5228787452803376, -0.5228787452803376, -0.5228787452803376, -0.5228787452803376, -0.5228787452803376, -0.5228787452803376, -0.5228787452803376, -0.5228787452803376, -0.5228787452803376, -0.5228787452803376, -0.3979400086720376, -0.3979400086720376, -0.3979400086720376, -0.3979400086720376, -0.3979400086720376, -0.3979400086720376, -0.3979400086720376, -0.3979400086720376, -0.3979400086720376, -0.3979400086720376, -0.3979400086720376, -0.3979400086720376, -0.3979400086720376, -0.3979400086720376, -0.3979400086720376, -0.3979400086720376, -0.3979400086720376, -0.3979400086720376, -0.3979400086720376, -0.3979400086720376, -0.3979400086720376, -0.3979400086720376, -0.3979400086720376, -0.3979400086720376, -0.3979400086720376, -0.3979400086720376, -0.3979400086720376, -0.3979400086720376, -0.3979400086720376, -0.3979400086720376, -0.3979400086720376, -0.3979400086720376, -0.3979400086720376, -0.3979400086720376, -0.3979400086720376, -0.3979400086720376, -0.3979400086720376, -0.3979400086720376, -0.3979400086720376, -0.3979400086720376, -0.3979400086720376, -0.3979400086720376, -0.3979400086720376, -0.3979400086720376, -0.3979400086720376, -0.3979400086720376, -0.3979400086720376, -0.3979400086720376, -0.3979400086720376, -0.3979400086720376, -0.3979400086720376, -0.3979400086720376, -0.3979400086720376, -0.3979400086720376, -0.3979400086720376, -0.3979400086720376, -0.3979400086720376, -0.3979400086720376, -0.3979400086720376, -0.3979400086720376, -0.3979400086720376, -0.3979400086720376, -0.3979400086720376, -0.3979400086720376, -0.3979400086720376, -0.3979400086720376, -0.3979400086720376, -0.3979400086720376, -0.3979400086720376, -0.3979400086720376, -0.3979400086720376, -0.3979400086720376, -0.3979400086720376, -0.3979400086720376, -0.3979400086720376, -0.3979400086720376, -0.3979400086720376, -0.3979400086720376, -0.3979400086720376, -0.3979400086720376, -0.3979400086720376, -0.3979400086720376, -0.3979400086720376, -0.3979400086720376, -0.3979400086720376, -0.3979400086720376, -0.3979400086720376, -0.3979400086720376, -0.3979400086720376, -0.3979400086720376, -0.3979400086720376, -0.3979400086720376, -0.3979400086720376, -0.3979400086720376, -0.3979400086720376, -0.3979400086720376, -0.3979400086720376, -0.3979400086720376, -0.3979400086720376, -0.3979400086720376, -0.3979400086720376, -0.3979400086720376, -0.3979400086720376, -0.3979400086720376, -0.3979400086720376, -0.3979400086720376, -0.3979400086720376, -0.3979400086720376, -0.3979400086720376, -0.3979400086720376, -0.3979400086720376, -0.3979400086720376, -0.3979400086720376, -0.3979400086720376, -0.3979400086720376, -0.3979400086720376, -0.3979400086720376, -0.3979400086720376, -0.3979400086720376, -0.3979400086720376, -0.3979400086720376, -0.3979400086720376, -0.3979400086720376, -0.3979400086720376, -0.3979400086720376, -0.3979400086720376, -0.3979400086720376, -0.3979400086720376, -0.3979400086720376, -0.3979400086720376, -0.3979400086720376, -0.3979400086720376, -0.3979400086720376, -0.3979400086720376, -0.3979400086720376, -0.3979400086720376, -0.3979400086720376, -0.3979400086720376, -0.3979400086720376, -0.3979400086720376, -0.3979400086720376, -0.3979400086720376, -0.3979400086720376, -0.3979400086720376, -0.3979400086720376, -0.3979400086720376, -0.3979400086720376, -0.3979400086720376, -0.3979400086720376, -0.3979400086720376, -0.3979400086720376, -0.3979400086720376, -0.3979400086720376, -0.3979400086720376, -0.3979400086720376, -0.3979400086720376, -0.3979400086720376, -0.3979400086720376, -0.3979400086720376, -0.3979400086720376, -0.3979400086720376, -0.3979400086720376, -0.3979400086720376, -0.3979400086720376, -0.3979400086720376, -0.3979400086720376, -0.3979400086720376, -0.3979400086720376, -0.3979400086720376, -0.3979400086720376, -0.3979400086720376, -0.3979400086720376, -0.3979400086720376, -0.3979400086720376, -0.3979400086720376, -0.3979400086720376, -0.3979400086720376, -0.3979400086720376, -0.3979400086720376, -0.3979400086720376, -0.3979400086720376, -0.3979400086720376, -0.3979400086720376, -0.3979400086720376, -0.3979400086720376, -0.3979400086720376, -0.3979400086720376, -0.3979400086720376, -0.3979400086720376, -0.3979400086720376, -0.3979400086720376, -0.3979400086720376, -0.3979400086720376, -0.3979400086720376, -0.3979400086720376, -0.3979400086720376, -0.3979400086720376, -0.3979400086720376, -0.3979400086720376, -0.3979400086720376, -0.3979400086720376, -0.3979400086720376, -0.3979400086720376, -0.3979400086720376, -0.3979400086720376, -0.3979400086720376, -0.3979400086720376, -0.3979400086720376, -0.3979400086720376, -0.3979400086720376, -0.3979400086720376, -0.3979400086720376, -0.3979400086720376, -0.3979400086720376, -0.3979400086720376, -0.3979400086720376, -0.3979400086720376, -0.3979400086720376, -0.3010299956639812, -0.3010299956639812, -0.3010299956639812, -0.3010299956639812, -0.3010299956639812, -0.3010299956639812, -0.3010299956639812, -0.3010299956639812, -0.3010299956639812, -0.3010299956639812, -0.3010299956639812, -0.3010299956639812, -0.3010299956639812, -0.3010299956639812, -0.3010299956639812, -0.3010299956639812, -0.3010299956639812, -0.3010299956639812, -0.3010299956639812, -0.3010299956639812, -0.3010299956639812, -0.3010299956639812, -0.3010299956639812, -0.3010299956639812, -0.3010299956639812, -0.3010299956639812, -0.3010299956639812, -0.3010299956639812, -0.3010299956639812, -0.3010299956639812, -0.3010299956639812, -0.3010299956639812, -0.3010299956639812, -0.3010299956639812, -0.3010299956639812, -0.3010299956639812, -0.3010299956639812, -0.3010299956639812, -0.3010299956639812, -0.3010299956639812, -0.3010299956639812, -0.3010299956639812, -0.3010299956639812, -0.3010299956639812, -0.3010299956639812, -0.3010299956639812, -0.3010299956639812, -0.3010299956639812, -0.3010299956639812, -0.3010299956639812, -0.3010299956639812, -0.3010299956639812, -0.3010299956639812, -0.3010299956639812, -0.3010299956639812, -0.3010299956639812, -0.3010299956639812, -0.3010299956639812, -0.3010299956639812, -0.3010299956639812, -0.3010299956639812, -0.3010299956639812, -0.3010299956639812, -0.3010299956639812, -0.3010299956639812, -0.3010299956639812, -0.3010299956639812, -0.3010299956639812, -0.3010299956639812, -0.3010299956639812, -0.3010299956639812, -0.3010299956639812, -0.3010299956639812, -0.3010299956639812, -0.3010299956639812, -0.3010299956639812, -0.3010299956639812, -0.3010299956639812, -0.3010299956639812, -0.3010299956639812, -0.3010299956639812, -0.3010299956639812, -0.3010299956639812, -0.3010299956639812, -0.3010299956639812, -0.3010299956639812, -0.3010299956639812, -0.3010299956639812, -0.3010299956639812, -0.3010299956639812, -0.3010299956639812, -0.3010299956639812, -0.3010299956639812, -0.3010299956639812, -0.3010299956639812, -0.3010299956639812, -0.3010299956639812, -0.3010299956639812, -0.3010299956639812, -0.3010299956639812, -0.3010299956639812, -0.3010299956639812, -0.3010299956639812, -0.3010299956639812, -0.3010299956639812, -0.3010299956639812, -0.3010299956639812, -0.3010299956639812, -0.3010299956639812, -0.3010299956639812, -0.3010299956639812, -0.3010299956639812, -0.3010299956639812, -0.3010299956639812, -0.3010299956639812, -0.3010299956639812, -0.3010299956639812, -0.3010299956639812, -0.3010299956639812, -0.3010299956639812, -0.3010299956639812, -0.3010299956639812, -0.3010299956639812, -0.3010299956639812, -0.3010299956639812, -0.3010299956639812, -0.3010299956639812, -0.3010299956639812, -0.3010299956639812, -0.3010299956639812, -0.3010299956639812, -0.3010299956639812, -0.3010299956639812, -0.3010299956639812, -0.3010299956639812, -0.3010299956639812, -0.3010299956639812, -0.3010299956639812, -0.3010299956639812, -0.3010299956639812, -0.3010299956639812, -0.3010299956639812, -0.3010299956639812, -0.3010299956639812, -0.3010299956639812, -0.3010299956639812, -0.3010299956639812, -0.3010299956639812, -0.3010299956639812, -0.3010299956639812, -0.3010299956639812, -0.3010299956639812, -0.3010299956639812, -0.3010299956639812, -0.3010299956639812, -0.3010299956639812, -0.3010299956639812, -0.3010299956639812, -0.3010299956639812, -0.3010299956639812, -0.3010299956639812, -0.3010299956639812, -0.3010299956639812, -0.3010299956639812, -0.3010299956639812, -0.3010299956639812, -0.3010299956639812, -0.3010299956639812, -0.3010299956639812, -0.3010299956639812, -0.3010299956639812, -0.3010299956639812, -0.3010299956639812, -0.3010299956639812, -0.3010299956639812, -0.3010299956639812, -0.3010299956639812, -0.3010299956639812, -0.3010299956639812, -0.3010299956639812, -0.3010299956639812, -0.3010299956639812, -0.3010299956639812, -0.3010299956639812, -0.3010299956639812, -0.3010299956639812, -0.3010299956639812, -0.3010299956639812, -0.3010299956639812, -0.3010299956639812, -0.3010299956639812, -0.3010299956639812, -0.3010299956639812, -0.3010299956639812, -0.3010299956639812, -0.3010299956639812, -0.3010299956639812, -0.3010299956639812, -0.3010299956639812, -0.3010299956639812, -0.3010299956639812, -0.3010299956639812, -0.3010299956639812, -0.3010299956639812, -0.3010299956639812, -0.3010299956639812, -0.3010299956639812, -0.3010299956639812, -0.3010299956639812, -0.3010299956639812, -0.3010299956639812, -0.3010299956639812, -0.3010299956639812, -0.3010299956639812, -0.3010299956639812, -0.3010299956639812, -0.3010299956639812, -0.3010299956639812, -0.22184874961635637, -0.22184874961635637, -0.22184874961635637, -0.22184874961635637, -0.22184874961635637, -0.22184874961635637, -0.22184874961635637, -0.22184874961635637, -0.22184874961635637, -0.22184874961635637, -0.22184874961635637, -0.22184874961635637, -0.22184874961635637, -0.22184874961635637, -0.22184874961635637, -0.22184874961635637, -0.22184874961635637, -0.22184874961635637, -0.22184874961635637, -0.22184874961635637, -0.22184874961635637, -0.22184874961635637, -0.22184874961635637, -0.22184874961635637, -0.22184874961635637, -0.22184874961635637, -0.22184874961635637, -0.22184874961635637, -0.22184874961635637, -0.22184874961635637, -0.22184874961635637, -0.22184874961635637, -0.22184874961635637, -0.22184874961635637, -0.22184874961635637, -0.22184874961635637, -0.22184874961635637, -0.22184874961635637, -0.22184874961635637, -0.22184874961635637, -0.22184874961635637, -0.22184874961635637, -0.22184874961635637, -0.22184874961635637, -0.22184874961635637, -0.22184874961635637, -0.22184874961635637, -0.22184874961635637, -0.22184874961635637, -0.22184874961635637, -0.22184874961635637, -0.22184874961635637, -0.22184874961635637, -0.22184874961635637, -0.22184874961635637, -0.22184874961635637, -0.22184874961635637, -0.22184874961635637, -0.22184874961635637, -0.22184874961635637, -0.22184874961635637, -0.22184874961635637, -0.22184874961635637, -0.22184874961635637, -0.22184874961635637, -0.22184874961635637, -0.22184874961635637, -0.22184874961635637, -0.22184874961635637, -0.22184874961635637, -0.22184874961635637, -0.22184874961635637, -0.22184874961635637, -0.22184874961635637, -0.22184874961635637, -0.22184874961635637, -0.22184874961635637, -0.22184874961635637, -0.22184874961635637, -0.22184874961635637, -0.22184874961635637, -0.22184874961635637, -0.22184874961635637, -0.22184874961635637, -0.22184874961635637, -0.22184874961635637, -0.22184874961635637, -0.22184874961635637, -0.22184874961635637, -0.22184874961635637, -0.22184874961635637, -0.22184874961635637, -0.22184874961635637, -0.22184874961635637, -0.22184874961635637, -0.22184874961635637, -0.22184874961635637, -0.22184874961635637, -0.22184874961635637, -0.22184874961635637, -0.22184874961635637, -0.22184874961635637, -0.22184874961635637, -0.22184874961635637, -0.22184874961635637, -0.22184874961635637, -0.22184874961635637, -0.22184874961635637, -0.22184874961635637, -0.22184874961635637, -0.22184874961635637, -0.22184874961635637, -0.22184874961635637, -0.22184874961635637, -0.22184874961635637, -0.22184874961635637, -0.22184874961635637, -0.22184874961635637, -0.22184874961635637, -0.22184874961635637, -0.22184874961635637, -0.22184874961635637, -0.22184874961635637, -0.22184874961635637, -0.22184874961635637, -0.22184874961635637, -0.22184874961635637, -0.22184874961635637, -0.22184874961635637, -0.22184874961635637, -0.22184874961635637, -0.22184874961635637, -0.22184874961635637, -0.22184874961635637, -0.22184874961635637, -0.22184874961635637, -0.22184874961635637, -0.22184874961635637, -0.22184874961635637, -0.22184874961635637, -0.22184874961635637, -0.22184874961635637, -0.22184874961635637, -0.22184874961635637, -0.22184874961635637, -0.22184874961635637, -0.22184874961635637, -0.22184874961635637, -0.22184874961635637, -0.22184874961635637, -0.22184874961635637, -0.22184874961635637, -0.22184874961635637, -0.22184874961635637, -0.22184874961635637, -0.22184874961635637, -0.22184874961635637, -0.22184874961635637, -0.22184874961635637, -0.22184874961635637, -0.22184874961635637, -0.22184874961635637, -0.22184874961635637, -0.22184874961635637, -0.22184874961635637, -0.22184874961635637, -0.22184874961635637, -0.22184874961635637, -0.22184874961635637, -0.22184874961635637, -0.22184874961635637, -0.22184874961635637, -0.22184874961635637, -0.22184874961635637, -0.22184874961635637, -0.22184874961635637, -0.1549019599857432, -0.1549019599857432, -0.1549019599857432, -0.1549019599857432, -0.1549019599857432, -0.1549019599857432, -0.1549019599857432, -0.1549019599857432, -0.1549019599857432, -0.1549019599857432, -0.1549019599857432, -0.1549019599857432, -0.1549019599857432, -0.1549019599857432, -0.1549019599857432, -0.1549019599857432, -0.1549019599857432, -0.1549019599857432, -0.1549019599857432, -0.1549019599857432, -0.1549019599857432, -0.1549019599857432, -0.1549019599857432, -0.1549019599857432, -0.1549019599857432, -0.1549019599857432, -0.1549019599857432, -0.1549019599857432, -0.1549019599857432, -0.1549019599857432, -0.1549019599857432, -0.1549019599857432, -0.1549019599857432, -0.1549019599857432, -0.1549019599857432, -0.1549019599857432, -0.1549019599857432, -0.1549019599857432, -0.1549019599857432, -0.1549019599857432, -0.1549019599857432, -0.1549019599857432, -0.1549019599857432, -0.1549019599857432, -0.1549019599857432, -0.1549019599857432, -0.1549019599857432, -0.1549019599857432, -0.1549019599857432, -0.1549019599857432, -0.1549019599857432, -0.1549019599857432, -0.1549019599857432, -0.1549019599857432, -0.1549019599857432, -0.1549019599857432, -0.1549019599857432, -0.1549019599857432, -0.1549019599857432, -0.1549019599857432, -0.1549019599857432, -0.1549019599857432, -0.1549019599857432, -0.1549019599857432, -0.1549019599857432, -0.1549019599857432, -0.1549019599857432, -0.1549019599857432, -0.1549019599857432, -0.1549019599857432, -0.1549019599857432, -0.1549019599857432, -0.1549019599857432, -0.1549019599857432, -0.1549019599857432, -0.1549019599857432, -0.1549019599857432, -0.1549019599857432, -0.1549019599857432, -0.1549019599857432, -0.1549019599857432, -0.1549019599857432, -0.1549019599857432, -0.1549019599857432, -0.1549019599857432, -0.1549019599857432, -0.1549019599857432, -0.1549019599857432, -0.1549019599857432, -0.1549019599857432, -0.1549019599857432, -0.1549019599857432, -0.09691001300805639, -0.09691001300805639, -0.09691001300805639, -0.09691001300805639, -0.09691001300805639, -0.09691001300805639, -0.09691001300805639, -0.09691001300805639, -0.09691001300805639, -0.09691001300805639, -0.09691001300805639, -0.09691001300805639, -0.09691001300805639, -0.09691001300805639, -0.09691001300805639, -0.09691001300805639, -0.09691001300805639, -0.09691001300805639, -0.09691001300805639, -0.09691001300805639, -0.045757490560675115, -0.045757490560675115, -0.045757490560675115, -0.045757490560675115]
"Number of good channels:"
19
"R=0.0185546875"
"Frozen channels:"
1005
