"MONTE _CARLO FILE REPORT"
"---------------------------"
"N=128"
"p=0.1"
"Rate=0.1"
"Good Channels:"
[127, 63, 95, 111, 119, 123, 125, 31, 47, 79, 55, 87]
"Achieved =0.09375"
"Frozen channels:"
116
"block_error=1.6e-06"
"BER channelwise:"
[-6.3979400086720375, -6.3979400086720375, -6.3979400086720375, -6.3979400086720375, -6.3979400086720375, -6.3979400086720375, -6.3979400086720375, -6.3979400086720375, -6.3979400086720375, -6.3979400086720375, -6.3979400086720375, -6.3979400086720375, -6.3979400086720375, -6.3979400086720375, -6.3979400086720375, -6.3979400086720375, -6.698970004336019, -6.698970004336019, -6.698970004336019, -6.698970004336019, -6.698970004336019, -6.698970004336019, -6.698970004336019, -6.698970004336019, -6.698970004336019, -6.698970004336019, -6.698970004336019, -6.698970004336019, -6.698970004336019, -6.698970004336019, -6.698970004336019, -6.698970004336019, -6.096910013008056, -6.096910013008056, -6.096910013008056, -6.096910013008056, -6.096910013008056, -6.096910013008056, -6.096910013008056, -6.096910013008056, -6.698970004336019, -6.698970004336019, -6.698970004336019, -6.698970004336019, -6.698970004336019, -6.698970004336019, -6.698970004336019, -6.698970004336019, -6.221848749616356, -6.221848749616356, -6.221848749616356, -6.221848749616356, -6.221848749616356, -6.221848749616356, -6.221848749616356, -6.221848749616356, -6.3979400086720375, -6.3979400086720375, -6.3979400086720375, -6.3979400086720375, -6.3979400086720375, -6.3979400086720375, -6.3979400086720375, -6.3979400086720375, -6.698970004336019, -6.698970004336019, -6.698970004336019, -6.698970004336019, -6.698970004336019, -6.698970004336019, -6.698970004336019, -6.698970004336019, -6.096910013008056, -6.096910013008056, -6.096910013008056, -6.096910013008056, -6.096910013008056, -6.096910013008056, -6.096910013008056, -6.096910013008056, -6.3979400086720375, -6.3979400086720375, -6.3979400086720375, -6.3979400086720375, -6.3979400086720375, -6.3979400086720375, -6.3979400086720375, -6.3979400086720375, -6.221848749616356, -6.221848749616356, -6.221848749616356, -6.221848749616356, -6.221848749616356, -6.221848749616356, -6.221848749616356, -6.221848749616356, -6.698970004336019, -6.698970004336019, -6.698970004336019, -6.698970004336019, -6.698970004336019, -6.698970004336019, -6.698970004336019, -6.698970004336019, -6.221848749616356, -6.221848749616356, -6.221848749616356, -6.221848749616356, -6.221848749616356, -6.221848749616356, -6.221848749616356, -6.221848749616356, -6.3979400086720375, -6.3979400086720375, -6.3979400086720375, -6.3979400086720375, -6.3979400086720375, -6.3979400086720375, -6.3979400086720375, -6.3979400086720375, -Infinity, -Infinity, -Infinity, -Infinity, -Infinity, -Infinity, -Infinity, -Infinity]
