"MONTE _CARLO FILE REPORT"
"---------------------------"
"N=128"
"p=0.1"
"Rate=0.3"
"Good Channels:"
[127, 63, 95, 111, 119, 123, 125, 31, 47, 79, 55, 87, 126, 103, 59, 91, 107, 61, 93, 115, 15, 109, 23, 62, 39, 117, 27, 94, 71, 43, 110, 75, 121, 29, 51, 118, 45, 83]
"Achieved =0.296875"
"Frozen channels:"
90
"block_error=0.0333466"
"BER channelwise:"
[-2.3238919396094047, -2.323068736326531, -2.325322532126801, -2.324753398907645, -2.3243866116032934, -2.3236722661186797, -2.3261500226570506, -2.3257636641930715, -2.324826793555993, -2.325745274741545, -2.3236173651032597, -2.3243866116032934, -2.323470996316635, -2.322593818020057, -2.3217912913457748, -2.3215726775661327, -2.328882720900819, -2.327883661841225, -2.3290865150005398, -2.328086987558413, -2.325671724721148, -2.3262604739500934, -2.328086987558413, -2.326684130990742, -2.3264262035769483, -2.3260027979488638, -2.3258924121611217, -2.32539602302839, -2.327698902848434, -2.328641996556508, -2.329346027695386, -2.330069774676012, -2.324771746406936, -2.3233429640819976, -2.325083772546866, -2.3251939529656984, -2.327458833606019, -2.327237348952564, -2.326591996471462, -2.3269606518833554, -2.3281609477905234, -2.3278467037540693, -2.327994554977048, -2.3256165703789966, -2.3267762850602844, -2.326058001365912, -2.3248818476832014, -2.3249736200736923, -2.3234892897174464, -2.322995638159827, -2.322867745965919, -2.3239468753481285, -2.3231235680268627, -2.323653965009054, -2.325543042150276, -2.3267025602403644, -2.3249736200736923, -2.32644462188446, -2.329290404776203, -2.3286975364864904, -2.326684130990742, -2.3244782793922028, -2.325543042150276, -2.325102134008951, -2.329531488893876, -2.3290865150005398, -2.3306831194338877, -2.331427730815442, -2.330311291943792, -2.3289753427275905, -2.332846019314885, -2.3330329815124013, -2.328345903494483, -2.3299954886836307, -2.328567954363523, -2.3287716007769115, -2.3306831194338877, -2.330627325011795, -2.3257636641930715, -2.3253409036863504, -2.328308906051695, -2.327994554977048, -2.3267025602403644, -2.3279021420642825, -2.3315022622180455, -2.330962199114844, -2.3284754193703314, -2.3295685906393944, -2.323324676843563, -2.3239102507502065, -2.324735052183442, -2.3242216583259148, -2.3308877603295732, -2.332005684020101, -2.3270897552444643, -2.326315710132286, -2.325579804708549, -2.3249002006099437, -2.3252306859845735, -2.3242583091957543, -2.3229590936897697, -2.3235624710272336, -2.323745478270219, -2.3231418467988054, -2.3239468753481285, -2.3243866116032934, -2.32731116462061, -2.3264262035769483, -2.3259108078441155, -2.327052864653497, -2.326370953340642, -2.3269606518833554, -2.3255246620380396, -2.3265183029266527, -2.3270344205330558, -2.326739421085905, -2.3252306859845735, -2.325157223053472, -2.327218896995732, -2.3280315256488935, -2.3272742552183097, -2.326997534641926, -2.3296428036405836, -2.329253326787458, -2.3280130399195653, -2.328438410892942, -2.3226851081391375, -2.3220100152259526]
