"MONTE _CARLO FILE REPORT"
"---------------------------"
"N=128"
"p=0.1"
"Rate=0.5"
"Good Channels:"
[127, 63, 95, 111, 119, 123, 125, 31, 47, 79, 55, 87, 126, 103, 59, 91, 107, 61, 93, 115, 15, 109, 23, 62, 39, 117, 27, 94, 71, 43, 110, 75, 121, 29, 51, 118, 45, 83, 77, 99, 53, 30, 122, 7, 85, 46, 11, 57, 124, 101, 78, 54, 89, 19, 13, 86, 105, 35, 58, 102, 67, 113, 21, 90]
"Achieved =0.5"
"Frozen channels:"
64
"block_error=0.6238104"
"BER channelwise:"
[-1.080432424973068, -1.0802129645097067, -1.0806080732261407, -1.0807440402884272, -1.0799038179626619, -1.080466921702314, -1.0800291211219446, -1.0803394019977373, -1.0802996903918605, -1.0805181491740268, -1.0823842241067958, -1.0819465853775645, -1.080792161908451, -1.0807900695532235, -1.0808946996653002, -1.0801920692958933, -1.0809878416705163, -1.0804961938033824, -1.0793758535708584, -1.079517693983872, -1.0812789083354672, -1.0806938321082644, -1.0806645466834948, -1.0803247709836281, -1.0810401774046512, -1.0810747224443935, -1.0812485361511335, -1.081310330071855, -1.080247443810557, -1.0798839816106007, -1.0813867991282438, -1.080733579772213, -1.0799121703819596, -1.0813658473626873, -1.0813888943603933, -1.0815020519099976, -1.0808486593103976, -1.0805547439251348, -1.0819350469186428, -1.0809951682936338, -1.0807597315351782, -1.0801659516922943, -1.080687556493853, -1.0800103233431677, -1.0815481615880609, -1.0813228994029902, -1.0813448966078625, -1.0811846567644077, -1.0802244573058413, -1.0801565497394834, -1.08196966321512, -1.0814737597583748, -1.0807367179006222, -1.081379465895322, -1.0803916596436498, -1.0806404922760817, -1.08050142117191, -1.0815596897725441, -1.081338611578493, -1.0816330581171694, -1.0816110463123176, -1.0821816170663874, -1.0810715818726866, -1.0800364315889834, -1.0815261540855798, -1.0814737597583748, -1.0808444740656025, -1.0821732208869215, -1.081229685518803, -1.081791366336555, -1.0811480088989807, -1.0809240006144243, -1.0814538515712797, -1.0814968124836044, -1.0821050079454437, -1.0818794568221173, -1.080366575188863, -1.0804010666877404, -1.080673959640382, -1.0802046063035413, -1.0811186928330934, -1.0819109220405527, -1.0801231222222667, -1.0805746109385626, -1.0811343976222874, -1.0812370162230391, -1.082290782173375, -1.0821270448011522, -1.0802808808985074, -1.0806122561933778, -1.0810946132592836, -1.081759909778585, -1.0796919290589047, -1.0811626676740507, -1.0808005314301683, -1.0811385856619882, -1.0815198664325574, -1.0810883318508988, -1.0812401579913056, -1.0809847017270169, -1.0808392425663258, -1.0806091189641729, -1.0815942761621757, -1.0815460655873952, -1.0808130860151777, -1.0803028253866227, -1.0822687370079926, -1.0818951891463728, -1.081279955690054, -1.0817787834399526, -1.0811783740535552, -1.0813208044892049, -1.0812307327546895, -1.0813134723705344, -1.0821039585992531, -1.0814884295328488, -1.082401024788888, -1.080886328328637, -1.0819927422790663, -1.0814569949085715, -1.082414675821669, -1.0810820505333638, -1.0818070954699972, -1.0822089057707462, -1.0811113641258165, -1.0821543300765943, -1.0819025310927304, -1.0817525702428896]
