"MONTE _CARLO FILE REPORT"
"---------------------------"
"N=128"
"p=0.1"
"Rate=0.2"
"Good Channels:"
[127, 63, 95, 111, 119, 123, 125, 31, 47, 79, 55, 87, 126, 103, 59, 91, 107, 61, 93, 115, 15, 109, 23, 62, 39]
"Achieved =0.1953125"
"Frozen channels:"
103
"block_error=0.0018498"
"BER channelwise:"
[-3.6111885865264766, -3.6108339156354674, -3.6104795341536224, -3.6087119514047026, -3.6118987984294835, -3.6101254416090143, -3.6133227160391623, -3.612966298717637, -3.622329560665677, -3.6212388246836267, -3.6158258611929663, -3.616184634019569, -3.618343517414213, -3.6158258611929663, -3.618343517414213, -3.6172627342386696, -3.5880437620695984, -3.5890541413122254, -3.5897290357478155, -3.5880437620695984, -3.5900668766687054, -3.5917600346881504, -3.593800576336687, -3.5914208745913325, -3.612610173661271, -3.606600304706898, -3.606600304706898, -3.6090648928966207, -3.6101254416090143, -3.6133227160391623, -3.598599459218456, -3.597566653780688, -3.600672467841321, -3.603103550857476, -3.6069515335832216, -3.609418121449565, -3.6041496239812187, -3.6051982228372887, -3.6069515335832216, -3.6051982228372887, -3.613679426105954, -3.614036429399303, -3.616543703475247, -3.6097716375308697, -3.61475131759678, -3.6151092034694456, -3.6097716375308697, -3.6087119514047026, -3.5780671867214915, -3.5843590201038458, -3.58838029403677, -3.592099459857365, -3.584025588623434, -3.5843590201038458, -3.5830268273969637, -3.582030357785263, -3.5843590201038458, -3.5826944167554746, -3.5880437620695984, -3.5931193299508752, -3.592099459857365, -3.5924391505136373, -3.5823622603477703, -3.5826944167554746, -3.5810361692963775, -3.5797141150580822, -3.5807052782465396, -3.5846927077744324, -3.5850266520291822, -3.5764264802672643, -3.5787252087896535, -3.583359492661719, -3.5830268273969637, -3.58838029403677, -3.5914208745913325, -3.5873714794556246, -3.585360853262991, -3.586700235918748, -3.5836924129401173, -3.5850266520291822, -3.6020599913279625, -3.599289363226769, -3.6055483191737836, -3.602755418989614, -3.5999803649348414, -3.599289363226769, -3.599289363226769, -3.598599459218456, -3.6322714539130234, -3.6322714539130234, -3.627824713884936, -3.624885315307775, -3.6296719922204894, -3.625251653989896, -3.630413109263656, -3.6274561992409295, -3.5972229303896524, -3.595166283380062, -3.598944274228156, -3.598254917762937, -3.603451962012868, -3.602755418989614, -3.6010189333418685, -3.600326278518962, -3.595166283380062, -3.595850750790305, -3.5907433479610904, -3.5900668766687054, -3.596879478824182, -3.6010189333418685, -3.5910819791532202, -3.58838029403677, -3.600326278518962, -3.602407565961883, -3.606600304706898, -3.6101254416090143, -3.604498875694374, -3.6080069277402873, -3.604498875694374, -3.602407565961883, -3.5807052782465396, -3.5826944167554746, -3.5860300282519386, -3.5826944167554746, -3.5870357280033374, -3.580374639112257, -3.5777385491863973, -3.579054594078028]
