"LLR Lambda CHANNEL REPORT"
"---------------------------"
"N=32"
"design_p=0.05"
"Capacity for 32channels:22"
"tolerable error exponent:-1"
"Z Construct--------------------------------------------------------"
"Good Channels:"
[31, 15, 23, 27, 29, 30, 7, 11, 19, 13, 21, 14, 25, 22, 3, 26]
"Number of good channels:"
16
"R=0.5"
"Frozen channels:"
16
"sim ran :10000"
"Decodable Condition:"
"---------------------"
"Bad Channels above threshold:"
[]
"Good channels below threshold:"
[]
"Undecodable Condition:"
"---------------------"
"Lambda Threshold:5.65502065489"
"Good_channels for other p:"
{
  "0.4": [
    31, 
    15
  ], 
  "0.2": [
    31, 
    15, 
    23, 
    27
  ], 
  "0.05": [
    31, 
    15, 
    23, 
    27, 
    29, 
    30, 
    7, 
    11, 
    19, 
    13, 
    21, 
    14, 
    25, 
    22, 
    3, 
    26
  ], 
  "0.3": [
    31, 
    15
  ], 
  "0.1": [
    31, 
    15, 
    23, 
    27, 
    29, 
    30, 
    7, 
    11
  ], 
  "0.07": [
    31, 
    15, 
    23, 
    27, 
    29, 
    30, 
    7, 
    11, 
    19, 
    13, 
    21
  ]
}
"LLRs:"
{
  "0.4": [
    0.06870068469173224, 
    0.0003116941175102318, 
    0.007536781877892175, 
    2.733754467956135, 
    0.10405779476140203, 
    0.7106998220715213, 
    0.8569037181537726, 
    10.433070001525056, 
    0.28916288513423805, 
    0.40169415490924404, 
    0.530847409687788, 
    9.356866536871832, 
    1.0821493523613763, 
    5.0471828671511405, 
    4.556139026140667, 
    28.04985112232124, 
    0.369686324230214, 
    0.24152848399127835, 
    0.3862444195189394, 
    8.408141371312475, 
    1.076135120748042, 
    3.9001198986113716, 
    3.474727288581705, 
    26.525493183284976, 
    1.3810416721682663, 
    3.0933012886110958, 
    2.722829974964748, 
    24.351138357060304, 
    3.5071559025731043, 
    17.604720593874532, 
    15.63504827258288, 
    65.4984562037682
  ], 
  "0.2": [
    0.06870068469173224, 
    0.0065455764677148694, 
    0.027229663558836263, 
    2.553112420084353, 
    0.11501124684154963, 
    1.1249029673580062, 
    1.156736755738278, 
    10.747980739364982, 
    0.2957347688872889, 
    0.688179480972345, 
    0.8232341010365185, 
    9.465946820708755, 
    1.140059103063793, 
    6.086002465806489, 
    5.484920442383252, 
    29.01148324232175, 
    0.372910768843176, 
    0.44534195234355395, 
    0.6123082511533064, 
    8.48691164335057, 
    1.1239578984476482, 
    4.9388411107302455, 
    4.366844857578057, 
    27.53718152265805, 
    1.3745950919434178, 
    4.02759534594272, 
    3.4766918259568427, 
    25.265098856952385, 
    3.706154619526204, 
    19.87369957547274, 
    17.63079127191096, 
    67.79570749531237
  ], 
  "0.05": [
    0.06870068469173224, 
    0.6227648467854423, 
    0.5331665373618334, 
    5.655020654888713, 
    0.460044987366224, 
    4.860710284053399, 
    4.127397855403253, 
    16.891303180248503, 
    0.41355925617412903, 
    4.079075558648804, 
    3.440121216279533, 
    15.906442221204925, 
    2.8301565933646344, 
    14.326625115922845, 
    12.348577218744701, 
    39.44063745298941, 
    0.3893329402440752, 
    3.365017506459145, 
    2.8133081809748175, 
    14.882660398996464, 
    2.313641460605454, 
    13.301523191493498, 
    11.40220675038474, 
    38.31434887550305, 
    1.8754022814107132, 
    11.808576360278968, 
    10.002022341831763, 
    36.59184976487308, 
    8.2554602009306, 
    33.609673318653265, 
    29.162101454843306, 
    84.76922043460695
  ], 
  "0.3": [
    0.06870068469173224, 
    0.001558470587551159, 
    0.013857953775479166, 
    2.7133752071091286, 
    0.10600114916271854, 
    0.7670735489218329, 
    0.8866068823435752, 
    10.453170255549534, 
    0.2912752763405758, 
    0.4192076810594976, 
    0.5802047886993367, 
    9.333883662499577, 
    1.0783684947959724, 
    5.155898953386613, 
    4.6517785832601755, 
    28.102884701518523, 
    0.36518709918887177, 
    0.2537191961170214, 
    0.4102871198446939, 
    8.422460806096149, 
    1.0869259013571826, 
    4.05244696274384, 
    3.6091808754226253, 
    26.677967274788735, 
    1.3961450886950446, 
    3.190557923012846, 
    2.757547297049916, 
    24.42438389169275, 
    3.4989821796018865, 
    17.891005782530456, 
    15.87127355644285, 
    65.76345571189286
  ], 
  "0.1": [
    0.06870068469173224, 
    0.12779458817919365, 
    0.1441713436641945, 
    3.7348842224883474, 
    0.20140218340917104, 
    2.76488421886331, 
    2.417012722589288, 
    13.627448974648585, 
    0.30700085532109034, 
    2.0663109292589685, 
    1.8786328020957248, 
    12.396140330895488, 
    1.69797355808441, 
    10.320425420875663, 
    8.874067085589166, 
    34.276549135765535, 
    0.37381061385144443, 
    1.5413631643986896, 
    1.4416252909612781, 
    11.21008747028154, 
    1.4496432768326757, 
    9.06214598003962, 
    7.745611804814853, 
    32.78490701656514, 
    1.4515856786287147, 
    7.674268873811809, 
    6.5241859887735085, 
    30.71248801134692, 
    5.559703490230579, 
    27.08850198867542, 
    23.57789803656966, 
    76.61135779893247
  ], 
  "0.07": [
    0.06870068469173224, 
    0.3269671292682343, 
    0.30365937308022645, 
    4.792168476919753, 
    0.3056366467525189, 
    3.914694374618882, 
    3.3313774519541837, 
    15.52820708815414, 
    0.34455447676709516, 
    3.095589392029123, 
    2.658772266379745, 
    14.384910768930908, 
    2.2466314628657895, 
    12.640570723615909, 
    10.888410583087943, 
    37.31769293474881, 
    0.3752353684478695, 
    2.4270945922847473, 
    2.1113862286073988, 
    13.236950181280738, 
    1.8444877491217542, 
    11.470258938664875, 
    9.823501127092452, 
    35.983743493030296, 
    1.6164339443783426, 
    9.918825922389201, 
    8.406933071084264, 
    34.04452293849712, 
    6.975329434053653, 
    30.85697108725894, 
    26.79263563047514, 
    81.38664893534244
  ]
}
"degenerate channels:"
{
  "0.4": [
    3, 
    13, 
    14, 
    21, 
    22, 
    25, 
    26
  ], 
  "0.2": [
    3, 
    14, 
    21, 
    22, 
    25, 
    26
  ], 
  "0.05": [], 
  "0.3": [
    3, 
    13, 
    14, 
    21, 
    22, 
    25, 
    26
  ], 
  "0.1": [
    3
  ], 
  "0.07": [
    3
  ]
}
