"LLR Lambda CHANNEL REPORT"
"---------------------------"
"N=32"
"design_p=0.05"
"Capacity for 32channels:22"
"tolerable error exponent:-1"
"Z Construct--------------------------------------------------------"
"Good Channels:"
[31, 15, 23, 27, 29, 30, 7, 11, 19, 13, 21, 14]
"Number of good channels:"
12
"R=0.375"
"Frozen channels:"
20
"Decodable Condition:"
"---------------------"
[]
"Undecodable Condition:"
"---------------------"
"Lambda Threshold:1.16738776461e+299"
"Good_channels for other p:"
{
  "0.2": [
    31, 
    15, 
    23
  ], 
  "0.1": [
    31, 
    15, 
    23, 
    27, 
    29, 
    30, 
    7
  ], 
  "0.05": [
    31, 
    15, 
    23, 
    27, 
    29, 
    30, 
    7, 
    11, 
    19, 
    13, 
    21, 
    14
  ]
}
"LLRs:"
{
  "0.2": [
    7.361337496678414e+296, 
    2.060472568169479e+120, 
    4.582224695236463e+248, 
    1.4437705893603843e+297, 
    9.46538430111721e+297, 
    3.3559389859268764e+292, 
    4.9571547850649834e+297, 
    1.0743967342390199e+299, 
    6.288026261607295e+297, 
    2.082672422340185e+298, 
    2.7599587205401897e+298, 
    6.445669652241611e+298, 
    6.734767385097462e+296, 
    3.3302454234522193e+298, 
    5.400326857083493e+298, 
    2.636316989593625e+299, 
    4.144434866519504e+297, 
    3.189273119298688e+296, 
    2.6191024372593296e+296, 
    4.0119802064811547e+298, 
    3.477340909300783e+298, 
    2.0606534702934682e+298, 
    7.25116214930868e+297, 
    2.4690780413613157e+299, 
    2.9292888247094017e+298, 
    1.0206908508401262e+298, 
    6.829456382672385e+298, 
    1.978912363128846e+299, 
    1.6837827902024021e+298, 
    1.4333979061357319e+299, 
    1.4519071535204601e+299, 
    6.223544805149916e+299
  ], 
  "0.1": [
    7.361337496678408e+296, 
    8.663498599682746e+294, 
    6.757545151161684e+294, 
    4.1383250736949427e+298, 
    2.3399251850771727e+295, 
    1.5903880561225365e+298, 
    1.3181901764257938e+298, 
    1.3266851914220982e+299, 
    6.0500622527157015e+296, 
    2.9727160646588333e+296, 
    4.4054771478892164e+297, 
    1.1355806598186475e+299, 
    3.5157086947234587e+297, 
    8.169201163608366e+298, 
    6.395845120601629e+298, 
    3.3608404691939105e+299, 
    1.3921775288871457e+297, 
    1.4966370577028017e+297, 
    1.2920220133777655e+297, 
    9.862237671968086e+298, 
    1.4551725896253952e+298, 
    4.5632490574015405e+298, 
    4.0060250486020203e+298, 
    2.8953627340788404e+299, 
    1.6365139505314275e+298, 
    4.95605091437931e+298, 
    3.740503888102875e+298, 
    2.850314095510528e+299, 
    3.8882171217623072e+298, 
    2.1604923438689976e+299, 
    1.746734502262143e+299, 
    7.327204321863418e+299
  ], 
  "0.05": [
    7.361337496678408e+296, 
    1.1823127512064362e+297, 
    9.222061626893579e+296, 
    5.68070110656591e+298, 
    6.70136782425813e+296, 
    3.8441374535851706e+298, 
    3.2604056820359855e+298, 
    1.70489237390047e+299, 
    4.455453325771106e+296, 
    3.2912446748329153e+298, 
    2.712022861192929e+298, 
    1.630582586541387e+299, 
    2.9771161061827835e+298, 
    1.3617496492358135e+299, 
    1.1748842840342773e+299, 
    4.074030860027183e+299, 
    5.373349557900233e+297, 
    1.6410548540864868e+298, 
    1.345044084120158e+298, 
    1.4252230560653375e+299, 
    1.0564383413830716e+298, 
    1.1673877646082842e+299, 
    1.0080527346182208e+299, 
    3.851498194438417e+299, 
    7.934861969645242e+297, 
    1.03815520509632e+299, 
    8.796863457797803e+298, 
    3.702874080864693e+299, 
    6.4067216168046525e+298, 
    3.285694226436405e+299, 
    2.850857674813559e+299, 
    8.771971763730308e+299
  ]
}
"degenerate channels:"
{
  "0.2": [
    7, 
    11, 
    13, 
    14, 
    19, 
    21
  ], 
  "0.1": [
    11, 
    13, 
    14, 
    19, 
    21
  ], 
  "0.05": []
}
