"LLR Lambda CHANNEL REPORT"
"---------------------------"
"N=32"
"design_p=0.05"
"Capacity for 32channels:22"
"tolerable error exponent:-1"
"Z Construct--------------------------------------------------------"
"Good Channels:"
[31, 15, 23, 27, 29, 30, 7, 11, 19, 13, 21, 14, 25, 22, 3, 26]
"Number of good channels:"
16
"R=0.5"
"Frozen channels:"
16
"sim ran :1000"
"Decodable Condition:"
"---------------------"
[]
"Undecodable Condition:"
"---------------------"
"Lambda Threshold:6.40486509915e+298"
"Good_channels for other p:"
{
  "0.4": [
    31, 
    15
  ], 
  "0.2": [
    31, 
    15, 
    23, 
    27
  ], 
  "0.05": [
    31, 
    15, 
    23, 
    27, 
    29, 
    30, 
    7, 
    11, 
    19, 
    13, 
    21, 
    14, 
    25, 
    22, 
    3, 
    26
  ], 
  "0.3": [
    31, 
    15
  ], 
  "0.1": [
    31, 
    15, 
    23, 
    27, 
    29, 
    30, 
    7, 
    11
  ], 
  "0.07": [
    31, 
    15, 
    23, 
    27, 
    29, 
    30, 
    7, 
    11, 
    19, 
    13, 
    21
  ]
}
"LLRs:"
{
  "0.4": [
    7.36133749667842e+296, 
    0.0, 
    5.539569662801112e+272, 
    2.688654317438727e+298, 
    2.440797587741927e+297, 
    6.440950463419344e+295, 
    1.1697963006310875e+298, 
    1.046271729857001e+299, 
    1.624435643574853e+297, 
    7.653787424231242e+297, 
    2.124256904462888e+297, 
    9.644669449996426e+298, 
    1.6121264275423018e+298, 
    5.014477494015643e+298, 
    3.9495573070610774e+298, 
    2.8944992112148798e+299, 
    5.629255264959364e+297, 
    2.4914699429585476e+294, 
    4.1842447884659555e+297, 
    8.356155764199805e+298, 
    8.745791235269713e+296, 
    5.480148046879204e+298, 
    2.8167803989786357e+298, 
    2.8567182243950745e+299, 
    1.1007975405804328e+298, 
    4.399030971246337e+298, 
    4.234741469199233e+298, 
    2.6902771182325803e+299, 
    2.37068594400301e+298, 
    2.1503112350707497e+299, 
    1.7746226769994367e+299, 
    7.208318141737789e+299
  ], 
  "0.2": [
    7.36133749667842e+296, 
    2.7388378221577145e+156, 
    2.28860329768801e+246, 
    4.723765848485856e+298, 
    3.001350585559962e+293, 
    2.481078101891305e+298, 
    2.324567518587105e+298, 
    1.4783357313519836e+299, 
    1.0151037446779969e+296, 
    2.0418375191229206e+298, 
    1.6784394076950634e+298, 
    1.3995280972167863e+299, 
    2.485190838716253e+298, 
    9.421040845310499e+298, 
    7.818623729638701e+298, 
    3.556320027148785e+299, 
    5.1232454435255083e+297, 
    6.277354283817221e+293, 
    5.145367057271158e+293, 
    1.1291277689516611e+299, 
    6.802177203732815e+297, 
    6.997169278644866e+298, 
    5.797434548777528e+298, 
    3.2584591068291363e+299, 
    7.162127322159404e+297, 
    5.832119590905405e+298, 
    4.936087164568954e+298, 
    3.0868607782789853e+299, 
    6.330365565774527e+298, 
    2.347653247001972e+299, 
    2.0063003763316857e+299, 
    7.668389174537278e+299
  ], 
  "0.05": [
    7.361337496678417e+296, 
    4.9608796093511577e+297, 
    3.869495396570532e+297, 
    6.404865099151943e+298, 
    1.227692753903468e+298, 
    3.2611463479883765e+298, 
    2.8534752816593784e+298, 
    1.6353866989170983e+299, 
    8.1799427190534e+297, 
    5.29604632550897e+298, 
    4.511969671134054e+298, 
    1.8383815496189653e+299, 
    2.0084122072165257e+298, 
    1.4494445474683271e+299, 
    1.262402109524177e+299, 
    4.16892413440883e+299, 
    5.728971130337256e+297, 
    4.369376870086013e+298, 
    3.6335636343437683e+298, 
    1.7394561368184544e+299, 
    1.5400003706554598e+298, 
    1.3505385454630418e+299, 
    1.1678898086506044e+299, 
    4.065557607317325e+299, 
    3.1262967196050856e+298, 
    1.4803901259389697e+299, 
    1.2607358624588154e+299, 
    4.194427106667927e+299, 
    8.704539019063622e+298, 
    3.656823212443457e+299, 
    3.18042318102063e+299, 
    9.192649868829599e+299
  ], 
  "0.3": [
    7.361337496678429e+296, 
    0.0, 
    1.1345038669416683e+276, 
    3.0863878154961216e+298, 
    1.8486514274006462e+295, 
    2.0412133989172047e+298, 
    2.756558622917207e+298, 
    1.310576264609864e+299, 
    7.975965026513233e+297, 
    2.7578944075301575e+297, 
    2.261616770596598e+297, 
    9.980931140575586e+298, 
    6.397397737198691e+295, 
    8.568389561581806e+298, 
    6.240358990960144e+298, 
    3.3140354595590607e+299, 
    5.114146513606058e+297, 
    4.484637327054478e+295, 
    3.8815197353672715e+295, 
    9.349512891073265e+298, 
    5.252972528628523e+297, 
    7.162380763273364e+298, 
    5.189480025725786e+298, 
    3.1591619724864454e+299, 
    2.6948739518987343e+298, 
    2.0995424002489623e+298, 
    2.2907165205547386e+298, 
    2.557697628816548e+299, 
    1.2853952662435797e+298, 
    2.1863642922805386e+299, 
    1.8140801193771243e+299, 
    7.338655512370665e+299
  ], 
  "0.1": [
    7.361337496678417e+296, 
    2.6144202406728008e+296, 
    2.0392526895663496e+296, 
    5.595801450558523e+298, 
    1.5757332098859657e+296, 
    3.227727235834401e+298, 
    2.7814211691632726e+298, 
    1.62939871360048e+299, 
    1.058281980815495e+296, 
    3.0166172221202683e+298, 
    2.5365222037689752e+298, 
    1.5727165879547498e+299, 
    1.7313613847926864e+298, 
    1.2459836000198742e+299, 
    1.0808425346278109e+299, 
    3.936609117421141e+299, 
    6.7629356641118845e+295, 
    2.1330004126228182e+298, 
    1.7498869606192386e+298, 
    1.4427067528688553e+299, 
    1.7015901401808632e+298, 
    1.1108861543194679e+299, 
    9.55423169388267e+298, 
    3.7916774849541575e+299, 
    1.990075725886309e+298, 
    9.067521493989626e+298, 
    7.688925162988644e+298, 
    3.539188492514063e+299, 
    6.863858055670074e+298, 
    3.0467304785154204e+299, 
    2.644280598403868e+299, 
    8.500857566982073e+299
  ], 
  "0.07": [
    7.361337496678432e+296, 
    2.6108553443537025e+296, 
    2.0364720637535668e+296, 
    2.1361081763643547e+298, 
    1.572313585055028e+296, 
    4.0744215758975938e+298, 
    2.0154880432470625e+298, 
    1.4532513951799546e+299, 
    3.4446947439929674e+297, 
    2.4462777850447623e+298, 
    8.494617453767012e+297, 
    1.2596714255022554e+299, 
    2.435886670093927e+298, 
    1.3826414960684936e+299, 
    1.0497124747074225e+299, 
    3.817777358821152e+299, 
    2.4684755313834176e+297, 
    1.8722599009138532e+298, 
    3.2074252376953584e+298, 
    1.0031670738046358e+299, 
    2.5589850359900515e+298, 
    1.1579314659519308e+299, 
    8.684708195567789e+298, 
    3.5273605776991865e+299, 
    1.4000525074914083e+298, 
    9.22237942097697e+298, 
    6.792215655060151e+298, 
    3.2594347036193385e+299, 
    8.805971650630747e+298, 
    3.2646785723404e+299, 
    2.7118020305100324e+299, 
    8.432614748805858e+299
  ]
}
"degenerate channels:"
{
  "0.4": [
    3, 
    13, 
    14, 
    21, 
    22, 
    25, 
    26
  ], 
  "0.2": [
    3, 
    22, 
    25, 
    26
  ], 
  "0.05": [], 
  "0.3": [
    3, 
    14, 
    22, 
    25, 
    26
  ], 
  "0.1": [
    3
  ], 
  "0.07": [
    3
  ]
}
