"LLR Lambda CHANNEL REPORT"
"---------------------------"
"N=32"
"design_p=0.05"
"Capacity for 32channels:22"
"tolerable error exponent:-1"
"Z Construct--------------------------------------------------------"
"Good Channels:"
[31, 15, 23, 27, 29, 30, 7, 11, 19, 13, 21, 14]
"Number of good channels:"
12
"R=0.375"
"Frozen channels:"
20
"Lambda Threshold:1.48354761686e+299"
"Good_channels for other p:"
{
  "0.2": [
    31, 
    15, 
    23
  ], 
  "0.1": [
    31, 
    15, 
    23, 
    27, 
    29, 
    30, 
    7
  ], 
  "0.05": [
    31, 
    15, 
    23, 
    27, 
    29, 
    30, 
    7, 
    11, 
    19, 
    13, 
    21, 
    14
  ]
}
"LLRs:"
{
  "0.2": [
    7.361337496678417e+296, 
    2.844171804005174e+190, 
    2.164026602142625e+270, 
    1.1473632671175155e+298, 
    1.3135695141995485e+281, 
    9.915388451072209e+297, 
    4.322017770334042e+296, 
    7.830322876710728e+298, 
    9.727588993638428e+297, 
    1.7529519580110526e+293, 
    5.374850409621863e+297, 
    7.537148606064292e+297, 
    4.2287715338916987e+297, 
    3.3384639816075325e+298, 
    5.615942053110415e+298, 
    2.1607811930009563e+299, 
    7.508702616984332e+297, 
    3.189076954397031e+296, 
    1.6989931070570696e+298, 
    3.9143989174130996e+298, 
    2.0324977678103021e+298, 
    4.195914348757237e+298, 
    4.1195878042849165e+298, 
    2.5546143929109337e+299, 
    1.297749127497518e+297, 
    3.1087263304801874e+298, 
    6.839367265427019e+297, 
    1.3525789426437103e+299, 
    6.408675151850588e+298, 
    1.5219278815928849e+299, 
    1.6051419903119558e+299, 
    5.9590397843912265e+299
  ], 
  "0.1": [
    7.361337496678423e+296, 
    1.66991464880211e+298, 
    1.3025365570302668e+298, 
    7.871215790277939e+298, 
    9.474340823184901e+297, 
    5.919034570765567e+298, 
    5.025971630725044e+298, 
    1.9394944935846133e+299, 
    6.784688929059127e+297, 
    5.085574874100415e+298, 
    4.248243080425607e+298, 
    1.8321798502174138e+299, 
    4.257544864364825e+298, 
    1.5582227224295796e+299, 
    1.3510275149657814e+299, 
    4.295387224515188e+299, 
    4.366903522409244e+297, 
    5.6491856269948285e+298, 
    4.631879532499045e+298, 
    1.8853461910499576e+299, 
    3.7239972589671885e+298, 
    1.6093690122862156e+299, 
    1.3854793417542987e+299, 
    4.3626201326996774e+299, 
    2.876482097269066e+298, 
    1.4542878783495352e+299, 
    1.2328167518651338e+299, 
    4.178002837264574e+299, 
    9.20599185837658e+298, 
    3.742690846472635e+299, 
    3.2518439764413532e+299, 
    9.289654369854681e+299
  ], 
  "0.05": [
    7.361337496678402e+296, 
    2.940503520027587e+297, 
    2.2935982588447375e+297, 
    5.999908312830254e+298, 
    1.6666807548896594e+297, 
    5.306213140852388e+298, 
    5.091978863113005e+298, 
    1.8649435633762565e+299, 
    1.1078885264953336e+297, 
    4.611481626419202e+298, 
    4.356846817287561e+298, 
    1.790212200733396e+299, 
    3.5551017874993323e+298, 
    1.6465753982652575e+299, 
    1.4835476168648239e+299, 
    4.390825621466325e+299, 
    7.079143010790923e+296, 
    3.9271654888100794e+298, 
    3.637003492196417e+298, 
    1.7159785481192014e+299, 
    2.856612855363379e+298, 
    1.5723425259709748e+299, 
    1.409309010344627e+299, 
    4.31659822225343e+299, 
    2.147231676113199e+298, 
    1.428568237119364e+299, 
    1.2615305989573398e+299, 
    4.167553495085622e+299, 
    1.039530687684181e+299, 
    3.875379222383024e+299, 
    3.422878943767344e+299, 
    9.440362428797993e+299
  ]
}
"degenerate channels:"
{
  "0.2": [
    7, 
    11, 
    13, 
    14, 
    19, 
    21, 
    27
  ], 
  "0.1": [
    14
  ], 
  "0.05": []
}
