"LLR Lambda CHANNEL REPORT"
"---------------------------"
"N=32"
"design_p=0.05"
"Capacity for 32channels:22"
"tolerable error exponent:-1"
"Z Construct--------------------------------------------------------"
"Good Channels:"
[31, 15, 23, 27, 29, 30, 7, 11, 19, 13, 21, 14, 25, 22, 3, 26]
"Number of good channels:"
16
"R=0.5"
"Frozen channels:"
16
"Decodable Condition:"
"---------------------"
[28]
"Undecodable Condition:"
"---------------------"
"Lambda Threshold:2.93278093141e+298"
"Good_channels for other p:"
{
  "0.2": [
    31, 
    15, 
    23, 
    27, 
    29, 
    7, 
    30, 
    11, 
    19, 
    13, 
    21, 
    14, 
    25, 
    22, 
    26, 
    3, 
    28, 
    5, 
    9, 
    17, 
    6, 
    10, 
    18, 
    12, 
    20, 
    24, 
    1, 
    2, 
    4, 
    8, 
    16, 
    0
  ], 
  "0.1": [
    31, 
    15, 
    23, 
    27, 
    29, 
    30, 
    7, 
    11, 
    19, 
    13, 
    21, 
    14, 
    25, 
    22, 
    3, 
    26, 
    28, 
    5, 
    9, 
    6, 
    17, 
    10, 
    18, 
    12, 
    20, 
    24, 
    1, 
    2, 
    4, 
    8, 
    16, 
    0
  ], 
  "0.05": [
    31, 
    15, 
    23, 
    27, 
    29, 
    30, 
    7, 
    11, 
    19, 
    13, 
    21, 
    14, 
    25, 
    22, 
    3, 
    26
  ]
}
"LLRs:"
{
  "0.2": [
    7.36133749667842e+296, 
    3.1746606549008557e+87, 
    7.442345367137346e+280, 
    3.35003589807229e+298, 
    1.1554071421261608e+294, 
    1.1131390520966176e+298, 
    9.100721774701017e+295, 
    1.2552102537617652e+299, 
    3.840499686716265e+294, 
    3.2264544711614003e+294, 
    9.165450892117508e+297, 
    1.0041989181275485e+299, 
    1.0223028235518692e+298, 
    6.704554399583342e+298, 
    4.534170517704944e+298, 
    3.1152040946945287e+299, 
    2.3330050042125416e+297, 
    6.3843916933551986e+296, 
    5.3553141551762436e+296, 
    9.459656503220095e+298, 
    2.168876116175741e+297, 
    6.295896614155114e+298, 
    4.416117185448326e+298, 
    3.0912394447250088e+299, 
    1.400783852777109e+298, 
    1.7341149598053e+298, 
    4.8988028711811985e+297, 
    2.4914032717297067e+299, 
    4.188366974934682e+298, 
    1.9837554726495946e+299, 
    1.6068833762818373e+299, 
    7.125444269052254e+299
  ], 
  "0.1": [
    7.36133749667842e+296, 
    2.4883667358873736e+290, 
    9.70465359746436e+290, 
    4.961437211883644e+298, 
    7.291815093739913e+292, 
    2.9252495624629968e+298, 
    2.4408706731982644e+298, 
    1.5913544873098044e+299, 
    4.919458380377426e+295, 
    7.497899267235271e+296, 
    5.519768080386014e+296, 
    1.2373245088966699e+299, 
    8.287445432557773e+297, 
    9.28662075546402e+298, 
    8.101121826039499e+298, 
    3.573223467319971e+299, 
    2.5424727130750592e+297, 
    1.721295096789004e+296, 
    2.0642995304128906e+296, 
    1.1673121243514978e+299, 
    5.8566652434007924e+296, 
    8.722033750641995e+298, 
    7.535172895814496e+298, 
    3.514996961303476e+299, 
    1.34911488795863e+298, 
    4.928036133736902e+298, 
    4.1673112374807765e+298, 
    3.0587182086947434e+299, 
    2.344212380421496e+298, 
    2.601125449770542e+299, 
    2.261569669765046e+299, 
    7.992378667966407e+299
  ], 
  "0.05": [
    7.36133749667842e+296, 
    1.6580494955318432e+295, 
    1.2932817152331695e+295, 
    2.9327809314079602e+298, 
    1.572899577126428e+296, 
    4.64786592521222e+298, 
    2.0967561815729096e+298, 
    1.5425615926691574e+299, 
    3.248156601227631e+297, 
    1.168865298331671e+298, 
    2.6593442183428837e+298, 
    1.0798854955678545e+299, 
    2.0549988970266956e+298, 
    1.2359611436032878e+299, 
    8.308301788678331e+298, 
    3.609617303413732e+299, 
    6.094088103672048e+297, 
    1.96259400730845e+298, 
    1.6085845410428993e+298, 
    1.156848346307515e+299, 
    1.283961265894006e+298, 
    1.2753732984927521e+299, 
    8.894705118075416e+298, 
    3.703371266068712e+299, 
    5.095188935473589e+297, 
    8.3254620660756135e+298, 
    5.009249576979751e+298, 
    3.1667119784452575e+299, 
    7.415705120114585e+298, 
    3.1740240015755204e+299, 
    2.512320280230692e+299, 
    8.329789417439496e+299
  ]
}
"degenerate channels:"
{
  "0.2": [
    25, 
    26
  ], 
  "0.1": [], 
  "0.05": []
}
