"LLR Lambda CHANNEL REPORT"
"---------------------------"
"N=32"
"design_p=0.05"
"Capacity for 32channels:22"
"tolerable error exponent:-1"
"Z Construct--------------------------------------------------------"
"Good Channels:"
[31, 27, 23, 30, 29, 15, 25, 26, 22, 28, 14, 21, 7, 19, 13, 11]
"Number of good channels:"
16
"R=0.5"
"Frozen channels:"
16
"sim ran :10000"
"Decodable Condition:"
"---------------------"
"Bad Channels above threshold:"
[]
"Good channels below threshold:"
[]
"Undecodable Condition:"
"---------------------"
"Lambda Threshold:8.30858940024"
"Good_channels for other p:"
{
  "0.4": [
    31, 
    27
  ], 
  "0.2": [
    31, 
    27, 
    23, 
    30
  ], 
  "0.05": [
    31, 
    27, 
    23, 
    30, 
    29, 
    15, 
    25, 
    26, 
    22, 
    28, 
    14, 
    21, 
    7, 
    19, 
    13, 
    11
  ], 
  "0.3": [
    31, 
    27
  ], 
  "0.1": [
    31, 
    27, 
    23, 
    30, 
    29, 
    15, 
    25, 
    26
  ], 
  "0.07": [
    31, 
    27, 
    23, 
    30, 
    29, 
    15, 
    25, 
    26, 
    22, 
    28, 
    14
  ]
}
"LLRs:"
{
  "0.4": [
    0.06870068469173224, 
    0.0021818588225716224, 
    0.018720393696699922, 
    1.5496878570515087, 
    0.10635448632659428, 
    1.2422934165335875, 
    1.4878618815390126, 
    7.936421909653112, 
    0.2835298419173373, 
    0.7526381085257629, 
    1.0210267718363586, 
    6.618763199794004, 
    1.0854375276197819, 
    6.0295304740705316, 
    5.45117891795047, 
    26.168228854908683, 
    0.3699862725663035, 
    0.43886563652675264, 
    0.7044198952584698, 
    5.588855111630642, 
    1.0650990951250516, 
    4.941303541839468, 
    4.396689428881894, 
    24.755690596362633, 
    1.3876724403995357, 
    4.294600828351329, 
    3.754811911672032, 
    22.664530672575406, 
    3.4090712269184964, 
    20.73307471528591, 
    18.49770199874799, 
    65.76934458985247
  ], 
  "0.2": [
    0.06870068469173224, 
    0.007480658820245565, 
    0.028688395535202485, 
    1.786627487624042, 
    0.12631803608557302, 
    1.4074904705174445, 
    1.5721599614783655, 
    8.691224303483182, 
    0.29714302969151407, 
    0.8917719225168548, 
    1.1284276776154436, 
    7.383543829091765, 
    1.1413833621569975, 
    6.623285000691518, 
    5.869136157431377, 
    27.270544128491828, 
    0.3751603813638471, 
    0.5607727577841887, 
    0.802151910868355, 
    6.279140277588475, 
    1.1188077531569214, 
    5.489740031469521, 
    4.767877590766828, 
    25.794881767262048, 
    1.401854916894198, 
    4.717847292877497, 
    4.082528171794629, 
    23.707557710440366, 
    3.6564835337780366, 
    21.597645593549892, 
    19.111256600529227, 
    67.20917525066366
  ], 
  "0.05": [
    0.06870068469173224, 
    0.6386612467784624, 
    0.5424051732121523, 
    5.706517899177465, 
    0.4644617019146709, 
    4.930725686617302, 
    4.182851489074474, 
    16.915675500390392, 
    0.40816092309126584, 
    4.139508761924344, 
    3.492824425861014, 
    15.932020677756427, 
    2.8579036297293827, 
    14.452844234193087, 
    12.45521511362263, 
    39.517667564319645, 
    0.3865584181352475, 
    3.3852083734174077, 
    2.833603966964083, 
    14.865305646891139, 
    2.3263942013253454, 
    13.393582107803232, 
    11.479508872549768, 
    38.35098838272877, 
    1.8847958697383418, 
    11.89592722636199, 
    10.07336453117159, 
    36.635327953455096, 
    8.30858940024352, 
    33.77074121063749, 
    29.295992503138127, 
    84.8781646768357
  ], 
  "0.3": [
    0.06870068469173224, 
    0.0018701647050613907, 
    0.02017912567306615, 
    1.5477776704959674, 
    0.10688449207240783, 
    1.2649493523159845, 
    1.4976177790895304, 
    7.956610277558103, 
    0.28740255912895657, 
    0.7679084738232079, 
    1.0293474522288304, 
    6.662774383240606, 
    1.0935751280684556, 
    6.064261418926041, 
    5.499514413996795, 
    26.231310240767066, 
    0.3733606913473102, 
    0.4601993827468041, 
    0.7250279241091165, 
    5.603293015882099, 
    1.0624013999727673, 
    4.963994499598518, 
    4.424797723452053, 
    24.785344852189063, 
    1.369437827763543, 
    4.321616560129622, 
    3.795251869265761, 
    22.711063785365432, 
    3.482949107619884, 
    20.79022783824801, 
    18.575692407350562, 
    65.84766666669843
  ], 
  "0.1": [
    0.06870068469173224, 
    0.11657359994882555, 
    0.14684568562086578, 
    3.4672941315685866, 
    0.20528889221180432, 
    2.7837931455715617, 
    2.462607370754426, 
    12.895185527921969, 
    0.30864382625935305, 
    2.1035763222341837, 
    1.903687244322192, 
    11.689936550707628, 
    1.6969040941914182, 
    10.348482150744125, 
    8.873786344722506, 
    33.58967244580195, 
    0.37426053635557865, 
    1.5063148670371767, 
    1.430696790813206, 
    10.435757991241198, 
    1.45528391215109, 
    9.059662303618417, 
    7.7080741423678125, 
    32.056265766735386, 
    1.459321574898531, 
    7.762070002091185, 
    6.5707300909096755, 
    30.054813699182816, 
    5.540212304683838, 
    27.30828172515726, 
    23.737485346658275, 
    76.08489210945768
  ], 
  "0.07": [
    0.06870068469173224, 
    0.3400582822036649, 
    0.31727420485964375, 
    4.628325797040062, 
    0.3178267789062324, 
    3.905424780606315, 
    3.3283119485134676, 
    15.20763370539558, 
    0.3464321578393954, 
    3.1107033399737016, 
    2.690603836418957, 
    14.036902337980232, 
    2.2530108204084156, 
    12.581340329840598, 
    10.8555460931738, 
    36.965324409267325, 
    0.3800345418253012, 
    2.4000464497557523, 
    2.100457728459317, 
    12.859969054356814, 
    1.842525789011003, 
    11.382413309211854, 
    9.75095589521422, 
    35.599060942442875, 
    1.628221976789492, 
    9.882804946684876, 
    8.377175366439827, 
    33.671454365694295, 
    6.984760652866556, 
    30.80813114581848, 
    26.77640641250003, 
    81.02271627751762
  ]
}
"degenerate channels:"
{
  "0.4": [
    7, 
    11, 
    13, 
    14, 
    19, 
    21, 
    22, 
    25, 
    26, 
    28
  ], 
  "0.2": [
    11, 
    13, 
    14, 
    19, 
    21, 
    22, 
    25, 
    26, 
    28
  ], 
  "0.05": [], 
  "0.3": [
    7, 
    11, 
    13, 
    14, 
    19, 
    21, 
    22, 
    25, 
    26, 
    28
  ], 
  "0.1": [
    22, 
    25, 
    26, 
    28
  ], 
  "0.07": [
    28
  ]
}
