"LLR Lambda CHANNEL REPORT"
"---------------------------"
"N=32"
"design_p=0.05"
"Capacity for 32channels:22"
"tolerable error exponent:-1"
"Z Construct--------------------------------------------------------"
"Good Channels:"
[31, 15, 23, 27, 29, 30, 7, 11, 19, 13, 21, 14, 25, 22, 3, 26]
"Number of good channels:"
16
"R=0.5"
"Frozen channels:"
16
"sim ran :1000"
"Decodable Condition:"
"---------------------"
[]
"Undecodable Condition:"
"---------------------"
"Lambda Threshold:5.67679803939"
"Good_channels for other p:"
{
  "0.4": [
    31, 
    15
  ], 
  "0.2": [
    31, 
    15, 
    23, 
    27
  ], 
  "0.05": [
    31, 
    15, 
    23, 
    27, 
    29, 
    30, 
    7, 
    11, 
    19, 
    13, 
    21, 
    14, 
    25, 
    22, 
    3, 
    26
  ], 
  "0.3": [
    31, 
    15
  ], 
  "0.1": [
    31, 
    15, 
    23, 
    27, 
    29, 
    30, 
    7, 
    11
  ], 
  "0.07": [
    31, 
    15, 
    23, 
    27, 
    29, 
    30, 
    7, 
    11, 
    19, 
    13, 
    21
  ]
}
"LLRs:"
{
  "0.4": [
    0.06870068469173594, 
    0.003116941175102318, 
    0.012156099803051896, 
    2.7976691456634204, 
    0.10070109170458329, 
    0.6523473908666616, 
    0.7848323532156176, 
    10.40350510834556, 
    0.2910405662065433, 
    0.3736230021665125, 
    0.5355765751128444, 
    9.408278452075821, 
    1.023552719827869, 
    5.1719269737711935, 
    4.4472867065261275, 
    28.097251412092923, 
    0.3666868408692947, 
    0.21333746220049957, 
    0.34971200473824904, 
    8.494256230734111, 
    1.088887861467879, 
    3.884657484847877, 
    3.3100136012069465, 
    26.484991816996153, 
    1.3685168877313556, 
    3.187856349834758, 
    2.6514877856249988, 
    24.459943295763594, 
    3.448682345932912, 
    17.707076641362196, 
    15.467346353506008, 
    65.5491005542032
  ], 
  "0.2": [
    0.06870068469173617, 
    0.01558470587551159, 
    0.024312199606103778, 
    2.5191215841898664, 
    0.1148345782596125, 
    1.0241401321622547, 
    1.1130709195610113, 
    10.789479862097775, 
    0.3074702755891704, 
    0.6394003724979289, 
    0.7707754057239563, 
    9.472448531078937, 
    1.177608465886595, 
    6.073483455615407, 
    5.3739645703751915, 
    29.051346146582087, 
    0.38918296607599934, 
    0.4381037170188844, 
    0.6307305799743407, 
    8.429730653345837, 
    1.0790780609141142, 
    4.8841373020835235, 
    4.2865339792879, 
    27.52005627382473, 
    1.3427305668319744, 
    3.7416788512890977, 
    3.3076833239379373, 
    24.99068985838918, 
    3.7064689934866966, 
    19.56195526840633, 
    17.306657724019097, 
    67.48065252453661
  ], 
  "0.05": [
    0.06870068469173589, 
    0.595335764444541, 
    0.49596887196451483, 
    5.676798039393783, 
    0.434604711567151, 
    4.864374495334845, 
    4.110075360787679, 
    16.93243725955112, 
    0.38961882250230595, 
    4.050451338958835, 
    3.3982945469467296, 
    15.962264729486371, 
    2.749825425672393, 
    14.344458411660913, 
    12.385750715634444, 
    39.532040841994416, 
    0.37568529095197656, 
    3.310540261647011, 
    2.766471751768672, 
    14.831891768526665, 
    2.246444326812088, 
    13.201365530451563, 
    11.377729644790955, 
    38.26088053323451, 
    1.8363544240486736, 
    11.72482759176507, 
    9.942125423508974, 
    36.562699168993255, 
    8.170579231613143, 
    33.53849170187598, 
    29.153986845853485, 
    84.75862045428525
  ], 
  "0.3": [
    0.06870068469173601, 
    0.0, 
    0.01944975968488303, 
    2.6860964431693866, 
    0.09540103424644732, 
    0.664765433458129, 
    0.8529180889187589, 
    10.415915335482039, 
    0.288693464866168, 
    0.3787966133241178, 
    0.5731132974002332, 
    9.226970570275595, 
    1.0678660031202083, 
    5.11481751951001, 
    4.4911147948415175, 
    27.959395255668525, 
    0.3599380033072833, 
    0.240004644975562, 
    0.42777272008160805, 
    8.377766493563387, 
    1.1109599127138492, 
    4.059372498957345, 
    3.4361373236548047, 
    26.59444338055146, 
    1.36299124753863, 
    3.106809154499973, 
    2.708714140710427, 
    24.29332757403791, 
    3.4895509607889963, 
    17.83697010263981, 
    15.670211578194959, 
    65.59032269991154
  ], 
  "0.1": [
    0.068700684691736, 
    0.1153268234787858, 
    0.14587319763662274, 
    3.579901015568958, 
    0.20670224086730307, 
    2.6971359358886065, 
    2.3165282549915913, 
    13.447351099893837, 
    0.33211483966311106, 
    2.008333064985871, 
    1.828061756237601, 
    12.22093383600151, 
    1.6648586671629486, 
    10.176126200555462, 
    8.841887731194157, 
    34.084443119747, 
    0.39443206195756375, 
    1.4476470649319697, 
    1.3613788755881793, 
    10.913635310331658, 
    1.4469455816802816, 
    8.779345818489267, 
    7.6323436164985345, 
    32.44249745157561, 
    1.444033970365251, 
    7.451839348836876, 
    6.371200866178037, 
    30.35592828201782, 
    5.432382036255303, 
    26.742465807832144, 
    23.415155045208376, 
    76.17852526899445
  ], 
  "0.07": [
    0.06870068469173599, 
    0.33039576456084496, 
    0.31119615495812797, 
    4.748626434052146, 
    0.33390361986256706, 
    3.8922136344071814, 
    3.2235771453101774, 
    15.383213854202058, 
    0.34619744770536287, 
    3.148107851028789, 
    2.6829787476106963, 
    14.331743979989268, 
    2.270454866411143, 
    12.538819315657793, 
    10.814024227560967, 
    37.1461029351709, 
    0.37043619507041214, 
    2.4838575956200963, 
    2.1451084576355086, 
    13.25141844072832, 
    1.8246229030002152, 
    11.469829919353842, 
    9.792321723961885, 
    35.92461664502659, 
    1.6982134192305696, 
    10.00482600188251, 
    8.423719468575516, 
    34.059520766942896, 
    7.048264192872894, 
    30.862686399557546, 
    26.79624212335743, 
    81.33718236049381
  ]
}
"degenerate channels:"
{
  "0.4": [
    3, 
    13, 
    14, 
    21, 
    22, 
    25, 
    26
  ], 
  "0.2": [
    3, 
    14, 
    21, 
    22, 
    25, 
    26
  ], 
  "0.05": [], 
  "0.3": [
    3, 
    13, 
    14, 
    21, 
    22, 
    25, 
    26
  ], 
  "0.1": [
    3
  ], 
  "0.07": [
    3
  ]
}
