"LLR Lambda CHANNEL REPORT"
"---------------------------"
"N=32"
"design_p=0.05"
"Capacity for 32channels:22"
"tolerable error exponent:-1"
"Z Construct--------------------------------------------------------"
"Good Channels:"
[31, 15, 23, 27, 29, 30, 7, 11, 19, 13, 21, 14, 25, 22, 3, 26]
"Number of good channels:"
16
"R=0.5"
"Frozen channels:"
16
"sim ran :10000"
"Decodable Condition:"
"---------------------"
"Bad Channels above threshold:"
[]
"Good channels below threshold:"
[]
"Undecodable Condition:"
"---------------------"
"Lambda Threshold:5.70785450927"
"Good_channels for other p:"
{
  "0.4": [
    31, 
    15
  ], 
  "0.2": [
    31, 
    15, 
    23, 
    27
  ], 
  "0.05": [
    31, 
    15, 
    23, 
    27, 
    29, 
    30, 
    7, 
    11, 
    19, 
    13, 
    21, 
    14, 
    25, 
    22, 
    3, 
    26
  ], 
  "0.3": [
    31, 
    15
  ], 
  "0.1": [
    31, 
    15, 
    23, 
    27, 
    29, 
    30, 
    7, 
    11
  ], 
  "0.07": [
    31, 
    15, 
    23, 
    27, 
    29, 
    30, 
    7, 
    11, 
    19, 
    13, 
    21
  ]
}
"LLRs:"
{
  "0.4": [
    0.06870068469173224, 
    0.0012467764700409272, 
    0.009968001838502556, 
    2.7530593639636267, 
    0.10794450356403504, 
    0.7153632941933282, 
    0.8495131429905524, 
    10.442770440238744, 
    0.29315295741287606, 
    0.3905931018440178, 
    0.5312666079622479, 
    9.338850543208288, 
    1.086029220054179, 
    5.093572727819993, 
    4.543050087267334, 
    28.05264768952946, 
    0.37613521345613793, 
    0.23124257063518291, 
    0.3799995622914707, 
    8.451354246049794, 
    1.0631371350143002, 
    3.96230542521855, 
    3.4796888664568217, 
    26.591331114445442, 
    1.372569023872752, 
    3.1275212155302268, 
    2.7037545232695956, 
    24.392300406291774, 
    3.4486823459328577, 
    17.717987692108608, 
    15.656687229883044, 
    65.59267825110135
  ], 
  "0.2": [
    0.06870068469173224, 
    0.0056104941151841736, 
    0.02625717557459211, 
    2.5949049930462214, 
    0.11306789244023314, 
    1.0816988562090661, 
    1.1718180102721967, 
    10.748777083088429, 
    0.2937397327479699, 
    0.6736593231649707, 
    0.7882387345149475, 
    9.508618456471643, 
    1.1311125408588636, 
    6.136197463732004, 
    5.424752675107612, 
    29.043432801471067, 
    0.3766601230442945, 
    0.4201986085842077, 
    0.5754635935112411, 
    8.534671880186172, 
    1.0866806563433384, 
    4.94937430074069, 
    4.274890361498392, 
    27.533265797610884, 
    1.3731215878920269, 
    3.9951764678087978, 
    3.4499861935836553, 
    25.29437026389651, 
    3.6250461377348926, 
    19.876297444698274, 
    17.512678629980975, 
    67.79924082208724
  ], 
  "0.05": [
    0.06870068469173224, 
    0.6386612467784624, 
    0.5399739532515421, 
    5.707854509265146, 
    0.4665817248979255, 
    4.893506706474959, 
    4.157705990269794, 
    16.97504693364092, 
    0.4146154517772979, 
    4.11077404131847, 
    3.4735117587124784, 
    15.980406958032718, 
    2.837675450613141, 
    14.404718753382408, 
    12.434911882626757, 
    39.560928347184344, 
    0.38715831480742646, 
    3.3874941319409855, 
    2.844532467112151, 
    14.952524081706176, 
    2.3263942013253445, 
    13.36409597864646, 
    11.464599989096016, 
    38.41474251827201, 
    1.8881112538539762, 
    11.852251793320479, 
    10.053526061408633, 
    36.68798222805486, 
    8.300415677272287, 
    33.70111831539257, 
    29.25541945820028, 
    84.90643129103607
  ], 
  "0.3": [
    0.06870068469173224, 
    0.0003116941175102318, 
    0.012399221799112937, 
    2.6725733330732524, 
    0.11183121236666803, 
    0.7248575350409188, 
    0.9092147274971079, 
    10.44173375349267, 
    0.2957347688872889, 
    0.438089933575292, 
    0.5666449618632908, 
    9.31814571453968, 
    1.067098420478804, 
    5.243010085255815, 
    4.642951586231073, 
    28.16906677620942, 
    0.3705111821544601, 
    0.25486207537880984, 
    0.4255870200519922, 
    8.352316565833993, 
    1.0773613458172624, 
    4.061714482755253, 
    3.54174429701268, 
    26.627255357095027, 
    1.3944873966372295, 
    3.2270291609135024, 
    2.8124845979319244, 
    24.42372634526944, 
    3.464715417914861, 
    18.013105636131524, 
    15.887051962807618, 
    65.8276444816387
  ], 
  "0.1": [
    0.06870068469173224, 
    0.13402847052939815, 
    0.15024939356572012, 
    3.7324439715077204, 
    0.21359231556288466, 
    2.759147232474405, 
    2.3943578503876735, 
    13.643654546547346, 
    0.3154504201464414, 
    2.0776093950918897, 
    1.8779778633345965, 
    12.362288622949894, 
    1.7005243009907984, 
    10.312605628141517, 
    8.89194958466039, 
    34.26485468927201, 
    0.38280906393412895, 
    1.5101244645764713, 
    1.426013147892601, 
    11.186648292148911, 
    1.4430216614588809, 
    9.056496226557716, 
    7.7028759946847245, 
    32.77129076090093, 
    1.4556378147700464, 
    7.606279282169843, 
    6.467722651755887, 
    30.63137887564866, 
    5.551529767259351, 
    27.035505456474297, 
    23.52289902009831, 
    76.53715793665758
  ], 
  "0.07": [
    0.06870068469173224, 
    0.3144993645678242, 
    0.29369137124172445, 
    4.727541972422694, 
    0.3021032751137614, 
    3.855158698913997, 
    3.2939459654899585, 
    15.444369599482, 
    0.3461974477053579, 
    3.0404949651962276, 
    2.613695221995501, 
    14.285502207425935, 
    2.1956400479982405, 
    12.547084253647048, 
    10.799730648794126, 
    37.18936857408541, 
    0.3767351101283169, 
    2.3851890193525036, 
    2.072980356658472, 
    13.152301124899738, 
    1.8233966779311592, 
    11.370597941358417, 
    9.73213909392469, 
    35.8561086848383, 
    1.598015143735926, 
    9.83552741607289, 
    8.337879935947877, 
    33.917310363555096, 
    6.9306883316723615, 
    30.718244870614424, 
    26.668211625999184, 
    81.20880482100115
  ]
}
"degenerate channels:"
{
  "0.4": [
    3, 
    13, 
    14, 
    21, 
    22, 
    25, 
    26
  ], 
  "0.2": [
    3, 
    14, 
    21, 
    22, 
    25, 
    26
  ], 
  "0.05": [], 
  "0.3": [
    3, 
    13, 
    14, 
    21, 
    22, 
    25, 
    26
  ], 
  "0.1": [
    3
  ], 
  "0.07": [
    3
  ]
}
