"LLR Lambda CHANNEL REPORT"
"---------------------------"
"N=32"
"design_p=0.05"
"Capacity for 32channels:22"
"tolerable error exponent:-1"
"Z Construct--------------------------------------------------------"
"Good Channels:"
[31, 15, 23, 27, 29, 30, 7, 11, 19, 13, 21, 14, 25, 22, 3, 26]
"Number of good channels:"
16
"R=0.5"
"Frozen channels:"
16
"Decodable Condition:"
"---------------------"
[]
"Undecodable Condition:"
"---------------------"
"Lambda Threshold:6.2516674064e+298"
"Good_channels for other p:"
{
  "0.2": [
    31, 
    15, 
    23, 
    27
  ], 
  "0.1": [
    31, 
    15, 
    23, 
    27, 
    29, 
    30, 
    7, 
    11
  ], 
  "0.05": [
    31, 
    15, 
    23, 
    27, 
    29, 
    30, 
    7, 
    11, 
    19, 
    13, 
    21, 
    14, 
    25, 
    22, 
    3, 
    26
  ]
}
"LLRs:"
{
  "0.2": [
    7.361337496678411e+296, 
    3.2967561090711663e+121, 
    1.9409307194926447e+290, 
    3.5602344295669927e+298, 
    1.269368200217697e+291, 
    1.7574876813985335e+296, 
    1.4533927557507874e+296, 
    1.2286541915925716e+299, 
    6.387318749325646e+297, 
    1.084426278677698e+298, 
    5.883506144009863e+296, 
    9.345824327931956e+298, 
    8.328913228877686e+297, 
    8.13486001339729e+298, 
    8.203321176268196e+298, 
    3.292303729300941e+299, 
    4.087259728382178e+297, 
    7.816360887643998e+292, 
    8.365362169251948e+297, 
    9.829830107979769e+298, 
    2.6128736537390875e+298, 
    3.986038176892493e+298, 
    3.398307750120043e+298, 
    2.9612256005439934e+299, 
    9.696520874743295e+297, 
    3.6881074620009203e+298, 
    4.1388275826581905e+298, 
    2.699861455218698e+299, 
    3.3411754648707566e+298, 
    2.1152231468638e+299, 
    1.955117076429597e+299, 
    7.286383781190232e+299
  ], 
  "0.1": [
    7.361337496678411e+296, 
    3.261751117424528e+295, 
    2.544171987129465e+295, 
    4.79181237811838e+298, 
    5.0468195251352e+297, 
    2.8847577865359e+298, 
    2.9426035114365884e+298, 
    1.5126005790402975e+299, 
    4.144544138886707e+297, 
    3.485898201090595e+298, 
    2.8872508508019403e+298, 
    1.5608769820594656e+299, 
    1.4287526770172104e+298, 
    1.2946464862816697e+299, 
    1.0625983730944254e+299, 
    3.9154623066015864e+299, 
    6.996392071861532e+297, 
    1.286647256406853e+298, 
    1.054564368628544e+298, 
    1.3010521184313005e+299, 
    2.5345532743429795e+297, 
    1.027430654393547e+299, 
    8.380123420691771e+298, 
    3.611343991064894e+299, 
    1.3074171572092251e+298, 
    1.0168240254281777e+299, 
    8.679466231821737e+298, 
    3.5940971015771495e+299, 
    6.2047172318959805e+298, 
    3.171913487586997e+299, 
    2.697410069515216e+299, 
    8.561709732495246e+299
  ], 
  "0.05": [
    7.361337496678414e+296, 
    1.635888251144776e+297, 
    1.2759959030605141e+297, 
    6.251667406401358e+298, 
    1.0808924800476114e+297, 
    5.472691069820108e+298, 
    4.6935280513984775e+298, 
    1.887200334299223e+299, 
    7.673862100344355e+296, 
    4.764652586432286e+298, 
    3.9878608984074917e+298, 
    1.8155512275606745e+299, 
    3.1957773554768663e+298, 
    1.6633749858506855e+299, 
    1.4392924116252146e+299, 
    4.413101530794354e+299, 
    3.0130292260613933e+297, 
    3.0000558697520314e+298, 
    2.459114942222304e+298, 
    1.6145560687522445e+299, 
    1.910136691547374e+298, 
    1.4624702985181063e+299, 
    1.260864919165476e+299, 
    4.189354892231726e+299, 
    1.458890649734582e+298, 
    1.3176017978907512e+299, 
    1.1164344404721063e+299, 
    4.043435671821958e+299, 
    9.172375441495174e+298, 
    3.7428107457801825e+299, 
    3.247510827904573e+299, 
    9.290108602770752e+299
  ]
}
"degenerate channels:"
{
  "0.2": [
    3, 
    21, 
    22, 
    25, 
    26
  ], 
  "0.1": [
    3
  ], 
  "0.05": []
}
