"LLR Lambda CHANNEL REPORT"
"---------------------------"
"N=32"
"design_p=0.05"
"Capacity for 32channels:22"
"tolerable error exponent:-1"
"Z Construct--------------------------------------------------------"
"Good Channels:"
[31, 15, 23, 27, 29, 30, 7, 11, 19, 13, 21, 14, 25, 22, 3, 26]
"Number of good channels:"
16
"R=0.5"
"Frozen channels:"
16
"sim ran :10000"
"Decodable Condition:"
"---------------------"
[]
"Undecodable Condition:"
"---------------------"
"Lambda Threshold:5.69874993427"
"Good_channels for other p:"
{
  "0.4": [
    31, 
    15
  ], 
  "0.2": [
    31, 
    15, 
    23, 
    27
  ], 
  "0.05": [
    31, 
    15, 
    23, 
    27, 
    29, 
    30, 
    7, 
    11, 
    19, 
    13, 
    21, 
    14, 
    25, 
    22, 
    3, 
    26
  ], 
  "0.3": [
    31, 
    15
  ], 
  "0.1": [
    31, 
    15, 
    23, 
    27, 
    29, 
    30, 
    7, 
    11
  ], 
  "0.07": [
    31, 
    15, 
    23, 
    27, 
    29, 
    30, 
    7, 
    11, 
    19, 
    13, 
    21
  ]
}
"LLRs:"
{
  "0.4": [
    0.06870068469173224, 
    0.0006233882350204636, 
    0.010454245830624632, 
    2.723456826045276, 
    0.1056478119988428, 
    0.7234811619850923, 
    0.8818797883243675, 
    10.415192150373713, 
    0.2964388992894015, 
    0.390862636105824, 
    0.5211845536720637, 
    9.341488392234375, 
    1.0658561697500502, 
    5.10456462452789, 
    4.568505278899116, 
    28.066046054653984, 
    0.3741105621875339, 
    0.23467120842054806, 
    0.3890546052713003, 
    8.406256026442005, 
    1.0550440495574431, 
    3.978474996414924, 
    3.5057649038915026, 
    26.579642818292914, 
    1.388961756444505, 
    3.1306730509043574, 
    2.726263556269872, 
    24.371249463568816, 
    3.41881681969187, 
    17.768905928929463, 
    15.716645174068839, 
    65.63566706019719
  ], 
  "0.2": [
    0.06870068469173224, 
    0.00498710588016371, 
    0.024798443598225882, 
    2.5608244017790396, 
    0.11783794415255541, 
    1.1116503103253488, 
    1.1576707198630949, 
    10.757752096792204, 
    0.2984339354287205, 
    0.6713468721439614, 
    0.7946434598535511, 
    9.525546215531156, 
    1.1321447376174696, 
    6.127652329609799, 
    5.459227467625575, 
    29.067636588330227, 
    0.3754603296999366, 
    0.4369608377571051, 
    0.6091858225395721, 
    8.486890050725378, 
    1.1023763372293645, 
    4.982567759063497, 
    4.339941487505572, 
    27.55505278925711, 
    1.3823309882132324, 
    4.020841412998155, 
    3.4469341213124323, 
    25.281882938913284, 
    3.623159893972305, 
    19.922019943068094, 
    17.59021822697315, 
    67.84870739693726
  ], 
  "0.05": [
    0.06870068469173224, 
    0.631803976193238, 
    0.5421620512160913, 
    5.698749934273999, 
    0.47011509653668304, 
    4.908648474135961, 
    4.145818775109936, 
    16.972579246504736, 
    0.4147328068443167, 
    4.115379902484962, 
    3.45524346379271, 
    15.976583311197242, 
    2.8535261078343797, 
    14.43238603715725, 
    12.4297103714149, 
    39.5702446495966, 
    0.38850808231982914, 
    3.388256051448844, 
    2.832042752657223, 
    14.95172381698321, 
    2.3241869962007486, 
    13.390830542636753, 
    11.465542964726424, 
    38.42963276091083, 
    1.8892163818925247, 
    11.8783670007061, 
    10.04284380845939, 
    36.70080297829772, 
    8.31299063568955, 
    33.74476251838187, 
    29.261730820746273, 
    84.93587568082746
  ], 
  "0.3": [
    0.06870068469173224, 
    0.0003116941175102318, 
    0.010211123834563594, 
    2.6867282111712005, 
    0.11059453229310298, 
    0.7164977576884175, 
    0.8721213713063479, 
    10.444633927205274, 
    0.28881081993318175, 
    0.42648478324622474, 
    0.5840468018154158, 
    9.307425017075785, 
    1.0890655322702305, 
    5.221348398484434, 
    4.640826559543155, 
    28.145418908820478, 
    0.37553531678395896, 
    0.2556239948866688, 
    0.4102871198446939, 
    8.385136587263185, 
    1.0624013999727673, 
    4.076143398882033, 
    3.5581922449592587, 
    26.664417379319424, 
    1.3699903917828102, 
    3.2526941061028727, 
    2.8151551611692613, 
    24.46027862229772, 
    3.421646185335754, 
    18.056749839120805, 
    15.939796921226723, 
    65.88476659783429
  ], 
  "0.1": [
    0.06870068469173224, 
    0.1346518587644186, 
    0.14927690558147602, 
    3.721499080034468, 
    0.21482899563644972, 
    2.789047497330205, 
    2.4554297794427797, 
    13.646349536548186, 
    0.31134299280078465, 
    2.1146746514043704, 
    1.9061631897619407, 
    12.424879344457858, 
    1.709294649233286, 
    10.369927715175322, 
    8.957665925267172, 
    34.33734425516949, 
    0.37815986472474195, 
    1.5497442789851374, 
    1.4469334196046262, 
    11.18878332938373, 
    1.4425311714311955, 
    9.084526003487458, 
    7.788923367751143, 
    32.80711837616907, 
    1.4707412312968304, 
    7.686876215308325, 
    6.575308199316502, 
    30.73314391977894, 
    5.6068595842952975, 
    27.148772554708387, 
    23.672568474757817, 
    76.68084655884054
  ], 
  "0.07": [
    0.06870068469173224, 
    0.3447336939663187, 
    0.3184898148399489, 
    4.788401375254278, 
    0.318533453233984, 
    3.929025347386395, 
    3.352110736621154, 
    15.524363575823408, 
    0.3504222301180334, 
    3.1608552030577246, 
    2.6950643041409705, 
    14.445396055442993, 
    2.2638936468419484, 
    12.711821912509242, 
    10.939150675195503, 
    37.38792461595377, 
    0.3771850326324511, 
    2.4469044994890803, 
    2.128871828844297, 
    13.247511317436933, 
    1.868767005492324, 
    11.495309135118031, 
    9.830718053934875, 
    35.98941875745466, 
    1.6326424889436664, 
    10.003925477490748, 
    8.469882061678193, 
    34.118811169916654, 
    7.048264192873749, 
    30.944779067082347, 
    26.852142763050548, 
    81.4690932267595
  ]
}
"degenerate channels:"
{
  "0.4": [
    3, 
    13, 
    14, 
    21, 
    22, 
    25, 
    26
  ], 
  "0.2": [
    3, 
    14, 
    21, 
    22, 
    25, 
    26
  ], 
  "0.05": [], 
  "0.3": [
    3, 
    13, 
    14, 
    21, 
    22, 
    25, 
    26
  ], 
  "0.1": [
    3
  ], 
  "0.07": [
    3
  ]
}
