"LLR Lambda CHANNEL REPORT"
"---------------------------"
"N=32"
"design_p=0.05"
"Capacity for 32channels:22"
"tolerable error exponent:-1"
"Z Construct--------------------------------------------------------"
"Good Channels:"
[31, 15, 23, 27, 29, 30, 7, 11, 19, 13, 21, 14, 25, 22, 3, 26]
"Number of good channels:"
16
"R=0.5"
"Frozen channels:"
16
"sim ran :1000"
"Decodable Condition:"
"---------------------"
[]
"Undecodable Condition:"
"---------------------"
"Lambda Threshold:5.68718299931"
"Good_channels for other p:"
{
  "0.4": [
    31, 
    15
  ], 
  "0.2": [
    31, 
    15, 
    23, 
    27
  ], 
  "0.05": [
    31, 
    15, 
    23, 
    27, 
    29, 
    30, 
    7, 
    11, 
    19, 
    13, 
    21, 
    14, 
    25, 
    22, 
    3, 
    26
  ], 
  "0.3": [
    31, 
    15
  ], 
  "0.1": [
    31, 
    15, 
    23, 
    27, 
    29, 
    30, 
    7, 
    11
  ], 
  "0.07": [
    31, 
    15, 
    23, 
    27, 
    29, 
    30, 
    7, 
    11, 
    19, 
    13, 
    21
  ]
}
"LLRs:"
{
  "0.4": [
    0.06870068469173599, 
    0.003116941175102318, 
    0.014587319763662272, 
    2.666841123050924, 
    0.1024677775239619, 
    0.6400021293363695, 
    0.8760908970428471, 
    10.309457899328264, 
    0.2839992621854174, 
    0.41825660233537504, 
    0.570155241146921, 
    9.223497928335528, 
    1.0845031386468647, 
    5.092327008126612, 
    4.383742559816782, 
    27.897101452981644, 
    0.3741855492715296, 
    0.240004644975562, 
    0.35907929057945226, 
    8.384323749177327, 
    1.0153143573146455, 
    3.912255177894348, 
    3.3569689772119133, 
    26.483192773275757, 
    1.4200895295301152, 
    3.1113117764630247, 
    2.670563237320144, 
    24.253469677238733, 
    3.473832262767429, 
    17.665510733753376, 
    15.467346353506027, 
    65.41954523911988
  ], 
  "0.2": [
    0.06870068469173617, 
    0.012467764700409271, 
    0.01944975968488302, 
    2.6472087502921164, 
    0.08126754769141808, 
    1.09786473539384, 
    1.1508415274039228, 
    10.606381421693053, 
    0.25583404610091376, 
    0.5983048214255772, 
    0.7283818565639051, 
    9.644169027131666, 
    1.1712844122171553, 
    5.931256964695979, 
    5.392384342690576, 
    28.95015174470937, 
    0.35843826162683634, 
    0.4114365342438217, 
    0.580771722154591, 
    8.522144454835475, 
    1.0251241578684103, 
    4.820490909127481, 
    4.382923771572184, 
    27.422616196311182, 
    1.3372049266392523, 
    3.9397942176630076, 
    3.3610945886843404, 
    25.273611157287853, 
    3.5901506281270623, 
    19.67106577587949, 
    17.49149048429125, 
    67.6749854971616
  ], 
  "0.05": [
    0.06870068469173604, 
    0.6109204703200525, 
    0.5227122915312288, 
    5.687182999306291, 
    0.439904769025287, 
    4.901525131426007, 
    4.152222884507928, 
    16.99221523360692, 
    0.3954865758532442, 
    4.08231392263721, 
    3.423587451902271, 
    15.956231385073009, 
    2.8012649978685475, 
    14.372161858712799, 
    12.440995427021145, 
    39.555964935297574, 
    0.3839338701944349, 
    3.2953018714898374, 
    2.738369894245059, 
    14.84887080973148, 
    2.280778628750263, 
    13.269242850565586, 
    11.406780472761904, 
    38.33118387527112, 
    1.8381963041129135, 
    11.71131972587595, 
    9.93068015249187, 
    36.54329144462086, 
    8.217735325677854, 
    33.55407891722926, 
    29.158494961957647, 
    84.76450933224365
  ], 
  "0.3": [
    0.06870068469173611, 
    0.0, 
    0.00972487984244152, 
    2.715573828003816, 
    0.1113012066208552, 
    0.7284613805522089, 
    0.9830655184984227, 
    10.506337261027433, 
    0.30629672491898274, 
    0.5041137686273236, 
    0.6069571858755729, 
    9.580865645398056, 
    1.1392753747265183, 
    5.532217159173833, 
    4.785863564975605, 
    28.528916355549967, 
    0.3854336118748819, 
    0.30095820560427655, 
    0.45275214899148264, 
    8.456183041878852, 
    1.083982961190996, 
    4.193751955536494, 
    3.6534110168464915, 
    26.76523762020412, 
    1.418247649465875, 
    3.45351104565432, 
    3.025366638849812, 
    24.774506959624905, 
    3.3952387726595714, 
    18.413697070712345, 
    16.166104349656806, 
    66.33232132266154
  ], 
  "0.1": [
    0.06870068469173603, 
    0.12467764700409276, 
    0.12885465791235007, 
    3.800722878125292, 
    0.21376898414481774, 
    2.688391479825381, 
    2.3866953291694375, 
    13.647619977755099, 
    0.29690831955748154, 
    2.143806781739936, 
    1.8711974376427605, 
    12.586352565977798, 
    1.727298168985401, 
    10.410484108820594, 
    8.83435614059514, 
    34.412058108428845, 
    0.37568529095197656, 
    1.5124102230999787, 
    1.4394395909315383, 
    11.25580410100979, 
    1.4126112797421058, 
    9.020983369313056, 
    7.592181620690312, 
    32.74966506452171, 
    1.4753459314573574, 
    7.767022886249934, 
    6.592476105841714, 
    30.864167477272623, 
    5.498400567945904, 
    27.13214619166489, 
    23.473760554562954, 
    76.67907989545269
  ], 
  "0.07": [
    0.068700684691736, 
    0.361565176311868, 
    0.3306459146430108, 
    4.881291191968341, 
    0.3056366467525084, 
    4.050852235599458, 
    3.435973374391394, 
    15.717102022533776, 
    0.34619744770536287, 
    3.1724275037385494, 
    2.7414080958605935, 
    14.507311240991124, 
    2.325267385465951, 
    12.805809973052922, 
    11.056721588610849, 
    37.54167249262089, 
    0.3666868408692947, 
    2.6019551193382267, 
    2.241903744661279, 
    13.495165378302746, 
    1.9398880595069472, 
    11.797865449576674, 
    10.10475135666495, 
    36.37353808813531, 
    1.626380096725155, 
    10.144407282736848, 
    8.595398533831803, 
    34.35115313403468, 
    7.214882391901558, 
    31.241975306488136, 
    27.143367063380808, 
    81.84951474286885
  ]
}
"degenerate channels:"
{
  "0.4": [
    3, 
    13, 
    14, 
    21, 
    22, 
    25, 
    26
  ], 
  "0.2": [
    3, 
    14, 
    21, 
    22, 
    25, 
    26
  ], 
  "0.05": [], 
  "0.3": [
    3, 
    13, 
    14, 
    21, 
    22, 
    25, 
    26
  ], 
  "0.1": [
    3
  ], 
  "0.07": [
    3
  ]
}
