"LLR Lambda CHANNEL REPORT"
"---------------------------"
"N=32"
"design_p=0.05"
"Capacity for 32channels:22"
"tolerable error exponent:-1"
"Z Construct--------------------------------------------------------"
"Good Channels:"
[31, 15, 23, 27, 29, 30, 7, 11, 19, 13, 21, 14, 25, 22, 3, 26]
"Number of good channels:"
16
"R=0.5"
"Frozen channels:"
16
"sim ran :100"
"Decodable Condition:"
"---------------------"
[28]
"Undecodable Condition:"
"---------------------"
"Lambda Threshold:5.52809107449e+28"
"Good_channels for other p:"
{
  "0.4": [
    31, 
    15
  ], 
  "0.2": [
    31, 
    15, 
    23, 
    27
  ], 
  "0.05": [
    31, 
    15, 
    23, 
    27, 
    29, 
    30, 
    7, 
    11, 
    19, 
    13, 
    21, 
    14, 
    25, 
    22, 
    3, 
    26
  ], 
  "0.3": [
    31, 
    15
  ], 
  "0.1": [
    31, 
    15, 
    23, 
    27, 
    29, 
    30, 
    7, 
    11
  ], 
  "0.07": [
    31, 
    15, 
    23, 
    27, 
    29, 
    30, 
    7, 
    11, 
    19, 
    13, 
    21
  ]
}
"LLRs:"
{
  "0.4": [
    8.708846418556861e+26, 
    0.0, 
    2.441485412418843e-06, 
    5.323442503357609e+28, 
    1.7496409031530702e+26, 
    2.789768734338046e+22, 
    4.220235089167533e+25, 
    1.4219421396996146e+29, 
    8.484720547690116e+27, 
    9.283284154058024e+22, 
    2.5320547232890386e+24, 
    1.3222372265649219e+29, 
    1.0525221994783953e+28, 
    1.9383445473367368e+28, 
    1.667414146509861e+28, 
    3.2057428863884974e+29, 
    5.610819786382805e+27, 
    1.1243991083930319e+19, 
    1.151976488000539e+19, 
    1.2641297510368458e+29, 
    2.6294695210813944e+28, 
    5.721788595202565e+28, 
    4.877459409713466e+28, 
    3.575119523914749e+29, 
    9.931776100732226e+27, 
    2.136890092541731e+28, 
    1.8102959417355204e+28, 
    3.0732020947576806e+29, 
    5.681302745483545e+28, 
    1.6962764693404834e+29, 
    1.4711916045628147e+29, 
    7.893825039400562e+29
  ], 
  "0.2": [
    8.708846418556854e+26, 
    0.0, 
    2.91038304567337e-13, 
    2.3515195450515903e+28, 
    3.1493538525004237e+27, 
    1.8356301313300532e+28, 
    3.7280083186869377e+28, 
    1.3092938048859812e+29, 
    2.1218047618583362e+27, 
    2.166826097442958e+28, 
    1.7848422932453655e+28, 
    1.1894028596673419e+29, 
    1.2967563075118904e+28, 
    9.556635274928442e+28, 
    6.711018481208917e+28, 
    3.697214783422253e+29, 
    3.8065091917014375e+27, 
    4.5274115541862737e+27, 
    4.4892760895780917e+27, 
    1.0421783690535387e+29, 
    1.1786031283305418e+28, 
    8.345415786528755e+28, 
    4.680127439372533e+28, 
    3.53154903538473e+29, 
    2.065841968927055e+28, 
    7.2933498838174494e+28, 
    7.293614904092303e+28, 
    3.3978303665659885e+29, 
    4.880181117398971e+28, 
    2.930691381857933e+29, 
    2.3874522330160266e+29, 
    8.904095352931224e+29
  ], 
  "0.05": [
    8.708846418556847e+26, 
    4.669869523172489e+26, 
    8.069094304259462e+27, 
    5.528091074485474e+28, 
    5.863539586517502e+27, 
    6.513023263958016e+28, 
    4.194316987048006e+28, 
    2.0477900653752436e+29, 
    3.894954460251418e+27, 
    5.641265214453869e+28, 
    3.5455709252633943e+28, 
    1.959923469365489e+29, 
    4.654602368568719e+28, 
    1.9709017084888254e+29, 
    1.5652543461760896e+29, 
    5.0353162407372045e+29, 
    3.6955846549346177e+27, 
    4.273218687136866e+28, 
    2.5128854164278473e+28, 
    1.8105283103156858e+29, 
    3.5281213684619646e+28, 
    1.821549994866645e+29, 
    1.4267979116848229e+29, 
    4.874898289072729e+29, 
    2.649748637413851e+28, 
    1.6466085120561416e+29, 
    1.274273210089549e+29, 
    4.699164849483457e+29, 
    1.2492943734309814e+29, 
    4.534633464917116e+29, 
    3.791636178682546e+29, 
    1.0924983752631885e+30
  ], 
  "0.3": [
    8.708846418556858e+26, 
    0.0, 
    0.0, 
    4.721587140245467e+28, 
    5.703184150251694e+18, 
    2.9542497152400977e+28, 
    2.457560009723217e+28, 
    1.7374273776422348e+29, 
    3.019081045202742e+25, 
    1.88653647998353e+26, 
    1.5462462590624761e+26, 
    1.3807004081292447e+29, 
    6.315705715326562e+27, 
    9.317886635197401e+28, 
    8.78983967743737e+28, 
    4.042456960005393e+29, 
    6.601616980071865e+25, 
    1.1790169580369873e+26, 
    5.044320415208507e+27, 
    1.2196213286248977e+29, 
    5.179121459963769e+27, 
    8.632690938465877e+28, 
    7.294456505662074e+28, 
    3.871394176913465e+29, 
    2.3186450620770297e+28, 
    4.042470339114954e+28, 
    2.820676755875254e+28, 
    3.2674271902371044e+29, 
    4.261120382678455e+28, 
    2.687515216597599e+29, 
    2.3318399841635377e+29, 
    8.924762974084275e+29
  ], 
  "0.1": [
    8.708846418556843e+26, 
    1.197096204243476e+21, 
    4.8155365910518965e+26, 
    2.9801990427046994e+28, 
    3.499518830475446e+26, 
    5.311352573936528e+28, 
    2.1920393809450455e+28, 
    1.783635071781765e+29, 
    3.967935879327758e+27, 
    1.2575884804900322e+28, 
    2.971984880859889e+28, 
    1.2253318617375676e+29, 
    2.461208747817864e+28, 
    1.4315121951792654e+29, 
    9.508229306156143e+28, 
    4.227106875475908e+29, 
    8.477521561848869e+27, 
    4.999196348819529e+27, 
    5.33467294157512e+27, 
    1.1025340407191448e+29, 
    4.189981976757612e+27, 
    1.2766475610686662e+29, 
    8.423909608700995e+28, 
    4.09224885150839e+29, 
    1.4980878637639695e+28, 
    6.246593303275729e+28, 
    2.7137536490690265e+28, 
    3.3020580895798245e+29, 
    6.487466281566695e+28, 
    3.344906330232564e+29, 
    2.6064090674203037e+29, 
    9.36507691430077e+29
  ], 
  "0.07": [
    8.708846418556861e+26, 
    5.247677342044358e+27, 
    4.093198165795428e+27, 
    3.9577536747720086e+28, 
    2.975244164531723e+27, 
    5.966387403445942e+28, 
    2.842121751005847e+28, 
    1.8823188689438156e+29, 
    9.416439958099849e+27, 
    1.881051766088214e+28, 
    1.5720446514947511e+28, 
    1.6387778105081054e+29, 
    1.3712403929669068e+28, 
    1.5149969746398262e+29, 
    1.2687632613209189e+29, 
    4.661040610504613e+29, 
    6.371983669498027e+27, 
    1.665893275200016e+28, 
    3.3464091346548574e+28, 
    1.2453057976638426e+29, 
    2.628323853936325e+28, 
    1.426856263019788e+29, 
    9.393099892027646e+28, 
    4.242989894494565e+29, 
    1.390109032639415e+28, 
    8.922988905330723e+28, 
    5.140171037712706e+28, 
    3.6386131724129414e+29, 
    8.098998262731813e+28, 
    3.6434336904877324e+29, 
    2.875251426658045e+29, 
    9.727902632547878e+29
  ]
}
"degenerate channels:"
{
  "0.4": [
    3, 
    13, 
    14, 
    22, 
    25, 
    26
  ], 
  "0.2": [
    3, 
    22
  ], 
  "0.05": [], 
  "0.3": [
    3, 
    25, 
    26
  ], 
  "0.1": [
    3, 
    26
  ], 
  "0.07": [
    3, 
    26
  ]
}
