"LLR Lambda CHANNEL REPORT"
"---------------------------"
"N=32"
"design_p=0.05"
"Capacity for 32channels:22"
"tolerable error exponent:-1"
"Z Construct--------------------------------------------------------"
"Good Channels:"
[31, 15, 23, 27, 29, 30, 7, 11, 19, 13, 21, 14, 25, 22, 3, 26]
"Number of good channels:"
16
"R=0.5"
"Frozen channels:"
16
"sim ran :1000"
"Decodable Condition:"
"---------------------"
[]
"Undecodable Condition:"
"---------------------"
"Lambda Threshold:5.73432697465"
"Good_channels for other p:"
{
  "0.4": [
    31, 
    15
  ], 
  "0.2": [
    31, 
    15, 
    23, 
    27
  ], 
  "0.05": [
    31, 
    15, 
    23, 
    27, 
    29, 
    30, 
    7, 
    11, 
    19, 
    13, 
    21, 
    14, 
    25, 
    22, 
    3, 
    26
  ], 
  "0.3": [
    31, 
    15
  ], 
  "0.1": [
    31, 
    15, 
    23, 
    27, 
    29, 
    30, 
    7, 
    11
  ], 
  "0.07": [
    31, 
    15, 
    23, 
    27, 
    29, 
    30, 
    7, 
    11, 
    19, 
    13, 
    21
  ]
}
"LLRs:"
{
  "0.4": [
    0.06870068469173604, 
    0.0, 
    0.007293659881831137, 
    2.694361511302565, 
    0.1113012066208552, 
    0.7867530527599288, 
    0.9336365418640328, 
    10.438774780121445, 
    0.28517281285560503, 
    0.3767505928966518, 
    0.5547750493612478, 
    9.322785693235168, 
    1.0765772019482962, 
    5.16187416019635, 
    4.59408391445405, 
    28.101823097889092, 
    0.3719359367508591, 
    0.240004644975562, 
    0.35595686196571785, 
    8.420377502536603, 
    0.9687178046842633, 
    4.0604316678260925, 
    3.6598859744482195, 
    26.7243066416721, 
    1.4145638893373904, 
    3.0752908007586757, 
    2.7087141407104314, 
    24.356215038450753, 
    3.4266761687027123, 
    17.810991410384275, 
    15.814471293529312, 
    65.73165577091157
  ], 
  "0.2": [
    0.06870068469173607, 
    0.009350823525306954, 
    0.0218809796454934, 
    2.61792560163969, 
    0.1183679498983698, 
    0.9794307735039726, 
    1.1615692541526357, 
    10.879505730064512, 
    0.2816521608450421, 
    0.6315096289765557, 
    0.7863875487926287, 
    9.466798137136559, 
    1.2069992967070793, 
    6.129807757542991, 
    5.1690778367062, 
    28.9720351533148, 
    0.36893645338996517, 
    0.4800092899511257, 
    0.6276081513606063, 
    8.54703747804932, 
    1.1305795138213774, 
    5.073003199586545, 
    4.314702843237679, 
    27.693545648991154, 
    1.3777262880525614, 
    3.9758151933673544, 
    3.5022529312284023, 
    25.289710493373008, 
    3.533563315249402, 
    19.972418606043522, 
    17.446409323249263, 
    67.86342959182835
  ], 
  "0.05": [
    0.06870068469173615, 
    0.6732592938220986, 
    0.5616118109009944, 
    5.734326974653096, 
    0.477005171232239, 
    4.899114066898065, 
    4.240991526432933, 
    17.009245204227213, 
    0.4236517919377478, 
    4.0686029691911445, 
    3.4811449826107546, 
    15.965717000834676, 
    2.8316272447238036, 
    14.340382126382108, 
    12.507711482322796, 
    39.55530212480438, 
    0.3914325785966698, 
    3.386732212432908, 
    2.8507773243394983, 
    14.905256659403657, 
    2.31266048055, 
    13.281246935619134, 
    11.547326186580964, 
    38.382547322941505, 
    1.9155552668110527, 
    11.702314481949859, 
    10.04131777232372, 
    36.556832367179815, 
    8.255460200929628, 
    33.538491701875955, 
    29.2847222128752, 
    84.78806484407687
  ], 
  "0.3": [
    0.0687006846917362, 
    0.0031169411751023174, 
    0.017018539724272645, 
    2.673425565266407, 
    0.1007010917045833, 
    0.7788242023781028, 
    0.9728213987238373, 
    10.312360522797146, 
    0.3262470863121728, 
    0.41172987243231257, 
    0.48763034523113447, 
    9.288551234204194, 
    0.9706321135280458, 
    5.101370983368024, 
    4.751913557999343, 
    28.07934316882357, 
    0.37718503263242353, 
    0.2742910228292139, 
    0.42465029146787353, 
    8.37665537932557, 
    1.0741731606372322, 
    3.977077103874526, 
    3.6378916209026912, 
    26.560961546272534, 
    1.3685168877313592, 
    3.18785634983476, 
    2.842242302576434, 
    24.40792517342297, 
    3.498982179601941, 
    17.84736157954198, 
    15.972255357176307, 
    65.7493224047866
  ], 
  "0.1": [
    0.06870068469173601, 
    0.14026235287960429, 
    0.16046051740028502, 
    3.7541913966147273, 
    0.20316886922854574, 
    2.7816658924847464, 
    2.459163167307153, 
    13.756940693647557, 
    0.3403296943544246, 
    2.049376865117461, 
    1.8396157515717373, 
    12.39271767114569, 
    1.7063908997501809, 
    10.443787193386868, 
    9.03114033572231, 
    34.449839200257536, 
    0.40193077035979863, 
    1.531458210796452, 
    1.4238274478628663, 
    11.20925791165649, 
    1.4690176329262499, 
    9.074554361530181, 
    7.822314729176812, 
    32.865104656024386, 
    1.4219314095943563, 
    7.550897032023842, 
    6.512359208722111, 
    30.66486415094928, 
    5.595856495679655, 
    27.06460159180058, 
    23.64957708262671, 
    76.64963550566102
  ], 
  "0.07": [
    0.06870068469173603, 
    0.3553312939616634, 
    0.3136273749187383, 
    4.7395570428837805, 
    0.30740333257188707, 
    3.896477778692795, 
    3.364327841145718, 
    15.580974547464997, 
    0.35675940373705173, 
    3.000445170692746, 
    2.6195158452630762, 
    14.20446595107772, 
    2.2218159054645708, 
    12.540676344047595, 
    10.873144384428668, 
    37.21610924474935, 
    0.3846837410346584, 
    2.3809984620591447, 
    2.113884171498165, 
    13.126495565725504, 
    1.858957204938391, 
    11.436477523910044, 
    9.831652548433388, 
    35.94606507590987, 
    1.5895424954403252, 
    9.734668684099901, 
    8.33215730043883, 
    33.833870122230834, 
    6.938233306721896, 
    30.717205722926693, 
    26.746652846211266, 
    81.22529367928561
  ]
}
"degenerate channels:"
{
  "0.4": [
    3, 
    13, 
    14, 
    21, 
    22, 
    25, 
    26
  ], 
  "0.2": [
    3, 
    14, 
    21, 
    22, 
    25, 
    26
  ], 
  "0.05": [], 
  "0.3": [
    3, 
    13, 
    14, 
    21, 
    22, 
    25, 
    26
  ], 
  "0.1": [
    3
  ], 
  "0.07": [
    3
  ]
}
