"LLR Lambda CHANNEL REPORT"
"---------------------------"
"N=32"
"design_p=0.05"
"Capacity for 32channels:22"
"tolerable error exponent:-1"
"Z Construct--------------------------------------------------------"
"Good Channels:"
[31, 15, 23, 27, 29, 30, 7, 11, 19, 13, 21, 14, 25, 22, 3, 26]
"Number of good channels:"
16
"R=0.5"
"Frozen channels:"
16
"sim ran :1000"
"Decodable Condition:"
"---------------------"
[]
"Undecodable Condition:"
"---------------------"
"Lambda Threshold:7.26761546891e+298"
"Good_channels for other p:"
{
  "0.4": [
    31, 
    15
  ], 
  "0.2": [
    31, 
    15, 
    23, 
    27
  ], 
  "0.05": [
    31, 
    15, 
    23, 
    27, 
    29, 
    30, 
    7, 
    11, 
    19, 
    13, 
    21, 
    14, 
    25, 
    22, 
    3, 
    26
  ], 
  "0.3": [
    31, 
    15
  ], 
  "0.1": [
    31, 
    15, 
    23, 
    27, 
    29, 
    30, 
    7, 
    11
  ], 
  "0.07": [
    31, 
    15, 
    23, 
    27, 
    29, 
    30, 
    7, 
    11, 
    19, 
    13, 
    21
  ]
}
"LLRs:"
{
  "0.4": [
    7.361337496678429e+296, 
    0.0, 
    3.7175424927772435e+280, 
    4.678332136122349e+298, 
    9.465095308291304e+297, 
    8.678500924114142e+296, 
    1.522393996183728e+296, 
    1.2123218491739362e+299, 
    9.483715950561559e+297, 
    2.328357057418963e+298, 
    1.9345090867730999e+298, 
    1.4495098751146846e+299, 
    5.715549675911907e+297, 
    8.895370711192054e+298, 
    7.64136321178127e+298, 
    3.524837967619673e+299, 
    6.437977722375567e+297, 
    1.5571657383994398e+293, 
    2.615271240071412e+296, 
    1.1048614394928176e+299, 
    3.8064406741140205e+298, 
    2.6470226106462224e+298, 
    2.236688803729516e+298, 
    2.8076834878685608e+299, 
    2.381383114512924e+298, 
    7.481493441358201e+298, 
    6.307692049036765e+298, 
    3.250355259970953e+299, 
    8.278953180170007e+297, 
    2.1950713820400342e+299, 
    1.9046003712079327e+299, 
    7.521062218330177e+299
  ], 
  "0.2": [
    7.361337496678432e+296, 
    4.420227270229107e+275, 
    2.3234983973521194e+280, 
    4.207129526452831e+298, 
    1.7634418164774623e+289, 
    3.6732446732434666e+298, 
    3.3624498099173594e+298, 
    1.536484902376313e+299, 
    4.6425298674488645e+297, 
    5.306821149766195e+297, 
    4.1862206442811236e+297, 
    1.20291338669714e+299, 
    3.459886169509641e+297, 
    1.0036060801092227e+299, 
    8.680314069570038e+298, 
    3.5823629204884745e+299, 
    3.974756181424002e+297, 
    1.028539117804483e+298, 
    1.0684562431115751e+298, 
    1.150737345410469e+299, 
    9.834144061683492e+297, 
    1.0043781861596944e+299, 
    8.236477599823057e+298, 
    3.544517082253009e+299, 
    9.974070578135594e+297, 
    6.450531874940912e+298, 
    5.245997422017722e+298, 
    3.099707470567455e+299, 
    4.9063963110651555e+298, 
    2.783644685369677e+299, 
    2.3892146978317334e+299, 
    8.08143717653119e+299
  ], 
  "0.05": [
    7.361337496678417e+296, 
    8.485131519735649e+297, 
    6.618418494378032e+297, 
    7.267615468905213e+298, 
    4.809382257892561e+297, 
    6.45594864384461e+298, 
    5.52893137857493e+298, 
    1.999490382024097e+299, 
    3.219299814471222e+297, 
    5.674532579774225e+298, 
    4.772162994786526e+298, 
    1.918876450597465e+299, 
    3.83803708744056e+298, 
    1.764164558118009e+299, 
    1.5272096217355207e+299, 
    4.5257058706447836e+299, 
    2.0572098791372287e+297, 
    4.917667766202958e+298, 
    4.0306270247523135e+298, 
    1.8381195795961064e+299, 
    3.2119895630523565e+298, 
    1.681873103211118e+299, 
    1.4462161357638979e+299, 
    4.442251646267871e+299, 
    2.4711016172224663e+298, 
    1.5294193899027308e+299, 
    1.2954842014211142e+299, 
    4.286680309411819e+299, 
    1.0622487045261014e+299, 
    3.981973165812566e+299, 
    3.454513060907712e+299, 
    9.560560357612777e+299
  ], 
  "0.3": [
    7.361337496678423e+296, 
    2.1793403035472097e+244, 
    1.574440393256145e+259, 
    2.0581715723628616e+298, 
    1.538139727960176e+282, 
    2.4093707213319016e+298, 
    2.153212930067396e+298, 
    8.864367545557895e+298, 
    8.664485653999289e+293, 
    2.0420049235361327e+298, 
    1.6740799772554612e+298, 
    1.1375859434660378e+299, 
    2.187648961034636e+298, 
    4.1655622364589394e+298, 
    7.91941696426197e+298, 
    2.9761753779841316e+299, 
    4.11442807980481e+297, 
    3.9863442903025664e+295, 
    4.900941115636333e+295, 
    8.186805406160623e+298, 
    1.0359614090439499e+298, 
    5.667551087426555e+297, 
    5.17216423748896e+298, 
    2.5496188708646757e+299, 
    9.630086755228225e+297, 
    5.735061830555126e+298, 
    4.856846561123522e+298, 
    2.76714488609814e+299, 
    6.698084332036896e+298, 
    1.695862567241372e+299, 
    1.9389665819790725e+299, 
    6.949818898947899e+299
  ], 
  "0.1": [
    7.361337496678423e+296, 
    4.6439968555571865e+281, 
    2.4063864884285253e+286, 
    2.811044668965727e+298, 
    3.323132869796461e+288, 
    3.8157936197542163e+298, 
    2.412116237830356e+298, 
    1.4573437180505624e+299, 
    3.739265199567699e+297, 
    4.1835752911820614e+296, 
    2.915959989185072e+297, 
    1.1151337613100604e+299, 
    2.088176596932175e+297, 
    1.0413454414324104e+299, 
    7.9261391730216e+298, 
    3.566060151054536e+299, 
    2.392309250723704e+297, 
    3.8483562996898927e+297, 
    1.2041236334064982e+298, 
    9.593632148989652e+298, 
    9.741842996087093e+297, 
    1.016388698348194e+299, 
    6.668179685681928e+298, 
    3.404045840275821e+299, 
    1.3859762526051736e+298, 
    5.310011721648408e+298, 
    3.153859842599032e+298, 
    2.8483817561169197e+299, 
    4.792735386656631e+298, 
    2.7618584285050912e+299, 
    2.1769912891342893e+299, 
    7.891754584194069e+299
  ], 
  "0.07": [
    7.361337496678429e+296, 
    5.911722342659868e+296, 
    1.3486481020106674e+298, 
    2.646155580047494e+298, 
    1.0392318681202998e+298, 
    3.666346879626977e+298, 
    7.669338390156195e+297, 
    1.3630056838719071e+299, 
    6.903272825981803e+297, 
    3.3245397629522173e+298, 
    7.738084580917586e+297, 
    1.2911247237712646e+299, 
    3.5504571769614667e+298, 
    1.301612415040153e+299, 
    8.878434892842405e+298, 
    3.684420431509489e+299, 
    4.411072390214419e+297, 
    2.862391665669715e+298, 
    6.732491327488937e+297, 
    1.2208619595291092e+299, 
    3.0744120905972553e+298, 
    1.2318727774307394e+299, 
    8.177201768440393e+298, 
    3.615071166798037e+299, 
    3.057042886145843e+298, 
    9.960080229047404e+298, 
    6.395231298686671e+298, 
    3.331228390899196e+299, 
    9.55942576242342e+298, 
    3.1802265663001955e+299, 
    2.5180516260203476e+299, 
    8.33696807555908e+299
  ]
}
"degenerate channels:"
{
  "0.4": [
    3, 
    21, 
    22, 
    26
  ], 
  "0.2": [
    3, 
    25, 
    26
  ], 
  "0.05": [], 
  "0.3": [
    3, 
    13, 
    21, 
    22, 
    25, 
    26
  ], 
  "0.1": [
    3, 
    22, 
    25, 
    26
  ], 
  "0.07": [
    3, 
    26
  ]
}
