"LLR Lambda CHANNEL REPORT"
"---------------------------"
"N=32"
"design_p=0.05"
"Capacity for 32channels:22"
"tolerable error exponent:-1"
"Z Construct--------------------------------------------------------"
"Good Channels:"
[31, 15, 23, 27, 29, 30, 7, 11, 19, 13, 21, 14, 25, 22, 3, 26]
"Number of good channels:"
16
"R=0.5"
"Frozen channels:"
16
"Decodable Condition:"
"---------------------"
[]
"Undecodable Condition:"
"---------------------"
"Lambda Threshold:5.68192741424e+298"
"Good_channels for other p:"
{
  "0.2": [
    31, 
    15, 
    23, 
    27, 
    29, 
    7, 
    30, 
    11, 
    19, 
    13, 
    21, 
    14, 
    25, 
    22, 
    26, 
    3
  ], 
  "0.1": [
    31, 
    15, 
    23, 
    27, 
    29, 
    30, 
    7, 
    11, 
    19, 
    13, 
    21, 
    14, 
    25, 
    22, 
    3, 
    26
  ], 
  "0.05": [
    31, 
    15, 
    23, 
    27, 
    29, 
    30, 
    7, 
    11, 
    19, 
    13, 
    21, 
    14, 
    25, 
    22, 
    3, 
    26
  ]
}
"LLRs:"
{
  "0.2": [
    7.361337496678423e+296, 
    0.0, 
    1.1645278599735747e+279, 
    3.165518697920627e+298, 
    7.394605709603056e+295, 
    2.4759818851565554e+298, 
    2.0424951998195288e+298, 
    1.4553636509126883e+299, 
    4.988778165508808e+295, 
    8.856913171049795e+296, 
    1.1173707427310117e+298, 
    1.0119054148003817e+299, 
    6.260300030900004e+297, 
    9.242269341511205e+298, 
    6.465215634517947e+298, 
    3.368165641598782e+299, 
    6.70871669804796e+296, 
    1.619458640703793e+296, 
    1.4907111898694327e+296, 
    9.451964976107885e+298, 
    9.868766098189577e+297, 
    8.0304311346136495e+298, 
    5.436226717481226e+298, 
    3.223110252614521e+299, 
    1.8242254026130165e+298, 
    4.793630843547642e+298, 
    2.9099443320288477e+298, 
    2.8045204441741863e+299, 
    3.6511349426033323e+298, 
    2.4676819105272918e+299, 
    1.9777659280467007e+299, 
    7.6115583755419e+299
  ], 
  "0.1": [
    7.361337496678405e+296, 
    5.096175075106028e+293, 
    3.975026113528161e+293, 
    4.576167687244735e+298, 
    2.9607308016961824e+296, 
    3.8624463769841924e+298, 
    3.750156040223528e+298, 
    1.709242453063826e+299, 
    4.1508242154624003e+297, 
    6.337324451676365e+297, 
    5.22935618527478e+297, 
    1.185108308036938e+299, 
    3.3904677848499396e+297, 
    1.0397290083405878e+299, 
    1.0160691441626451e+299, 
    3.7011718634746794e+299, 
    3.6880458523572514e+297, 
    1.339789317047113e+298, 
    1.0981219239102163e+298, 
    1.2693260514036355e+299, 
    8.432723787940362e+297, 
    1.1198727873426895e+299, 
    1.0228818273281916e+299, 
    3.803592172362616e+299, 
    1.1371535181790045e+298, 
    5.852540239695185e+298, 
    6.04273272609222e+298, 
    3.1852615370442746e+299, 
    4.902076316887432e+298, 
    2.8875689684639284e+299, 
    2.632783988455106e+299, 
    8.319232139825395e+299
  ], 
  "0.05": [
    7.361337496678417e+296, 
    1.7422553762585521e+295, 
    2.1711096161343817e+296, 
    5.681927414236882e+298, 
    1.5776723757147421e+296, 
    4.933606287298882e+298, 
    4.153931499417158e+298, 
    1.822930071576219e+299, 
    7.57256204003693e+297, 
    1.8257309709553795e+298, 
    1.5037255193081083e+298, 
    1.4671771389332478e+299, 
    1.220090271811146e+298, 
    1.3183927454847499e+299, 
    1.1377797029534214e+299, 
    4.013456893559717e+299, 
    5.843175162286828e+297, 
    3.4940733438988065e+298, 
    2.8376798000734963e+298, 
    1.622598865569295e+299, 
    2.310919203333339e+298, 
    1.472869413103929e+299, 
    1.2587298671913147e+299, 
    4.20195530151459e+299, 
    5.712492319234704e+297, 
    1.0885394233498693e+299, 
    9.183318943525907e+298, 
    3.77226456713387e+299, 
    7.580466528396915e+298, 
    3.474317455451757e+299, 
    3.0097967045982566e+299, 
    8.979634692594952e+299
  ]
}
"degenerate channels:"
{
  "0.2": [
    3, 
    22, 
    25, 
    26
  ], 
  "0.1": [
    3
  ], 
  "0.05": []
}
