"LLR Lambda CHANNEL REPORT"
"---------------------------"
"N=32"
"design_p=0.05"
"Capacity for 32channels:22"
"tolerable error exponent:-1"
"Z Construct--------------------------------------------------------"
"Good Channels:"
[31, 15, 23, 27, 29, 30, 7, 11, 19, 13, 21, 14, 25, 22, 3, 26]
"Number of good channels:"
16
"R=0.5"
"Frozen channels:"
16
"sim ran :1000"
"Decodable Condition:"
"---------------------"
[]
"Undecodable Condition:"
"---------------------"
"Lambda Threshold:6.0400913202e+298"
"Good_channels for other p:"
{
  "0.4": [
    31, 
    15
  ], 
  "0.2": [
    31, 
    15, 
    23, 
    27
  ], 
  "0.05": [
    31, 
    15, 
    23, 
    27, 
    29, 
    30, 
    7, 
    11, 
    19, 
    13, 
    21, 
    14, 
    25, 
    22, 
    3, 
    26
  ], 
  "0.3": [
    31, 
    15
  ], 
  "0.1": [
    31, 
    15, 
    23, 
    27, 
    29, 
    30, 
    7, 
    11
  ], 
  "0.07": [
    31, 
    15, 
    23, 
    27, 
    29, 
    30, 
    7, 
    11, 
    19, 
    13, 
    21
  ]
}
"LLRs:"
{
  "0.4": [
    7.361337496678417e+296, 
    0.0, 
    4.538015468111095e+276, 
    3.475082734673398e+298, 
    1.1288782289993612e+291, 
    1.0975991404419657e+298, 
    1.093461890721128e+295, 
    1.1015786678694643e+299, 
    5.51714657029742e+294, 
    5.102600031719136e+297, 
    1.2863954141959987e+298, 
    9.253551754733506e+298, 
    7.692747384936415e+297, 
    4.902388854195573e+298, 
    5.4224157623354665e+298, 
    2.9177154976229985e+299, 
    2.2713187841696112e+297, 
    3.214002261294029e+296, 
    2.6757657148937092e+296, 
    9.680001524778298e+298, 
    3.918495162494736e+297, 
    3.836004167204379e+298, 
    4.352203718879455e+298, 
    2.9387046219018296e+299, 
    1.416688710977669e+298, 
    2.6391413864767757e+298, 
    1.2461086399893509e+298, 
    2.45024268670586e+299, 
    4.164368771090522e+298, 
    1.8302051626730462e+299, 
    1.7124024346335084e+299, 
    6.959434338968147e+299
  ], 
  "0.2": [
    7.36133749667842e+296, 
    3.097076099779198e+230, 
    4.431655730277168e+273, 
    1.1253540823928728e+298, 
    3.6973028548297713e+295, 
    2.2851014795692474e+298, 
    8.957891148787463e+297, 
    1.1024832136828523e+299, 
    3.272626236089019e+297, 
    2.3919040633751014e+296, 
    1.6736721938208574e+298, 
    7.618943735266483e+298, 
    1.9049546405033518e+298, 
    8.431973552231459e+298, 
    3.6655106926276946e+298, 
    3.005789327422444e+299, 
    7.876061376343665e+297, 
    3.801732178526688e+289, 
    1.9603792506002977e+296, 
    7.223027613296151e+298, 
    3.0805533753183432e+296, 
    7.182774394563572e+298, 
    3.057586600666651e+298, 
    2.9057482670982902e+299, 
    1.0354580669594669e+298, 
    3.0363490378128595e+298, 
    5.0381147063591424e+297, 
    2.3700728994093083e+299, 
    4.324983106205748e+298, 
    2.2399999075155486e+299, 
    1.5784004946029054e+299, 
    7.10967099928204e+299
  ], 
  "0.05": [
    7.361337496678423e+296, 
    2.685311073737919e+297, 
    2.0945476722721293e+297, 
    6.040091320195548e+298, 
    1.5222179171226735e+297, 
    4.8195581507701e+298, 
    4.107715391623059e+298, 
    1.8152038580348513e+299, 
    7.300041985650893e+297, 
    2.1329871410001704e+298, 
    1.7941933230326129e+298, 
    1.4941309274540376e+299, 
    1.4602611958993767e+298, 
    1.2910670788767924e+299, 
    1.1191257586857504e+299, 
    3.9882556182897486e+299, 
    4.668476773558797e+297, 
    3.897975704648992e+298, 
    3.1948652712776974e+298, 
    1.6610979423000688e+299, 
    2.5093290498100113e+298, 
    1.4579628145948356e+299, 
    1.2492917169049915e+299, 
    4.1921825330766435e+299, 
    1.144291033727037e+298, 
    1.0637226997379674e+299, 
    9.01296673024016e+298, 
    3.7416799617978826e+299, 
    7.847962437928215e+298, 
    3.384782151543749e+299, 
    2.9368281467934554e+299, 
    8.884317065077542e+299
  ], 
  "0.3": [
    7.361337496678402e+296, 
    0.0, 
    4.920128575026136e+257, 
    4.319085088733096e+298, 
    1.0763717573890799e+285, 
    4.020684110091639e+297, 
    1.6404906196520035e+297, 
    1.151305472456939e+299, 
    5.8944039480213165e+296, 
    5.102832162902943e+297, 
    6.282649431487943e+297, 
    1.1886826594468069e+299, 
    2.1704228207324764e+298, 
    5.717785050342491e+298, 
    5.455049103668622e+298, 
    3.121406429754884e+299, 
    6.972054723476936e+297, 
    7.785828924939808e+292, 
    6.381433935484688e+292, 
    1.0872974310715346e+299, 
    3.397115463997667e+297, 
    5.051171710015301e+298, 
    4.820312303000712e+298, 
    3.0383571728851226e+299, 
    4.46094371616527e+297, 
    5.177123612129783e+298, 
    4.129981712764566e+298, 
    2.9837836407052233e+299, 
    8.940631676110498e+297, 
    2.210889813434245e+299, 
    1.9700952693492363e+299, 
    7.503118635766972e+299
  ], 
  "0.1": [
    7.361337496678411e+296, 
    5.290247328863712e+290, 
    2.035217496525552e+296, 
    3.605706597562743e+298, 
    7.394608796282404e+296, 
    6.692015980721631e+297, 
    1.4532966354791412e+298, 
    1.1738874799972727e+299, 
    1.3387351504132545e+297, 
    2.1431398363875125e+298, 
    1.853599014469074e+298, 
    1.3067732883770027e+299, 
    9.715441228271984e+296, 
    9.605157213139426e+298, 
    6.922229505613442e+298, 
    3.430493583522645e+299, 
    9.829272205963887e+296, 
    1.820736070967167e+297, 
    1.2309311730646358e+297, 
    1.0385853890272962e+299, 
    1.5389159064862239e+298, 
    6.444562945918227e+298, 
    4.532784786462074e+298, 
    3.091133973977555e+299, 
    1.8863443672531085e+298, 
    7.528211051844255e+298, 
    6.249955206277214e+298, 
    3.1643201564035208e+299, 
    3.413218203083508e+298, 
    2.6228519856907838e+299, 
    2.139259809654282e+299, 
    7.837534537626753e+299
  ], 
  "0.07": [
    7.36133749667842e+296, 
    8.553555644298439e+297, 
    6.671789439827102e+297, 
    3.969510934710769e+298, 
    4.848165112252751e+297, 
    1.2162803919814676e+298, 
    3.0759879812480556e+298, 
    1.4023902245071313e+299, 
    4.0065860037395285e+297, 
    2.709251489221582e+298, 
    4.084386206182217e+298, 
    1.5414492772966683e+299, 
    1.9329493581019572e+298, 
    1.1913693244432131e+299, 
    1.2553296699841226e+299, 
    3.8759526270804815e+299, 
    3.690029160948398e+297, 
    3.376385385028121e+297, 
    1.9512751213672013e+298, 
    1.2190660423551109e+299, 
    2.849148119630333e+298, 
    8.478019221056008e+298, 
    9.544911763757702e+298, 
    3.489415620327497e+299, 
    2.0781249529048282e+298, 
    9.59046571485776e+298, 
    1.0175980742278958e+299, 
    3.574509884748373e+299, 
    6.697315420861848e+298, 
    3.0545803296217805e+299, 
    2.892572990753129e+299, 
    8.510054912508873e+299
  ]
}
"degenerate channels:"
{
  "0.4": [
    3, 
    13, 
    14, 
    21, 
    22, 
    25, 
    26
  ], 
  "0.2": [
    3, 
    14, 
    22, 
    25, 
    26
  ], 
  "0.05": [], 
  "0.3": [
    3, 
    13, 
    14, 
    21, 
    22, 
    25, 
    26
  ], 
  "0.1": [
    3, 
    22
  ], 
  "0.07": [
    3
  ]
}
