"LLR Lambda CHANNEL REPORT"
"---------------------------"
"N=32"
"design_p=0.05"
"Capacity for 32channels:22"
"tolerable error exponent:-1"
"Z Construct--------------------------------------------------------"
"Good Channels:"
[31, 15, 23, 27, 29, 30, 7, 11, 19, 13, 21, 14, 25, 22, 3, 26]
"Number of good channels:"
16
"R=0.5"
"Frozen channels:"
16
"sim ran :1000"
"Decodable Condition:"
"---------------------"
[]
"Undecodable Condition:"
"---------------------"
"Lambda Threshold:7.06384207521e+298"
"Good_channels for other p:"
{
  "0.4": [
    31, 
    15
  ], 
  "0.2": [
    31, 
    15, 
    23, 
    27
  ], 
  "0.05": [
    31, 
    15, 
    23, 
    27, 
    29, 
    30, 
    7, 
    11, 
    19, 
    13, 
    21, 
    14, 
    25, 
    22, 
    3, 
    26
  ], 
  "0.3": [
    31, 
    15
  ], 
  "0.1": [
    31, 
    15, 
    23, 
    27, 
    29, 
    30, 
    7, 
    11
  ], 
  "0.07": [
    31, 
    15, 
    23, 
    27, 
    29, 
    30, 
    7, 
    11, 
    19, 
    13, 
    21
  ]
}
"LLRs:"
{
  "0.4": [
    7.361337496678432e+296, 
    0.0, 
    8.71298969811201e+278, 
    1.8961007913140347e+298, 
    3.5260227815521216e+290, 
    5.3378168650488316e+296, 
    2.153469656406091e+298, 
    8.74920775999686e+298, 
    5.266984792927974e+295, 
    4.9830824299361237e+294, 
    2.481931528834432e+294, 
    8.354710792454752e+298, 
    8.34072887620893e+297, 
    4.1480523886877644e+298, 
    8.859983463007888e+297, 
    2.6293273747278384e+299, 
    4.162404955483359e+295, 
    2.4914677059883546e+294, 
    6.126178463765192e+294, 
    8.228189953844969e+298, 
    6.581064601002712e+297, 
    5.419887264039111e+298, 
    2.3869366240273073e+298, 
    2.7560548325265823e+299, 
    1.9789055870632023e+298, 
    4.0430853538452324e+298, 
    3.4249744478372213e+298, 
    2.5708033021212847e+299, 
    3.3524881189090165e+298, 
    1.9950013302893178e+299, 
    1.4598211919814834e+299, 
    6.944220518783942e+299
  ], 
  "0.2": [
    7.361337496678432e+296, 
    3.5898495102585596e+161, 
    6.810583818586269e+279, 
    2.366010964906014e+298, 
    2.514165941402472e+297, 
    2.426557270700726e+298, 
    1.2343941646790746e+295, 
    9.406351442891788e+298, 
    1.6946383241369698e+297, 
    6.334898447767494e+297, 
    2.554410588787336e+298, 
    6.446413147309847e+298, 
    1.9677949687344267e+298, 
    3.1797331073890607e+298, 
    5.148941198290869e+298, 
    2.5659508742740935e+299, 
    1.3702888971851615e+297, 
    2.5522569318662183e+298, 
    2.1180361492187796e+298, 
    1.1657396610527358e+299, 
    1.4867407417643575e+298, 
    5.989222800406889e+298, 
    7.149377691173935e+298, 
    3.157440573449803e+299, 
    2.1612462733701406e+298, 
    7.18919293852538e+298, 
    4.001557379553593e+298, 
    2.673187171986898e+299, 
    7.099323510117703e+298, 
    2.187181475003014e+299, 
    2.13381971570259e+299, 
    7.2040539030798e+299
  ], 
  "0.05": [
    7.361337496678429e+296, 
    9.512648873916008e+297, 
    7.420082902555314e+297, 
    7.0638420752098515e+298, 
    1.4857038179085775e+298, 
    3.914683413451033e+298, 
    3.3423651813619223e+298, 
    1.71177986776858e+299, 
    9.872300024513608e+297, 
    5.893627545288274e+298, 
    4.959402967335634e+298, 
    1.908724281531392e+299, 
    2.3696847466394556e+298, 
    1.5192471211353854e+299, 
    1.3161147519439105e+299, 
    4.248805803287927e+299, 
    6.308169597572752e+297, 
    5.172917365473487e+298, 
    4.246344094039062e+298, 
    1.8345780807720473e+299, 
    2.0213343601597459e+298, 
    1.445102537664743e+299, 
    1.2419561248809137e+299, 
    4.1746787547568004e+299, 
    3.5220155644127146e+298, 
    1.5686509453392274e+299, 
    1.3299197746538442e+299, 
    4.2968279944267956e+299, 
    9.27468095456292e+298, 
    3.758669902791168e+299, 
    3.2621740398798642e+299, 
    9.308078638243098e+299
  ], 
  "0.3": [
    7.361337496678426e+296, 
    7.011424824723749e+158, 
    9.076100180154131e+276, 
    2.942939837617507e+298, 
    4.698363639090718e+294, 
    1.444169133733251e+298, 
    3.750844550507531e+294, 
    8.952943478176884e+298, 
    5.224092162157265e+295, 
    2.188798991399203e+295, 
    1.1041037076802715e+298, 
    9.536150188195844e+298, 
    2.636813516191038e+298, 
    3.9871345809899776e+298, 
    4.230797497277251e+298, 
    2.7742565899726957e+299, 
    7.77823210222984e+297, 
    7.455962107127895e+286, 
    6.381488542456718e+292, 
    8.960987067341824e+298, 
    9.533778668215036e+296, 
    1.0623966234776792e+298, 
    1.6419636322890823e+298, 
    2.420099213807122e+299, 
    6.4031570775136626e+296, 
    1.6512989195631466e+298, 
    5.256214502097427e+296, 
    2.4043361828483828e+299, 
    6.759394732965517e+298, 
    1.3805267567593767e+299, 
    1.2811224164460701e+299, 
    6.4047233777884905e+299
  ], 
  "0.1": [
    7.361337496678432e+296, 
    8.211610406409255e+291, 
    6.405071513154271e+291, 
    2.507857237609545e+298, 
    4.654625633279374e+291, 
    5.683047209199192e+297, 
    4.97913020098094e+297, 
    1.2733196018504918e+299, 
    1.6822061947896028e+294, 
    2.0042967688687834e+298, 
    1.6376223121347027e+298, 
    1.3905070721659382e+299, 
    2.0002567267623056e+298, 
    8.807618105228346e+298, 
    7.502862189649258e+298, 
    3.5059653674286186e+299, 
    2.8392839565762913e+296, 
    2.668711561440304e+297, 
    1.9209935909921165e+298, 
    8.726830907469211e+298, 
    2.4942498884858237e+298, 
    6.4769688286876095e+298, 
    3.0744017053746405e+298, 
    2.9260768065511055e+299, 
    1.9038510364019783e+298, 
    7.452568195146643e+298, 
    4.218622978907213e+298, 
    2.9852101602158595e+299, 
    3.9797623219133787e+298, 
    2.590507516981267e+299, 
    1.9924510757980716e+299, 
    7.650692212961091e+299
  ], 
  "0.07": [
    7.361337496678432e+296, 
    3.9813867775357266e+291, 
    3.1054891548930376e+291, 
    5.923097846141356e+298, 
    2.2613375737259598e+291, 
    5.328402067517558e+298, 
    4.454822185491567e+298, 
    1.8511249745039057e+299, 
    2.4663389537231764e+295, 
    4.457783492276741e+298, 
    3.870018022631579e+298, 
    1.7585595546029637e+299, 
    3.1425976523937624e+298, 
    1.6264105602591207e+299, 
    1.3933916421736707e+299, 
    4.349818534154762e+299, 
    1.683317692442916e+297, 
    3.197092227195338e+298, 
    2.6212229235940217e+298, 
    1.6171768907214746e+299, 
    2.0794788627404529e+298, 
    1.479342462916742e+299, 
    1.2618575393643125e+299, 
    4.191650311265364e+299, 
    1.5601255848933675e+298, 
    1.3224221388464288e+299, 
    1.1075943265848947e+299, 
    4.028539185592931e+299, 
    9.339266355034288e+298, 
    3.7441628004529875e+299, 
    3.233398870909877e+299, 
    9.271722525511577e+299
  ]
}
"degenerate channels:"
{
  "0.4": [
    3, 
    13, 
    14, 
    21, 
    22, 
    25, 
    26
  ], 
  "0.2": [
    3, 
    11, 
    13, 
    14, 
    21, 
    26
  ], 
  "0.05": [], 
  "0.3": [
    3, 
    13, 
    14, 
    21, 
    22, 
    25, 
    26
  ], 
  "0.1": [
    3, 
    21, 
    22, 
    26
  ], 
  "0.07": [
    3
  ]
}
