"LLR Lambda CHANNEL REPORT"
"---------------------------"
"N=32"
"design_p=0.05"
"Capacity for 32channels:22"
"tolerable error exponent:-1"
"Z Construct--------------------------------------------------------"
"Good Channels:"
[31, 15, 23, 27, 29, 30, 7, 11, 19, 13, 21, 14, 25, 22, 3, 26]
"Number of good channels:"
16
"R=0.5"
"Frozen channels:"
16
"Decodable Condition:"
"---------------------"
[]
"Undecodable Condition:"
"---------------------"
"Lambda Threshold:4.61606370631e+298"
"Good_channels for other p:"
{
  "0.4": [
    31, 
    15
  ], 
  "0.2": [
    31, 
    15, 
    23, 
    27
  ], 
  "0.05": [
    31, 
    15, 
    23, 
    27, 
    29, 
    30, 
    7, 
    11, 
    19, 
    13, 
    21, 
    14, 
    25, 
    22, 
    3, 
    26
  ], 
  "0.3": [
    31, 
    15
  ], 
  "0.1": [
    31, 
    15, 
    23, 
    27, 
    29, 
    30, 
    7, 
    11
  ], 
  "0.07": [
    31, 
    15, 
    23, 
    27, 
    29, 
    30, 
    7, 
    11, 
    19, 
    13, 
    21
  ]
}
"LLRs:"
{
  "0.4": [
    7.361337496678405e+296, 
    0.0, 
    3.74740815209826e+277, 
    4.4376133179778225e+298, 
    3.454149651369828e+287, 
    6.146973808150666e+294, 
    1.3538428745600728e+297, 
    1.2092638062678462e+299, 
    1.974403411533743e+296, 
    1.2768856379220173e+297, 
    1.0468655385938114e+297, 
    1.158633140160666e+299, 
    1.1819233257364782e+297, 
    5.632082458341358e+298, 
    5.148247729042761e+298, 
    3.161576692139332e+299, 
    4.775407588414469e+296, 
    3.118133268523644e+293, 
    2.635458668088289e+293, 
    1.056565938017131e+299, 
    1.8502753740328582e+298, 
    1.540090059279324e+298, 
    1.4524585426480267e+298, 
    2.6995629505369457e+299, 
    1.8565949733183864e+298, 
    3.4647908023831006e+298, 
    3.191538491263379e+298, 
    2.796790847534588e+299, 
    3.3824267459186176e+298, 
    1.703925278887864e+299, 
    1.5076800499702438e+299, 
    6.977953735356734e+299
  ], 
  "0.2": [
    7.361337496678423e+296, 
    4.4057266930531353e+70, 
    3.46634111997132e+271, 
    4.1199597209954855e+298, 
    9.243262375381505e+294, 
    1.4665399020375092e+297, 
    2.4983676887145492e+297, 
    1.2042465410502594e+299, 
    7.92826117635373e+296, 
    4.1888184158920846e+296, 
    1.389552500047629e+297, 
    1.0855646111111594e+299, 
    9.49453058373452e+297, 
    4.36689081412252e+298, 
    3.4005165370146483e+298, 
    2.9599457366200064e+299, 
    8.678492796285643e+296, 
    6.3260244230013374e+293, 
    5.1849466395506136e+293, 
    1.0316931148640631e+299, 
    6.600498114308239e+297, 
    5.201656657532367e+298, 
    4.092412638814261e+298, 
    3.0451643858358246e+299, 
    2.0090498572784073e+298, 
    1.4014709866345972e+298, 
    1.1235306221216359e+298, 
    2.5399055755265652e+299, 
    3.2816025887765017e+298, 
    1.7151957427714826e+299, 
    1.4503366022448943e+299, 
    6.93267785215569e+299
  ], 
  "0.05": [
    7.361337496678423e+296, 
    1.2524614692817464e+298, 
    9.772403741130653e+297, 
    4.6160637063148275e+298, 
    8.358360285428133e+297, 
    6.334522169944196e+298, 
    3.3287738478900257e+298, 
    1.714439423407216e+299, 
    5.55219292158692e+297, 
    5.962380362623251e+298, 
    3.2760643124480657e+298, 
    1.6768979792615813e+299, 
    4.0866421346393146e+298, 
    1.7748867209373617e+299, 
    1.3261611837112476e+299, 
    4.266054712275771e+299, 
    3.7365468974206074e+297, 
    3.473805066650473e+298, 
    4.519651890582723e+298, 
    1.3513496529924732e+299, 
    3.3760121693094876e+298, 
    1.4862510975112475e+299, 
    1.0395854368231381e+299, 
    3.901930891971332e+299, 
    2.7986184167672575e+298, 
    1.3751328188087024e+299, 
    9.608105457659157e+298, 
    3.790116079506121e+299, 
    1.1063014751343546e+299, 
    3.776755640295876e+299, 
    3.0354616335755385e+299, 
    9.013005713336022e+299
  ], 
  "0.3": [
    7.361337496678411e+296, 
    1.7776073775032338e+189, 
    4.543402632701695e+276, 
    1.2179257971095285e+298, 
    4.6216395873266076e+294, 
    6.278540460885224e+295, 
    5.199439286983187e+295, 
    1.2052054128893974e+299, 
    2.0588760996970506e+296, 
    2.0425031557438352e+298, 
    8.368395727580913e+297, 
    7.481090511293814e+298, 
    2.174898981584644e+298, 
    5.636030954538353e+298, 
    6.099105745712233e+298, 
    3.0051148335285395e+299, 
    4.304955054804809e+296, 
    5.1025693530166094e+297, 
    2.0918890212535255e+298, 
    4.966899515984126e+298, 
    2.3407725118229405e+298, 
    6.065673696574785e+298, 
    5.2444258338357995e+298, 
    2.8794963651783806e+299, 
    1.8707422063472024e+298, 
    2.6458325942828426e+298, 
    3.2638063553042713e+298, 
    2.280320764421939e+299, 
    6.5980560942885465e+298, 
    2.2502986477889866e+299, 
    2.0741922345540747e+299, 
    7.12508363644049e+299
  ], 
  "0.1": [
    7.361337496678423e+296, 
    3.796946313304275e+285, 
    2.964005400125518e+285, 
    5.669920519501674e+298, 
    1.2016237100320599e+297, 
    3.477280630749999e+298, 
    2.9824707871062355e+298, 
    1.6585686546793164e+299, 
    8.227710597638715e+296, 
    2.904370265088088e+298, 
    2.449696127230096e+298, 
    1.5725101821556408e+299, 
    2.442362596285112e+298, 
    1.2606500151653151e+299, 
    1.092821873462971e+299, 
    3.953082754244821e+299, 
    2.791703187968057e+297, 
    2.348735934021801e+298, 
    1.925074842109785e+298, 
    1.4920652935152291e+299, 
    1.3914493558806967e+298, 
    1.1900461042827903e+299, 
    1.0248139988844085e+299, 
    3.879768378602039e+299, 
    1.538431995646501e+298, 
    1.0546472154333954e+299, 
    8.934073697861571e+298, 
    3.714765065875896e+299, 
    6.209678314455309e+298, 
    3.252928318756273e+299, 
    2.822188016199181e+299, 
    8.734564509358851e+299
  ], 
  "0.07": [
    7.361337496678405e+296, 
    1.0440793661866471e+297, 
    8.1438386319597e+296, 
    2.8784557815690204e+298, 
    5.9411424521160896e+296, 
    2.5052811776783037e+298, 
    4.507011897019888e+298, 
    1.551164957643028e+299, 
    4.560832160617969e+296, 
    1.2057159152774996e+298, 
    3.035057777888466e+298, 
    1.3650621057824908e+299, 
    2.465048631273134e+298, 
    1.252822338173539e+299, 
    1.3263819710893843e+299, 
    3.945739424715368e+299, 
    1.2957930832963436e+297, 
    2.6657895391407543e+298, 
    2.188206209343449e+298, 
    9.993490454755182e+298, 
    1.723572904788064e+298, 
    8.870825084453094e+298, 
    1.2103974361029188e+299, 
    3.5332512578757175e+299, 
    1.7791896954675056e+298, 
    6.735015097221316e+298, 
    9.790516259398511e+298, 
    3.2626422561219377e+299, 
    8.073717449028796e+298, 
    3.00182835984907e+299, 
    3.0871329925974144e+299, 
    8.449658870631958e+299
  ]
}
"degenerate channels:"
{
  "0.4": [
    3, 
    21, 
    22, 
    25, 
    26
  ], 
  "0.2": [
    3, 
    13, 
    14, 
    22, 
    25, 
    26
  ], 
  "0.05": [], 
  "0.3": [
    3, 
    25, 
    26
  ], 
  "0.1": [], 
  "0.07": [
    3
  ]
}
