"LLR Lambda CHANNEL REPORT"
"---------------------------"
"N=32"
"design_p=0.05"
"Capacity for 32channels:22"
"tolerable error exponent:-1"
"Z Construct--------------------------------------------------------"
"Good Channels:"
[31, 15, 23, 27, 29, 30, 7, 11, 19, 13, 21, 14, 25, 22, 3, 26]
"Number of good channels:"
16
"R=0.5"
"Frozen channels:"
16
"sim ran :10000"
"Decodable Condition:"
"---------------------"
[]
"Undecodable Condition:"
"---------------------"
"Lambda Threshold:5.77037550922"
"Good_channels for other p:"
{
  "0.4": [
    31, 
    15
  ], 
  "0.2": [
    31, 
    15, 
    23, 
    27
  ], 
  "0.05": [
    31, 
    15, 
    23, 
    27, 
    29, 
    30, 
    7, 
    11, 
    19, 
    13, 
    21, 
    14, 
    25, 
    22, 
    3, 
    26
  ], 
  "0.3": [
    31, 
    15
  ], 
  "0.1": [
    31, 
    15, 
    23, 
    27, 
    29, 
    30, 
    7, 
    11
  ], 
  "0.07": [
    31, 
    15, 
    23, 
    27, 
    29, 
    30, 
    7, 
    11, 
    19, 
    13, 
    21
  ]
}
"LLRs:"
{
  "0.4": [
    0.06870068469173224, 
    0.0, 
    0.00948175784638048, 
    2.749541972417739, 
    0.10670782349046998, 
    0.6808259684411173, 
    0.8550148680461134, 
    10.452560279695568, 
    0.29456121821710124, 
    0.3990673929810895, 
    0.5355192432119583, 
    9.38046909116991, 
    1.0693428927377888, 
    5.142320431500245, 
    4.5874477508412745, 
    28.142774686412324, 
    0.3752353684478695, 
    0.24267136325306674, 
    0.3959239482215159, 
    8.432303974707517, 
    1.0609299298897046, 
    3.98474244692457, 
    3.492106474224643, 
    26.6093226455883, 
    1.3618861195001537, 
    3.1639924534308745, 
    2.7319861917784136, 
    24.421021380509163, 
    3.4317061520695598, 
    17.807873967312766, 
    15.716194362458474, 
    65.69043362520966
  ], 
  "0.2": [
    0.06870068469173224, 
    0.008415741172776261, 
    0.02771590755095834, 
    2.6088935149634715, 
    0.11465790967767389, 
    1.071313410496094, 
    1.1627238104295472, 
    10.774414617665572, 
    0.29115792127355705, 
    0.6871523851518209, 
    0.817090176798516, 
    9.590229862179033, 
    1.1566069135095212, 
    6.167920693284453, 
    5.449053833167154, 
    29.122537275308947, 
    0.3801095289093236, 
    0.45029442914463674, 
    0.5988818081142487, 
    8.544176984686167, 
    1.0854544312741188, 
    4.952806018345232, 
    4.320106971182147, 
    27.555084655930738, 
    1.362070307506575, 
    3.9942759434161883, 
    3.4850850247027205, 
    25.33019364990108, 
    3.653968542094585, 
    19.89396295543206, 
    17.568579269673076, 
    67.85224072371223
  ], 
  "0.05": [
    0.06870068469173224, 
    0.6626616938267476, 
    0.5582081029561189, 
    5.77037550921931, 
    0.47753517697807396, 
    4.938095811238685, 
    4.205985802029836, 
    17.042144022033536, 
    0.41884023418997346, 
    4.164124014252881, 
    3.5034962149209035, 
    16.06252345636287, 
    2.863377393704963, 
    14.46988068034215, 
    12.469456636355888, 
    39.64171677463058, 
    0.3917325269327911, 
    3.4202566707789215, 
    2.8551487243988705, 
    15.020986849702062, 
    2.3391469420452404, 
    13.410834661868344, 
    11.491956846582145, 
    38.482849115118114, 
    1.9041356104128802, 
    11.909435092251137, 
    10.09587356417188, 
    36.77091933820089, 
    8.310790017966532, 
    33.76138888142558, 
    29.285623836098424, 
    84.98710891906478
  ], 
  "0.3": [
    0.06870068469173224, 
    0.0006233882350204636, 
    0.008752391858197366, 
    2.6862231520513604, 
    0.1056478119988428, 
    0.7142376018940898, 
    0.8745202542063472, 
    10.46329307681881, 
    0.29784716009362666, 
    0.4326622309823707, 
    0.5752854344082718, 
    9.297265855504147, 
    1.0858363429080318, 
    5.222344769985087, 
    4.6584396790267695, 
    28.16318804719343, 
    0.3780848776407196, 
    0.2621003107034701, 
    0.41965440568589696, 
    8.365034448128089, 
    1.0751541406926632, 
    4.05881225051087, 
    3.5619613887063113, 
    26.651658771725934, 
    1.3666750076671788, 
    3.15003432534545, 
    2.799131781745327, 
    24.369905125043942, 
    3.430448656227834, 
    17.952835070098637, 
    15.90373199239315, 
    65.78936677490942
  ], 
  "0.1": [
    0.06870068469173224, 
    0.13059983523678567, 
    0.1441713436641945, 
    3.7458929055041423, 
    0.20334553781048773, 
    2.7773537509918866, 
    2.429007870476196, 
    13.655934014702195, 
    0.30864382625935305, 
    2.0947914508807854, 
    1.8880853750892335, 
    12.442317843601435, 
    1.6946388831216497, 
    10.375259485307597, 
    8.958944117541744, 
    34.36463850186336, 
    0.3777849293046301, 
    1.5150769413775544, 
    1.4175825906355164, 
    11.18609915071873, 
    1.4381167611820014, 
    9.048137245156905, 
    7.74962701653454, 
    32.78292333976849, 
    1.4539801227122313, 
    7.651305501800261, 
    6.528382588146454, 
    30.71793340868661, 
    5.54052667864427, 
    27.101491334803264, 
    23.620725139559536, 
    76.65081328125311
  ], 
  "0.07": [
    0.06870068469173224, 
    0.34036997632117516, 
    0.3141136189108505, 
    4.760695296712385, 
    0.31199671570228255, 
    3.9569583735261693, 
    3.3586078124240966, 
    15.52315843638645, 
    0.3558205632008966, 
    3.0835210826062087, 
    2.6521548074690244, 
    14.317873251054456, 
    2.251139930018647, 
    12.624791515830855, 
    10.868731758244966, 
    37.26413288499118, 
    0.37965960640518936, 
    2.4678572859552035, 
    2.1401125718537486, 
    13.239591827529562, 
    1.868521760478479, 
    11.532272539345806, 
    9.865548937893337, 
    36.02133388143688, 
    1.6166181323847657, 
    9.936386148045093, 
    8.41303721562671, 
    34.02205698129713, 
    7.03097362505001, 
    30.89489997795202, 
    26.820135138710704, 
    81.39312670109653
  ]
}
"degenerate channels:"
{
  "0.4": [
    3, 
    13, 
    14, 
    21, 
    22, 
    25, 
    26
  ], 
  "0.2": [
    3, 
    14, 
    21, 
    22, 
    25, 
    26
  ], 
  "0.05": [], 
  "0.3": [
    3, 
    13, 
    14, 
    21, 
    22, 
    25, 
    26
  ], 
  "0.1": [
    3
  ], 
  "0.07": [
    3
  ]
}
