"LLR Lambda CHANNEL REPORT"
"---------------------------"
"N=32"
"design_p=0.05"
"Capacity for 32channels:22"
"tolerable error exponent:-1"
"Z Construct--------------------------------------------------------"
"Good Channels:"
[31, 15, 23, 27, 29, 30, 7, 11, 19, 13, 21, 14, 25, 22, 3, 26]
"Number of good channels:"
16
"R=0.5"
"Frozen channels:"
16
"sim ran :1000"
"Decodable Condition:"
"---------------------"
[]
"Undecodable Condition:"
"---------------------"
"Lambda Threshold:5.6243294437"
"Good_channels for other p:"
{
  "0.4": [
    31, 
    15
  ], 
  "0.2": [
    31, 
    15, 
    23, 
    27
  ], 
  "0.05": [
    31, 
    15, 
    23, 
    27, 
    29, 
    30, 
    7, 
    11, 
    19, 
    13, 
    21, 
    14, 
    25, 
    22, 
    3, 
    26
  ], 
  "0.3": [
    31, 
    15
  ], 
  "0.1": [
    31, 
    15, 
    23, 
    27, 
    29, 
    30, 
    7, 
    11
  ], 
  "0.07": [
    31, 
    15, 
    23, 
    27, 
    29, 
    30, 
    7, 
    11, 
    19, 
    13, 
    21
  ]
}
"LLRs:"
{
  "0.4": [
    0.06870068469173604, 
    0.0, 
    0.009724879842441515, 
    2.7735467164743075, 
    0.12896806481464176, 
    0.669003925041, 
    0.7993942485263429, 
    10.557096580354287, 
    0.29456121821710624, 
    0.3552570212791945, 
    0.5500576169793578, 
    9.30911157127704, 
    1.0963409618515818, 
    5.056988190134033, 
    4.464748671158896, 
    28.035653627894956, 
    0.3801845159933175, 
    0.240004644975562, 
    0.34658957612451474, 
    8.479410467067817, 
    1.0668158102219087, 
    3.925436041059214, 
    3.4862881354545165, 
    26.659509650097093, 
    1.416405769401633, 
    3.1653432400195403, 
    2.716344321388487, 
    24.432633527530218, 
    3.304070324134451, 
    17.69148942600888, 
    15.620622301048776, 
    65.61976708970322
  ], 
  "0.2": [
    0.06870068469173608, 
    0.009350823525306954, 
    0.026743419566714163, 
    2.5546296373320865, 
    0.1307347506340204, 
    1.1266026312735735, 
    1.1401375593479475, 
    10.68305365083173, 
    0.3074702755891704, 
    0.6913598295568899, 
    0.7611335675468276, 
    9.450996287192956, 
    1.178009583503783, 
    6.047287885099062, 
    5.385114641189272, 
    28.917648752014056, 
    0.39518193279778724, 
    0.39619814408664306, 
    0.5682820076996536, 
    8.4399217597469, 
    1.047196209114379, 
    4.853151463861941, 
    4.277698567600844, 
    27.41544844989335, 
    1.3832519282452849, 
    3.9127784858847496, 
    3.353464408006283, 
    25.13309003682662, 
    3.6624566390262916, 
    19.686652991232844, 
    17.423868742728263, 
    67.55131906003662
  ], 
  "0.05": [
    0.06870068469173604, 
    0.6171543526702571, 
    0.5397308312555013, 
    5.624329443703582, 
    0.4593383130384523, 
    4.907102693310433, 
    4.179972474804855, 
    16.946999763058503, 
    0.41308983590605897, 
    4.068406861479783, 
    3.418288022990076, 
    15.899944640291634, 
    2.8428777964060825, 
    14.401606040818166, 
    12.455309845193794, 
    39.530013782952494, 
    0.3959318036380107, 
    3.2914922739505403, 
    2.78832875206481, 
    14.8024990838375, 
    2.2954933295809115, 
    13.311856693566616, 
    11.407005429270018, 
    38.31391622083341, 
    1.8639826250122928, 
    11.756345945506364, 
    9.968831055882164, 
    36.53017709444417, 
    8.299472555390034, 
    33.65279794780026, 
    29.21259235520805, 
    84.79984259999357
  ], 
  "0.3": [
    0.06870068469173601, 
    0.0, 
    0.009724879842441525, 
    2.5595104197773306, 
    0.11306789244023384, 
    0.7155249385109098, 
    0.8923280329006239, 
    10.211102374649926, 
    0.30629672491898274, 
    0.4567521412218397, 
    0.6169490693000094, 
    9.233603206654477, 
    1.139716775318857, 
    5.148781046962179, 
    4.603975461378833, 
    27.985775578981816, 
    0.3906827077564463, 
    0.2742910228292139, 
    0.47460914928762316, 
    8.12356873832396, 
    1.1281270636829357, 
    3.937080527754801, 
    3.4284772379244663, 
    26.273710458554167, 
    1.368516887731358, 
    3.291416654984759, 
    2.8346121218983793, 
    24.285164471332546, 
    3.511557138019201, 
    17.966863563917386, 
    15.873076802883896, 
    65.59621157786995
  ], 
  "0.1": [
    0.06870068469173589, 
    0.10597599995347885, 
    0.14587319763662274, 
    3.71292954446736, 
    0.21376898414481774, 
    2.719791527062368, 
    2.3480566940580063, 
    13.60917991840379, 
    0.31333802894010865, 
    2.091888180748883, 
    1.8242721289877049, 
    12.38696294765234, 
    1.7015093093435973, 
    10.31318439681071, 
    8.964358997947748, 
    34.32236901974669, 
    0.38168425767376446, 
    1.4705046501677375, 
    1.373868590043117, 
    11.146305315742046, 
    1.4469455816802803, 
    8.995054898807423, 
    7.641465364301834, 
    32.71714563499909, 
    1.46429465107191, 
    7.613933739506455, 
    6.4894686666879275, 
    30.66247957617029, 
    5.441813255068252, 
    27.04381863799618, 
    23.563922876646927, 
    76.58485784811933
  ], 
  "0.07": [
    0.06870068469173601, 
    0.31169411751023113, 
    0.28688395535202443, 
    4.851946054121816, 
    0.26853624454555636, 
    3.9990647733007356, 
    3.4567289404982606, 
    15.665508763871227, 
    0.3168586809506716, 
    3.1416110823207735, 
    2.7461986666457685, 
    14.528773082466238, 
    2.2802226718554097, 
    12.833840522082156, 
    11.122825648782833, 
    37.582864186818334, 
    0.36893645338996517, 
    2.4229040349913866, 
    2.0670477422921456, 
    13.338971956560407, 
    1.8295278032770974, 
    11.585579459750418, 
    10.037766521972449, 
    36.21028060181625, 
    1.5545467742197376, 
    10.009328623845535, 
    8.5686929014586, 
    34.27205319959762, 
    7.085989068124669, 
    31.112081845210568, 
    27.138858947276585, 
    81.78473708532717
  ]
}
"degenerate channels:"
{
  "0.4": [
    3, 
    13, 
    14, 
    21, 
    22, 
    25, 
    26
  ], 
  "0.2": [
    3, 
    14, 
    21, 
    22, 
    25, 
    26
  ], 
  "0.05": [], 
  "0.3": [
    3, 
    13, 
    14, 
    21, 
    22, 
    25, 
    26
  ], 
  "0.1": [
    3
  ], 
  "0.07": [
    3
  ]
}
