"LLR Lambda CHANNEL REPORT"
"---------------------------"
"N=32"
"design_p=0.05"
"Capacity for 32channels:22"
"tolerable error exponent:-1"
"Z Construct--------------------------------------------------------"
"Good Channels:"
[31, 15, 23, 27, 29, 30, 7, 11, 19, 13, 21, 14, 25, 22, 3, 26]
"Number of good channels:"
16
"R=0.5"
"Frozen channels:"
16
"sim ran :1000"
"Decodable Condition:"
"---------------------"
[]
"Undecodable Condition:"
"---------------------"
"Lambda Threshold:7.23125884105e+298"
"Good_channels for other p:"
{
  "0.4": [
    31, 
    15
  ], 
  "0.2": [
    31, 
    15, 
    23, 
    27
  ], 
  "0.05": [
    31, 
    15, 
    23, 
    27, 
    29, 
    30, 
    7, 
    11, 
    19, 
    13, 
    21, 
    14, 
    25, 
    22, 
    3, 
    26
  ], 
  "0.3": [
    31, 
    15
  ], 
  "0.1": [
    31, 
    15, 
    23, 
    27, 
    29, 
    30, 
    7, 
    11
  ], 
  "0.07": [
    31, 
    15, 
    23, 
    27, 
    29, 
    30, 
    7, 
    11, 
    19, 
    13, 
    21
  ]
}
"LLRs:"
{
  "0.4": [
    7.36133749667842e+296, 
    0.0, 
    4.0704267402454396e+296, 
    2.525629936375384e+298, 
    2.9578436951538634e+296, 
    6.979482907167016e+297, 
    9.559066652202258e+297, 
    8.822884361929127e+298, 
    4.1754523558134335e+297, 
    5.854519594455349e+297, 
    6.782672544081222e+295, 
    9.839420455455172e+298, 
    1.8492691249425831e+298, 
    4.987399626398261e+298, 
    3.4505675498384546e+298, 
    2.8259915645651335e+299, 
    6.765187233681871e+297, 
    6.4030655162985665e+296, 
    4.184204402300137e+297, 
    8.487441704101968e+298, 
    5.852761748018043e+297, 
    2.0051101563346734e+298, 
    1.0864976248984366e+298, 
    2.4819575698877634e+299, 
    1.360412503781543e+298, 
    1.638652318107377e+298, 
    8.053388452773015e+297, 
    2.358072934777575e+299, 
    5.414496116581432e+298, 
    1.4819214914509291e+299, 
    1.203040244675059e+299, 
    6.459196749985777e+299
  ], 
  "0.2": [
    7.361337496678432e+296, 
    5.657890905893258e+277, 
    2.367595591954864e+279, 
    4.619878094808119e+298, 
    1.2761860527337223e+283, 
    8.351328033458839e+297, 
    8.430742904233171e+297, 
    1.340425447634328e+299, 
    9.458653983129728e+297, 
    1.8295373651169764e+296, 
    1.4277188868905494e+297, 
    1.2152749554775958e+299, 
    1.6756709115115277e+297, 
    7.842900663135769e+298, 
    6.903997574069109e+298, 
    3.417834101644327e+299, 
    6.232456464748973e+297, 
    1.3005478660505541e+297, 
    1.074125453819829e+297, 
    1.0941994070990456e+299, 
    2.068263417876673e+298, 
    5.923292353903685e+298, 
    5.322227156959654e+298, 
    3.1859652294256825e+299, 
    4.5044487683579676e+297, 
    3.6331345349801445e+298, 
    3.3321176024794955e+298, 
    2.863546054572511e+299, 
    2.656228046868836e+298, 
    2.07303715235405e+299, 
    1.828667076712704e+299, 
    7.397307004608613e+299
  ], 
  "0.05": [
    7.361337496678432e+296, 
    9.430073964212407e+297, 
    7.355475372766011e+297, 
    7.231258841051472e+298, 
    6.528113613197113e+297, 
    5.562050954323976e+298, 
    4.7611109511913465e+298, 
    1.8985257550119236e+299, 
    4.3396233596403654e+297, 
    5.78503725808307e+298, 
    4.848410206251308e+298, 
    1.9230798512995248e+299, 
    3.4507463381268592e+298, 
    1.680680197163793e+299, 
    1.4551305225056489e+299, 
    4.431957549167718e+299, 
    2.8043021127612283e+297, 
    4.705269195791373e+298, 
    3.857357316503344e+298, 
    1.801381949894546e+299, 
    3.195207387574523e+298, 
    1.554720330197298e+299, 
    1.337314306936568e+299, 
    4.297745193516777e+299, 
    2.645973019077458e+298, 
    1.5121881568109735e+299, 
    1.2813831245805577e+299, 
    4.2534509945578524e+299, 
    9.868135465683057e+298, 
    3.8571635171566504e+299, 
    3.3468107129903384e+299, 
    9.419716498710687e+299
  ], 
  "0.3": [
    7.361337496678417e+296, 
    0.0, 
    5.948067633911131e+281, 
    2.6946189936860694e+298, 
    2.839702135713493e+280, 
    8.839879815699264e+295, 
    1.078520388715993e+298, 
    1.0467038649934003e+299, 
    2.4655891307691875e+295, 
    1.530762056354078e+298, 
    8.397003687783712e+297, 
    9.900706465007174e+298, 
    2.5766159300269964e+298, 
    6.558427449381328e+298, 
    4.953144591144428e+298, 
    3.024915891760443e+299, 
    6.544510958181071e+297, 
    1.856413675149352e+286, 
    4.247482798786675e+297, 
    8.79487500753562e+298, 
    3.5737039000772064e+297, 
    2.762318728117476e+298, 
    1.1054825639280724e+298, 
    2.6576674460609685e+299, 
    3.6608627387352236e+297, 
    2.8456141281699747e+298, 
    2.910122623211301e+298, 
    2.5110685149664254e+299, 
    6.533109669913885e+298, 
    1.7863999151006344e+299, 
    1.4803440326529668e+299, 
    6.823984341459182e+299
  ], 
  "0.1": [
    7.361337496678414e+296, 
    1.0192352618282782e+294, 
    7.95005415216801e+293, 
    3.1194448582106347e+298, 
    7.452376989763829e+295, 
    2.495687209570603e+298, 
    3.795408988971971e+298, 
    1.3930374593667091e+299, 
    1.7502805728573392e+297, 
    1.6066335191232623e+298, 
    1.3860164768481121e+298, 
    1.2600337929184093e+299, 
    9.98407145026311e+297, 
    1.1240724077624044e+299, 
    8.529876468781041e+298, 
    3.631204118429124e+299, 
    1.629425502745675e+297, 
    1.5310522257989718e+298, 
    1.2679527264948162e+298, 
    1.0812150736810286e+299, 
    1.1346263786425855e+298, 
    9.42985891625146e+298, 
    7.974607894683026e+298, 
    3.4393452341220186e+299, 
    1.5908270400338168e+298, 
    7.107284532595718e+298, 
    6.965163497814924e+298, 
    3.158599539952816e+299, 
    5.667095187599041e+298, 
    2.8731337947225144e+299, 
    2.482751005482798e+299, 
    8.133259921934657e+299
  ], 
  "0.07": [
    7.361337496678432e+296, 
    5.2188080185044386e+296, 
    4.070680039306477e+296, 
    4.960089822875939e+298, 
    3.0504589191238536e+296, 
    3.9742520547703133e+298, 
    3.0971880571889397e+298, 
    1.6919862802100015e+299, 
    9.887903119027807e+296, 
    1.2089301200656864e+298, 
    9.932790181197718e+297, 
    1.3781691686638678e+299, 
    1.1866439197197943e+298, 
    1.175108856677939e+299, 
    1.0157852772958045e+299, 
    3.854103306774246e+299, 
    2.640547478691781e+297, 
    6.651133690431393e+297, 
    7.542482363487072e+297, 
    1.2351568150868556e+299, 
    6.142625098936777e+297, 
    1.0660198022158716e+299, 
    8.904286085302429e+298, 
    3.700674115559238e+299, 
    1.388623340093603e+298, 
    6.872654765799029e+298, 
    5.631608467744188e+298, 
    3.266071672159665e+299, 
    4.596139589720499e+298, 
    2.9430326957602204e+299, 
    2.530898457812753e+299, 
    8.344198436299125e+299
  ]
}
"degenerate channels:"
{
  "0.4": [
    3, 
    13, 
    14, 
    21, 
    22, 
    25, 
    26
  ], 
  "0.2": [
    3, 
    14, 
    21, 
    22, 
    25, 
    26
  ], 
  "0.05": [], 
  "0.3": [
    3, 
    13, 
    14, 
    21, 
    22, 
    25, 
    26
  ], 
  "0.1": [
    3, 
    25, 
    26
  ], 
  "0.07": [
    3, 
    25, 
    26
  ]
}
