"LLR Lambda CHANNEL REPORT"
"---------------------------"
"N=32"
"design_p=0.05"
"Capacity for 32channels:22"
"tolerable error exponent:-1"
"Z Construct--------------------------------------------------------"
"Good Channels:"
[31, 15, 23, 27, 29, 30, 7, 11, 19, 13, 21, 14, 25, 22, 3, 26]
"Number of good channels:"
16
"R=0.5"
"Frozen channels:"
16
"sim ran :1000"
"Decodable Condition:"
"---------------------"
[]
"Undecodable Condition:"
"---------------------"
"Lambda Threshold:8.25616986078e+298"
"Good_channels for other p:"
{
  "0.4": [
    31, 
    15
  ], 
  "0.2": [
    31, 
    15, 
    23, 
    27
  ], 
  "0.05": [
    31, 
    15, 
    23, 
    27, 
    29, 
    30, 
    7, 
    11, 
    19, 
    13, 
    21, 
    14, 
    25, 
    22, 
    3, 
    26
  ], 
  "0.3": [
    31, 
    15
  ], 
  "0.1": [
    31, 
    15, 
    23, 
    27, 
    29, 
    30, 
    7, 
    11
  ], 
  "0.07": [
    31, 
    15, 
    23, 
    27, 
    29, 
    30, 
    7, 
    11, 
    19, 
    13, 
    21
  ]
}
"LLRs:"
{
  "0.4": [
    7.361337496678432e+296, 
    0.0, 
    4.127301024497386e+264, 
    3.828437327830046e+298, 
    7.394605709603054e+295, 
    1.4363187847258293e+298, 
    1.7048269929911133e+298, 
    1.2793999369329171e+299, 
    3.227427578242265e+297, 
    6.37819952591343e+296, 
    5.2290066360358155e+296, 
    1.0753732280401079e+299, 
    1.3992861201979912e+298, 
    6.571924731927457e+298, 
    5.812402712800973e+298, 
    3.191972998080551e+299, 
    6.269165333910441e+297, 
    6.085648757554625e+290, 
    1.3069226187658407e+296, 
    1.0295713569954558e+299, 
    2.569290109237235e+296, 
    6.435068446005996e+298, 
    5.58556198162454e+298, 
    3.1712306924719986e+299, 
    1.4390641670934042e+298, 
    3.529800928311288e+298, 
    3.1025787361766664e+298, 
    2.7695035325203164e+299, 
    8.587165755348992e+297, 
    2.2052464163840004e+299, 
    1.9262491290283436e+299, 
    7.465582152557177e+299
  ], 
  "0.2": [
    7.361337496678414e+296, 
    4.8600912810294714e+287, 
    1.5900108245195413e+294, 
    3.00091560122763e+298, 
    1.4905501550993256e+296, 
    8.508447909992184e+295, 
    9.199966017711488e+297, 
    1.0599192145426615e+299, 
    1.7447218836186442e+297, 
    1.2801440901193524e+297, 
    1.050497262786334e+297, 
    1.033620458219813e+299, 
    2.6002857903310837e+297, 
    6.151260737122667e+298, 
    4.263986453727621e+298, 
    3.064860218340595e+299, 
    1.1226975367836385e+297, 
    2.5744783116175048e+297, 
    2.3745453954903486e+297, 
    9.097986616518755e+298, 
    1.9424673212121615e+298, 
    2.158917274952256e+298, 
    1.5092597831611803e+298, 
    2.606718356398016e+299, 
    1.7366154563776566e+298, 
    4.285460622623776e+298, 
    4.370219097430309e+298, 
    2.7550745171125815e+299, 
    2.8990264508278874e+298, 
    1.883032006413026e+299, 
    1.600313509305754e+299, 
    7.01944919696258e+299
  ], 
  "0.05": [
    7.361337496678423e+296, 
    1.7744889578452305e+298, 
    1.3841047141527822e+298, 
    8.256169860781712e+298, 
    1.0057859794359877e+298, 
    7.409940493517831e+298, 
    6.294621025865343e+298, 
    2.115178472018155e+299, 
    6.705662015070258e+297, 
    6.775450989738427e+298, 
    5.647044459543476e+298, 
    2.0519951620270523e+299, 
    4.48321190997285e+298, 
    1.893043642930005e+299, 
    1.6346873504241875e+299, 
    4.6774109229775934e+299, 
    6.305260896037853e+297, 
    5.128675946974914e+298, 
    4.203573832203487e+298, 
    1.865563515133325e+299, 
    3.3631989400034346e+298, 
    1.705713699335145e+299, 
    1.4671343562995425e+299, 
    4.4699951837950825e+299, 
    2.522041509119924e+298, 
    1.569892443266437e+299, 
    1.3301826421427915e+299, 
    4.333553546202312e+299, 
    1.0880418766181905e+299, 
    4.025137393190972e+299, 
    3.492443888590158e+299, 
    9.610099146590538e+299
  ], 
  "0.3": [
    7.361337496678429e+296, 
    1.618408387172162e+31, 
    1.3614046403300018e+277, 
    1.839170364016129e+298, 
    9.46856152971714e+297, 
    1.517797145550031e+297, 
    1.0211653795948559e+294, 
    1.1906205432598658e+299, 
    6.54198994636391e+297, 
    2.0410082766349142e+298, 
    1.2828377438949593e+297, 
    1.125470756901505e+299, 
    6.407036389499651e+297, 
    8.136489947630677e+298, 
    6.824758728115467e+298, 
    3.390950152128568e+299, 
    5.186514172302506e+297, 
    3.827046235265173e+297, 
    1.9865275617388141e+298, 
    7.746104737090645e+298, 
    2.996827738990846e+297, 
    4.312202299842664e+298, 
    1.9853887690352504e+298, 
    2.6974177873545133e+299, 
    2.6740795625091386e+298, 
    5.206063213686347e+298, 
    2.748896102217405e+298, 
    2.683064370669282e+299, 
    5.643775531616011e+298, 
    2.1817856945782465e+299, 
    1.7268138091050897e+299, 
    7.185378219146719e+299
  ], 
  "0.1": [
    7.361337496678429e+296, 
    2.5530642710201542e+293, 
    1.9923653835592265e+293, 
    4.968083932291399e+298, 
    1.4919229984642864e+296, 
    3.926210670280302e+298, 
    3.3797719475625807e+298, 
    1.700827429177996e+299, 
    9.910350948137484e+295, 
    4.769693821887909e+296, 
    3.984686564281449e+296, 
    1.2408583491628916e+299, 
    2.243645148910629e+297, 
    1.0591598841402296e+299, 
    9.03760795390106e+298, 
    3.7050833495897044e+299, 
    1.1254043745943453e+296, 
    2.8770633659545697e+297, 
    2.3601456634314332e+297, 
    1.2002041195094817e+299, 
    1.646827740223563e+297, 
    1.0214212711651782e+299, 
    8.637867089133428e+298, 
    3.671737585620064e+299, 
    1.9770559040276712e+298, 
    5.213945181772897e+298, 
    4.417670708842114e+298, 
    3.0992307304729124e+299, 
    3.3904693584813493e+298, 
    2.769270151862965e+299, 
    2.3881366023594956e+299, 
    8.166934852254054e+299
  ], 
  "0.07": [
    7.361337496678426e+296, 
    4.1747866215193846e+297, 
    3.2567388948077936e+297, 
    6.154478937051909e+298, 
    2.4405087712145393e+297, 
    4.437022535666514e+298, 
    3.685826905667596e+298, 
    1.752327280420108e+299, 
    2.4355367947014604e+297, 
    3.6412107322153676e+298, 
    3.1627714262234843e+298, 
    1.643761885447526e+299, 
    3.155460454206006e+298, 
    1.3830040525391846e+299, 
    1.1828968824709613e+299, 
    4.072692238914495e+299, 
    3.816135451893779e+297, 
    3.3433746282435553e+298, 
    2.7435184656062854e+298, 
    1.5996795634335154e+299, 
    2.206889157627643e+298, 
    1.346393604106312e+299, 
    1.1454808688223794e+299, 
    4.041262283446022e+299, 
    1.545138633916509e+298, 
    1.193064326017102e+299, 
    9.977580350100223e+298, 
    3.859382377297481e+299, 
    7.5039483862699775e+298, 
    3.449087898280083e+299, 
    2.9771060891141934e+299, 
    8.936854451664946e+299
  ]
}
"degenerate channels:"
{
  "0.4": [
    3, 
    13, 
    14, 
    21, 
    22, 
    25, 
    26
  ], 
  "0.2": [
    3, 
    13, 
    14, 
    21, 
    22, 
    25, 
    26
  ], 
  "0.05": [], 
  "0.3": [
    3, 
    13, 
    14, 
    19, 
    21, 
    22, 
    25, 
    26
  ], 
  "0.1": [
    3, 
    25, 
    26
  ], 
  "0.07": [
    3
  ]
}
