"LLR Lambda CHANNEL REPORT"
"---------------------------"
"N=32"
"design_p=0.05"
"Capacity for 32channels:22"
"tolerable error exponent:-1"
"Z Construct--------------------------------------------------------"
"Good Channels:"
[31, 15, 23, 27, 29, 30, 7, 11, 19, 13, 21, 14, 25, 22, 3, 26]
"Number of good channels:"
16
"R=0.5"
"Frozen channels:"
16
"Decodable Condition:"
"---------------------"
[]
"Undecodable Condition:"
"---------------------"
"Lambda Threshold:6.23799022324e+298"
"Good_channels for other p:"
{
  "0.2": [
    31, 
    15, 
    23
  ], 
  "0.1": [
    31, 
    15, 
    23, 
    27, 
    29, 
    30, 
    7
  ], 
  "0.05": [
    31, 
    15, 
    23, 
    27, 
    29, 
    30, 
    7, 
    11, 
    19, 
    13, 
    21, 
    14
  ]
}
"LLRs:"
{
  "0.2": [
    7.361337496678402e+296, 
    2.0014079807372925e+204, 
    3.936100983140358e+258, 
    1.2032547349301914e+298, 
    1.7285055045784914e+286, 
    4.003062749289496e+297, 
    1.5204307725544045e+298, 
    1.1057664512013856e+299, 
    2.9476760388094987e+296, 
    1.2032012737895932e+298, 
    2.7034923220335266e+298, 
    8.735640309500196e+298, 
    1.1773869743327125e+298, 
    7.410116858275343e+298, 
    2.8187128377732187e+298, 
    2.8874081423291123e+299, 
    1.2454558299912054e+297, 
    1.085283392723697e+298, 
    8.895217629971482e+297, 
    8.850499017569532e+298, 
    2.0126282395430215e+298, 
    7.213117966680267e+298, 
    5.022632766202471e+298, 
    3.1470948851724068e+299, 
    1.6985260305727995e+298, 
    7.124981896098576e+298, 
    3.9755814856368196e+298, 
    2.820340846933111e+299, 
    4.664731176938392e+298, 
    2.5380892326555198e+299, 
    1.8412549304997497e+299, 
    7.448102494657972e+299
  ], 
  "0.1": [
    7.36133749667842e+296, 
    5.657934072175194e+277, 
    6.065411536615597e+288, 
    5.239623932659499e+298, 
    8.873527071899018e+296, 
    3.8958510721966527e+298, 
    3.668101533990274e+298, 
    1.701082760166661e+299, 
    5.8982303452987594e+296, 
    2.684478321348824e+298, 
    2.465502785470199e+298, 
    1.5302578950150235e+299, 
    2.2445900800111154e+298, 
    1.3042367529415319e+299, 
    1.1726254010822294e+299, 
    3.99759767097256e+299, 
    1.3999970124074238e+297, 
    2.471661940491887e+298, 
    2.0797381342569427e+298, 
    1.4218633768720764e+299, 
    1.5128771379502757e+298, 
    1.2195337385646758e+299, 
    1.0941634589821001e+299, 
    3.8980679651542934e+299, 
    1.8147383431861328e+298, 
    9.98330845637166e+298, 
    9.043708923146115e+298, 
    3.6415295025785675e+299, 
    6.97203208582989e+298, 
    3.2772351513743784e+299, 
    2.908859990255201e+299, 
    8.747320744768322e+299
  ], 
  "0.05": [
    7.361337496678417e+296, 
    1.4684153921704563e+296, 
    1.1453667590615462e+296, 
    6.2379902232416165e+298, 
    1.2027519371690936e+296, 
    5.362208866373503e+298, 
    4.630464993735923e+298, 
    1.871018909019625e+299, 
    2.7638119106016917e+296, 
    4.6851824136090175e+298, 
    3.9611199723605063e+298, 
    1.8007313039085527e+299, 
    3.1465609598435814e+298, 
    1.6390028040391187e+299, 
    1.4204548798378334e+299, 
    4.380828695874771e+299, 
    1.8003415499399186e+296, 
    3.938718935136745e+298, 
    3.228259304998772e+298, 
    1.7213294327786218e+299, 
    2.6126000028676726e+298, 
    1.558128052080899e+299, 
    1.3415590759708326e+299, 
    4.299997642057425e+299, 
    1.954448094291555e+298, 
    1.4181632247060317e+299, 
    1.200817184353114e+299, 
    4.156452506399889e+299, 
    9.796119621569497e+298, 
    3.844853380226451e+299, 
    3.335068238887019e+299, 
    9.40453155059349e+299
  ]
}
"degenerate channels:"
{
  "0.2": [
    3, 
    14, 
    22, 
    26
  ], 
  "0.1": [
    3
  ], 
  "0.05": []
}
