"LLR Lambda CHANNEL REPORT"
"---------------------------"
"N=32"
"design_p=0.05"
"Capacity for 32channels:22"
"tolerable error exponent:-1"
"Z Construct--------------------------------------------------------"
"Good Channels:"
[31, 15, 23, 27, 29, 30, 7, 11, 19, 13, 21, 14, 25, 22, 3, 26]
"Number of good channels:"
16
"R=0.5"
"Frozen channels:"
16
"sim ran :10"
"Decodable Condition:"
"---------------------"
[]
"Undecodable Condition:"
"---------------------"
"Lambda Threshold:550.475662556"
"Good_channels for other p:"
{
  "0.4": [
    31, 
    15
  ], 
  "0.2": [
    31, 
    15, 
    23, 
    27
  ], 
  "0.05": [
    31, 
    15, 
    23, 
    27, 
    29, 
    30, 
    7, 
    11, 
    19, 
    13, 
    21, 
    14, 
    25, 
    22, 
    3, 
    26
  ], 
  "0.3": [
    31, 
    15
  ], 
  "0.1": [
    31, 
    15, 
    23, 
    27, 
    29, 
    30, 
    7, 
    11
  ], 
  "0.07": [
    31, 
    15, 
    23, 
    27, 
    29, 
    30, 
    7, 
    11, 
    19, 
    13, 
    21
  ]
}
"LLRs:"
{
  "0.4": [
    7.028080043964524, 
    0.0, 
    0.0, 
    202.25562435794436, 
    1.77635683940025e-16, 
    104.84130203030955, 
    309.0409316483306, 
    982.9512066485964, 
    75.10724289201136, 
    24.381424251485672, 
    20.295785989273426, 
    854.6978801624671, 
    25.274652305519773, 
    722.1497382899331, 
    390.6928654294508, 
    2918.686865384562, 
    55.34046800849535, 
    195.05139401188538, 
    161.1173164686934, 
    475.8127370959586, 
    158.1830339294551, 
    337.29959710029834, 
    514.3761937563459, 
    2449.0199352057293, 
    52.493581830879705, 
    194.06300660717338, 
    602.0212554987421, 
    2233.719720209833, 
    451.7553811399863, 
    1951.5193622346203, 
    1947.0553454034482, 
    6684.465370503652
  ], 
  "0.2": [
    7.028080043964526, 
    0.0, 
    0.0, 
    315.6961045403241, 
    3.0198066269804253e-15, 
    26.210325507577387, 
    121.25943962659235, 
    1052.506975466097, 
    0.11735506701879002, 
    0.0, 
    1.4921397450962108e-14, 
    964.2572078128975, 
    4.414410249194129, 
    562.753949939782, 
    356.0553640111874, 
    2875.999774781186, 
    1.4247545964246915, 
    0.0, 
    1.580957587066223e-14, 
    907.8693131512439, 
    33.59856689664396, 
    445.610940859818, 
    269.72834937623054, 
    2748.031787454166, 
    184.92475844983588, 
    222.42952497434717, 
    188.46546274802193, 
    2436.9175996644794, 
    326.3201709278398, 
    1804.9995379134914, 
    1434.4825443560487, 
    6693.298687441149
  ], 
  "0.05": [
    7.028080043964529, 
    2.8052470575920863, 
    9.968001838502577, 
    550.4756625563139, 
    18.55020110347591, 
    470.88553036894393, 
    388.1112332841869, 
    1723.5676025669934, 
    14.669383377345975, 
    338.8248866383161, 
    273.2919737128522, 
    1571.7377975626187, 
    222.05964777271325, 
    1421.317763633599, 
    1217.3852417290568, 
    4001.20912944622, 
    9.373385502793933, 
    294.86284954140496, 
    232.30868886183708, 
    1508.9382510401338, 
    182.4622903000227, 
    1358.651011702703, 
    1153.3481099912144, 
    3939.652502086926, 
    204.0803111179463, 
    1145.4670273982574, 
    957.5876750962245, 
    3706.663388851259, 
    790.3361365246526, 
    3414.6393100654764, 
    2947.4063089251554, 
    8669.606130257667
  ], 
  "0.3": [
    7.02808004396452, 
    0.0, 
    0.0, 
    414.53901324400994, 
    2.4868995751603513e-15, 
    0.0, 
    18.259850094893615, 
    1148.7007476529773, 
    16.89912965070256, 
    12.190712125742838, 
    12.489714454937474, 
    1070.0570135251953, 
    107.83485138825249, 
    348.1233370990487, 
    276.4754238544967, 
    2771.544048682304, 
    13.422688040000915, 
    30.476780314357086, 
    24.979428909874958, 
    1045.1822979600213, 
    115.75564653442298, 
    521.1858203104788, 
    424.89733833688626, 
    2951.6396005149354, 
    155.45467742197357, 
    219.72795179652113, 
    183.1243362733817, 
    2535.292506689736, 
    377.87750043859677, 
    1647.0490889999323, 
    1403.8273548474974, 
    6653.254317324488
  ], 
  "0.1": [
    7.028080043964526, 
    0.0, 
    0.0, 
    250.79799648496547, 
    90.4543139521872, 
    123.53643496905192, 
    95.19057334316234, 
    1294.9201578973993, 
    60.08579431360911, 
    421.04107914239705, 
    362.97428939248096, 
    1061.7241857237814, 
    72.8733273927381, 
    636.1368030612401, 
    998.7323076367093, 
    3112.2137454801987, 
    41.99276705251681, 
    270.10046553598966, 
    221.38018871376676, 
    1184.3589222592568, 
    111.58648129907297, 
    977.0702462696238, 
    828.3601919449007, 
    3472.1285545989012, 
    273.8875655526952, 
    759.5923251654325, 
    1022.0627018258112, 
    3178.107041448568, 
    619.002328089515, 
    2600.4670947774966, 
    2703.5172276880035, 
    7747.99672977857
  ], 
  "0.07": [
    7.028080043964524, 
    19.94842352065483, 
    15.559807747906444, 
    394.606794168585, 
    11.306789244023406, 
    354.6217530527779, 
    302.3293776458355, 
    1577.8524925011777, 
    7.980144557276216, 
    455.4109676259115, 
    337.89423699504385, 
    1256.8462399303476, 
    252.60575290990658, 
    1221.2703039534283, 
    1228.3886093298356, 
    3715.3392918180266, 
    5.099121713519901, 
    264.7670289809773, 
    259.47381780132594, 
    1268.2779446128247, 
    266.58133004855455, 
    1042.7830792808923, 
    1009.4590844491428, 
    3584.683365612828, 
    199.47561095734284, 
    886.5662645232582, 
    992.3049971813865, 
    3308.0518991908416, 
    822.7166544490913, 
    3016.1261708658085, 
    2901.874336272748, 
    8157.862635678541
  ]
}
"degenerate channels:"
{
  "0.4": [
    3, 
    14, 
    19, 
    21, 
    22, 
    25
  ], 
  "0.2": [
    3, 
    14, 
    21, 
    22, 
    25, 
    26
  ], 
  "0.05": [], 
  "0.3": [
    3, 
    13, 
    14, 
    21, 
    22, 
    25, 
    26
  ], 
  "0.1": [
    3
  ], 
  "0.07": [
    3
  ]
}
