"LLR Lambda CHANNEL REPORT"
"---------------------------"
"N=32"
"design_p=0.05"
"Capacity for 32channels:22"
"tolerable error exponent:-1"
"Z Construct--------------------------------------------------------"
"Good Channels:"
[31, 15, 23, 27, 29, 30, 7, 11, 19, 13, 21, 14, 25, 22, 3, 26]
"Number of good channels:"
16
"R=0.5"
"Frozen channels:"
16
"sim ran :100"
"Decodable Condition:"
"---------------------"
[]
"Undecodable Condition:"
"---------------------"
"Lambda Threshold:7.28272307103e+28"
"Good_channels for other p:"
{
  "0.4": [
    31, 
    15
  ], 
  "0.2": [
    31, 
    15, 
    23, 
    27
  ], 
  "0.05": [
    31, 
    15, 
    23, 
    27, 
    29, 
    30, 
    7, 
    11, 
    19, 
    13, 
    21, 
    14, 
    25, 
    22, 
    3, 
    26
  ], 
  "0.3": [
    31, 
    15
  ], 
  "0.1": [
    31, 
    15, 
    23, 
    27, 
    29, 
    30, 
    7, 
    11
  ], 
  "0.07": [
    31, 
    15, 
    23, 
    27, 
    29, 
    30, 
    7, 
    11, 
    19, 
    13, 
    21
  ]
}
"LLRs:"
{
  "0.4": [
    8.708846418556843e+26, 
    0.0, 
    10.240000000000002, 
    5.5258277212943e+28, 
    1.1960487928388516e+24, 
    6.398068529349236e+26, 
    8.693924788774627e+26, 
    1.4546397475499435e+29, 
    4.187599307786551e+27, 
    7.368891355688861e+23, 
    3.4788478855141746e+26, 
    1.3987215651583785e+29, 
    2.31695493903164e+28, 
    7.292920756981577e+28, 
    6.296905181374811e+28, 
    3.797769997065351e+29, 
    7.505238343194489e+27, 
    3.018642582482096e+27, 
    2.4759567052010665e+27, 
    1.3557743511488375e+29, 
    1.4607428194198064e+28, 
    6.618284645109281e+28, 
    5.699424298121992e+28, 
    3.709903063654538e+29, 
    4.9221376651315056e+27, 
    6.052657326481225e+28, 
    5.085788414723197e+28, 
    3.565789137668873e+29, 
    9.010761430059264e+27, 
    2.5838782223748142e+29, 
    2.2420407372415442e+29, 
    8.882353841169965e+29
  ], 
  "0.2": [
    8.708846418556858e+26, 
    0.0, 
    0.024312199606103913, 
    4.281910029379215e+27, 
    6.9985635865406e+26, 
    6.963449852729249e+27, 
    3.2941183989292046e+28, 
    8.27686867214924e+28, 
    7.910544023232775e+27, 
    1.2127639209325732e+28, 
    1.639052585642166e+28, 
    8.664430805780268e+28, 
    1.383336603689294e+28, 
    7.459163861720926e+28, 
    2.649387871951535e+28, 
    3.143884847221249e+29, 
    9.260177105826131e+27, 
    1.535673778392072e+27, 
    1.3360168090423554e+27, 
    7.239693689797671e+28, 
    8.186564113401834e+25, 
    5.26396901067129e+28, 
    1.53977616629287e+28, 
    3.0005281975566606e+29, 
    2.5411063919273824e+28, 
    4.104579311878485e+28, 
    3.021174720924163e+28, 
    2.663673073637884e+29, 
    3.3529005301497677e+28, 
    2.3722286238694613e+29, 
    1.710770009997884e+29, 
    7.971084671208913e+29
  ], 
  "0.05": [
    8.708846418556833e+26, 
    2.4815580166537136e+27, 
    1.9357521681310307e+27, 
    7.282723071034751e+28, 
    4.2060714540309555e+27, 
    4.3968117126263455e+28, 
    3.786709110806629e+28, 
    1.993589461643127e+29, 
    2.7939541620952423e+27, 
    5.770152684840896e+28, 
    4.835522944896309e+28, 
    2.139819559931334e+29, 
    2.645647060026626e+28, 
    1.7629788148011632e+29, 
    1.5282330397140306e+29, 
    4.985410565925327e+29, 
    1.8971736462517676e+27, 
    3.867199506188199e+28, 
    3.170106618667692e+28, 
    1.9160997276799878e+29, 
    2.8785308100691004e+28, 
    1.5267357683483095e+29, 
    1.314790461610086e+29, 
    4.726176819250796e+29, 
    2.745883070151815e+28, 
    1.598533270921128e+29, 
    1.3545008572276262e+29, 
    4.797368555969178e+29, 
    9.66693675161026e+28, 
    4.232143354051519e+29, 
    3.6721182301263854e+29, 
    1.0768762599833615e+30
  ], 
  "0.3": [
    8.70884641855684e+26, 
    0.0, 
    0.0, 
    7.478504591648663e+27, 
    1.452422079242062e+24, 
    3.259039015107626e+27, 
    3.29002309182341e+28, 
    8.616438682593785e+28, 
    9.307545414714599e+26, 
    1.515032852463436e+27, 
    1.2456042986214284e+27, 
    8.25241164010851e+28, 
    4.592795812084909e+27, 
    5.756640547594967e+28, 
    1.6430028169407286e+28, 
    3.0712637609323623e+29, 
    1.8111078840393866e+27, 
    2.248790002755802e+19, 
    2.4741448199825568e+27, 
    7.6622569783648985e+28, 
    3.424038778603102e+27, 
    5.2820554244213e+28, 
    1.1480423987606364e+28, 
    2.9593544151341842e+29, 
    1.8903074741124245e+28, 
    4.716272872507299e+28, 
    3.995610414381346e+28, 
    2.835422591998239e+29, 
    4.860679135375303e+28, 
    2.3745460318222037e+29, 
    1.6963984918126767e+29, 
    8.047994126413189e+29
  ], 
  "0.1": [
    8.708846418556858e+26, 
    9.646467139326361e+24, 
    1.5417211933472529e+28, 
    1.9877965465519077e+28, 
    1.1203340522758223e+28, 
    5.6178815188267525e+28, 
    1.679924887322746e+28, 
    1.6278346811406584e+29, 
    1.1291903138215323e+28, 
    3.019883197957034e+28, 
    7.428694507171601e+27, 
    1.3218072809239866e+29, 
    4.186785989676911e+28, 
    1.607450344963364e+29, 
    9.972842780241802e+28, 
    4.289625743068732e+29, 
    7.666646921339348e+27, 
    4.2705475951665715e+28, 
    1.5211893803096003e+28, 
    1.4536056512116568e+29, 
    4.315806300833478e+28, 
    1.7287657912526036e+29, 
    1.1052921877160785e+29, 
    4.452539258734335e+29, 
    2.787766320707849e+28, 
    1.3811488954137118e+29, 
    8.679872332113354e+28, 
    4.058637696608769e+29, 
    1.2054296457145594e+29, 
    4.168725948771871e+29, 
    3.2196667110816125e+29, 
    1.0177828727729927e+30
  ], 
  "0.07": [
    8.708846418556847e+26, 
    6.791111863330997e+27, 
    5.297080446364225e+27, 
    7.062275598420241e+28, 
    3.849212967591965e+27, 
    2.383162408293242e+28, 
    2.0151498738419554e+28, 
    1.768049731269255e+29, 
    2.5569055900427016e+27, 
    4.291974854366941e+28, 
    3.5465178969369118e+28, 
    1.9493577885689318e+29, 
    2.0420446341922074e+28, 
    1.3711355669754256e+29, 
    1.1872189028791299e+29, 
    4.542337238430474e+29, 
    4.010939702300383e+27, 
    1.716202125578894e+28, 
    1.406636591487342e+28, 
    1.6101533703752117e+29, 
    2.65929307730676e+28, 
    1.0196677301922646e+29, 
    8.791680190057915e+28, 
    4.146932269382194e+29, 
    2.1522769373162973e+28, 
    1.1637576450051398e+29, 
    9.860566626628403e+28, 
    4.262581881437578e+29, 
    5.13620033224516e+28, 
    3.483420193089832e+29, 
    3.0224098425006298e+29, 
    9.92015603493103e+29
  ]
}
"degenerate channels:"
{
  "0.4": [
    3, 
    14, 
    21, 
    22, 
    25, 
    26
  ], 
  "0.2": [
    3, 
    14, 
    19, 
    21, 
    22, 
    25, 
    26
  ], 
  "0.05": [], 
  "0.3": [
    3, 
    13, 
    14, 
    21, 
    22, 
    25, 
    26
  ], 
  "0.1": [
    3
  ], 
  "0.07": [
    3
  ]
}
