"LLR dict generation REPORT"
"---------------------------"
"N=2048"
"design_p=0.03"
"Capacity for 2048channels:1649"
"design for rate:1020"
"Z Construct--------------------------------------------------------"
"Good Channels:"
[2047, 1535, 1791, 1919, 1983, 2015, 2031, 2039, 2043, 2045, 1023, 2046, 511, 767, 1279, 895, 1407, 1663, 959, 1471, 1727, 1855, 991, 1503, 1759, 1887, 1951, 1007, 1519, 1775, 1903, 1967, 1999, 1015, 1527, 1783, 1911, 1975, 2007, 1019, 2023, 1531, 1787, 1915, 1979, 2011, 2027, 1021, 1533, 1789, 1917, 1981, 2035, 2013, 2029, 2037, 1022, 1534, 1790, 1918, 1982, 255, 383, 639, 1151, 447, 703, 1215, 2014, 831, 479, 1343, 735, 1247, 1599, 863, 1375, 1631, 927, 495, 1439, 751, 1263, 1695, 879, 1391, 1647, 1823, 943, 1455, 1711, 1839, 975, 503, 1487, 759, 1271, 1743, 887, 1399, 1655, 1871, 2030, 951, 1463, 1719, 1847, 1935, 983, 2041, 1495, 1751, 1879, 1943, 999, 507, 1511, 763, 1275, 1767, 891, 1403, 1659, 1895, 955, 1467, 1723, 1851, 1959, 987, 1499, 1755, 1883, 2038, 1947, 1991, 1003, 1515, 1771, 1899, 1963, 509, 765, 1277, 893, 1405, 1661, 957, 1469, 1011, 1995, 1523, 1725, 1779, 1853, 989, 1907, 1501, 1757, 1885, 1971, 1949, 1005, 1517, 1773, 1901, 2003, 1965, 2042, 1013, 1525, 1997, 1781, 1909, 2019, 510, 766, 1278, 894, 1406, 1973, 1662, 958, 1470, 1726, 127, 1854, 191, 990, 319, 1502, 223, 575, 351, 1087, 1758, 607, 415, 1119, 239, 671, 2005, 367, 1183, 1886, 623, 799, 431, 1135, 1311, 687, 1199, 1567, 815, 463, 1327, 247, 719, 375, 1231, 1583, 1950, 631, 847, 1006, 439, 1143, 1359, 1518, 695, 1207, 1615, 1774, 823, 911, 1017, 471, 1335, 1423, 1529, 727, 1239, 1591, 1679, 1902, 1785, 855, 1367, 1623, 1807, 1913, 919, 487, 1431, 251, 743, 379, 1255, 1687, 1966, 635, 871, 443, 1147, 1383, 699, 2021, 1211, 1639, 1815, 827, 1977, 935, 475, 1339, 1447, 731, 1243, 1595, 1703, 2044, 859, 1371, 1627, 1831, 1014, 923, 967, 1526, 491, 1435, 1479, 747, 1782, 1998, 1259, 1691, 1735, 875, 1387, 1910, 1643, 1819, 1863, 2009, 939, 1451, 1707, 253, 381, 1974, 637, 1835, 1927, 445, 1149, 971, 499, 701, 1483, 755, 1213, 1267, 829, 1739, 883, 477, 1341, 1395, 733, 1245, 1597, 1651, 861, 1867, 947, 1373, 1459, 1629, 1715, 925, 493, 1437, 749, 1261, 1693, 2006, 1843, 877, 1931, 979, 1389, 1491, 2025, 1645, 1821, 1747, 941, 1453, 1018, 1530, 1709, 1875, 1786, 1837, 501, 973, 1914, 757, 1485, 1269, 885, 1741, 995, 1939, 1397, 1507, 254, 1653, 382, 1763, 949, 1869, 638, 1461, 446, 1150, 1978, 702, 1717, 1214, 1891, 2022, 830, 478, 1342, 63, 734, 95, 1845, 1246, 1598, 981, 1933, 159, 862, 1493, 111, 287, 1374, 175, 543, 1749, 303, 1055, 1630, 1955, 207, 559, 926, 119, 335, 1071, 494, 1438, 183, 591, 750, 2033, 1877, 311, 399, 1103, 1262, 1694, 505, 2010, 215, 567, 655, 878, 761, 343, 1079, 1167, 1390, 1273, 599, 783, 889, 407, 1111, 1295, 1646, 1822, 1401, 231, 663, 942, 123, 359, 1175, 1551, 1454, 1657, 997, 187, 615, 791, 953, 1941, 1509, 315, 423, 1127, 1303, 1710, 1465, 219, 571, 679, 1020, 1765, 347, 1083, 1191, 1559, 1987, 1532, 1721, 603, 807, 502, 411, 1115, 455, 1319, 1838, 1788, 758, 974, 235, 667, 711, 1270, 1486, 1893, 363, 1179, 1223, 1575, 1849, 886, 619, 795, 839, 985, 1398, 1742, 427, 1131, 1307, 1351, 1497, 1916, 683, 1654, 1195, 1563, 1607, 1753, 950, 811, 903, 125, 1462, 1870, 459, 1323, 1415, 189, 2026, 243, 715, 317, 1957, 371, 1718, 1227, 1579, 1671, 1881, 221, 573, 627, 843, 349, 1085, 435, 1139, 1980, 1355, 605, 691, 413, 1117, 1203, 1846, 1611, 1799, 237, 669, 982, 819, 907, 365, 1181, 1494, 1934, 467, 1331, 1001, 1419, 621, 797, 723, 1513, 429, 1133, 1309, 1750, 1235, 1587, 1945, 1675, 506, 685, 851, 1769, 762, 1197, 1565, 1363, 1274, 813, 890, 461, 1325, 1878, 1989, 1619, 245, 1803, 1402, 717, 915, 373, 1897, 483, 1229, 1581, 1427, 2012, 629, 739, 1658, 845, 437, 1141, 126, 1251, 954, 1357, 1683, 693, 190, 867, 998, 1466, 1205, 318, 1379, 1510, 1613, 821, 222, 574, 1722, 909, 1942, 469, 1333, 350, 1086, 1635, 2034, 1766, 1421, 1811, 725, 31, 606, 931, 1961, 1237, 47, 1589, 414, 1118, 1443, 1677, 1009, 853, 79, 238, 670, 1850, 986, 1521, 1365, 55, 143, 366, 1182, 1699, 249, 1894, 1498, 87, 271, 622, 798, 377, 1777, 1621, 151, 527, 430, 1134, 1310, 633, 1805, 1754, 917, 485, 103, 279, 1039, 686, 441, 1145, 1429, 741, 59, 167, 535, 1198, 963, 1827, 1566, 508, 697, 1253, 91, 2028, 295, 1047, 814, 1475, 764, 1209, 1905, 1685, 246, 462, 869, 155, 199, 551, 1326, 1276, 825, 1882, 374, 1958, 718, 1381, 107, 283, 327, 1063, 1731, 473, 892, 1993, 1337, 630, 1230, 171, 539, 583, 1582, 729, 1404, 438, 1142, 846, 1637, 299, 1051, 391, 1095, 1241, 1002, 1593, 1813, 933, 694, 1358, 203, 555, 647, 857, 1660, 1514, 61, 1445, 115, 1859, 1206, 956, 331, 1067, 1159, 1369, 93, 179, 822, 1969, 1614, 1468, 587, 775, 1770, 1946, 157, 470, 910, 1701, 307, 1334, 395, 1099, 1287, 1625, 489, 109, 285, 726, 1422, 211, 563, 921, 1724, 651, 745, 173, 541, 1238, 339, 1075, 1433, 1590, 1163, 1543, 250, 1257, 1990, 301, 1053, 854, 1678, 965, 595, 1898, 779, 378, 1829, 873, 205, 557, 1366, 1923, 403, 1477, 1107, 1689, 988, 1291, 634, 117, 1385, 227, 1852, 333, 1069, 659, 2036, 1500, 442, 1146, 181, 355, 486, 589, 1622, 1733, 1171, 1547, 698, 1806, 918, 309, 1641, 62, 611, 1010, 742, 397, 1101, 2001, 787, 1756, 937, 1210, 1430, 1817, 213, 565, 94, 419, 1123, 1522, 1254, 653, 1299, 1449, 826, 1962, 497, 341, 1077, 158, 675, 870, 474, 1165, 1338, 1861, 1686, 753, 597, 110, 286, 1778, 1187, 1382, 781, 730, 1555, 15, 1705, 121, 1884, 1265, 405, 1109, 174, 803, 542, 1293, 1242, 229, 1004, 23, 451, 1594, 185, 881, 661, 302, 1315, 1054, 252, 1638, 858, 934, 357, 1516, 39, 707, 969, 313, 1393, 1173, 206, 558, 1814, 380, 1549, 1370, 1906, 118, 1446, 613, 27, 71, 1219, 217, 1481, 569, 1833, 789, 1571, 334, 1070, 636, 490, 1925, 1772, 421, 835, 182, 1125, 43, 135, 345, 1081, 2017, 1649, 1994, 1301, 945, 590, 444, 2040, 1626, 1148, 746, 1948, 922, 1702, 677, 1347, 1737, 310, 75, 263, 601, 398]
"R order:"
[2047, 1535, 1791, 1919, 1983, 2015, 2031, 2039, 2043, 2045, 1023, 2046, 511, 767, 1279, 895, 1407, 1663, 959, 1471, 1727, 1855, 991, 1503, 1759, 1887, 1951, 1007, 1519, 1775, 1903, 1967, 1999, 1015, 1527, 1783, 1911, 1975, 2007, 1019, 2023, 1531, 1787, 1915, 1979, 2011, 2027, 1021, 1533, 1789, 1917, 1981, 2035, 2013, 2029, 2037, 1022, 1534, 1790, 1918, 1982, 255, 383, 639, 1151, 447, 703, 1215, 2014, 831, 479, 1343, 735, 1247, 1599, 863, 1375, 1631, 927, 495, 1439, 751, 1263, 1695, 879, 1391, 1647, 1823, 943, 1455, 1711, 1839, 975, 503, 1487, 759, 1271, 1743, 887, 1399, 1655, 1871, 2030, 951, 1463, 1719, 1847, 1935, 983, 2041, 1495, 1751, 1879, 1943, 999, 507, 1511, 763, 1275, 1767, 891, 1403, 1659, 1895, 955, 1467, 1723, 1851, 1959, 987, 1499, 1755, 1883, 2038, 1947, 1991, 1003, 1515, 1771, 1899, 1963, 509, 765, 1277, 893, 1405, 1661, 957, 1469, 1011, 1995, 1523, 1725, 1779, 1853, 989, 1907, 1501, 1757, 1885, 1971, 1949, 1005, 1517, 1773, 1901, 2003, 1965, 2042, 1013, 1525, 1997, 1781, 1909, 2019, 510, 766, 1278, 894, 1406, 1973, 1662, 958, 1470, 1726, 127, 1854, 191, 990, 319, 1502, 223, 575, 351, 1087, 1758, 607, 415, 1119, 239, 671, 2005, 367, 1183, 1886, 623, 799, 431, 1135, 1311, 687, 1199, 1567, 815, 463, 1327, 247, 719, 375, 1231, 1583, 1950, 631, 847, 1006, 439, 1143, 1359, 1518, 695, 1207, 1615, 1774, 823, 911, 1017, 471, 1335, 1423, 1529, 727, 1239, 1591, 1679, 1902, 1785, 855, 1367, 1623, 1807, 1913, 919, 487, 1431, 251, 743, 379, 1255, 1687, 1966, 635, 871, 443, 1147, 1383, 699, 2021, 1211, 1639, 1815, 827, 1977, 935, 475, 1339, 1447, 731, 1243, 1595, 1703, 2044, 859, 1371, 1627, 1831, 1014, 923, 967, 1526, 491, 1435, 1479, 747, 1782, 1998, 1259, 1691, 1735, 875, 1387, 1910, 1643, 1819, 1863, 2009, 939, 1451, 1707, 253, 381, 1974, 637, 1835, 1927, 445, 1149, 971, 499, 701, 1483, 755, 1213, 1267, 829, 1739, 883, 477, 1341, 1395, 733, 1245, 1597, 1651, 861, 1867, 947, 1373, 1459, 1629, 1715, 925, 493, 1437, 749, 1261, 1693, 2006, 1843, 877, 1931, 979, 1389, 1491, 2025, 1645, 1821, 1747, 941, 1453, 1018, 1530, 1709, 1875, 1786, 1837, 501, 973, 1914, 757, 1485, 1269, 885, 1741, 995, 1939, 1397, 1507, 254, 1653, 382, 1763, 949, 1869, 638, 1461, 446, 1150, 1978, 702, 1717, 1214, 1891, 2022, 830, 478, 1342, 63, 734, 95, 1845, 1246, 1598, 981, 1933, 159, 862, 1493, 111, 287, 1374, 175, 543, 1749, 303, 1055, 1630, 1955, 207, 559, 926, 119, 335, 1071, 494, 1438, 183, 591, 750, 2033, 1877, 311, 399, 1103, 1262, 1694, 505, 2010, 215, 567, 655, 878, 761, 343, 1079, 1167, 1390, 1273, 599, 783, 889, 407, 1111, 1295, 1646, 1822, 1401, 231, 663, 942, 123, 359, 1175, 1551, 1454, 1657, 997, 187, 615, 791, 953, 1941, 1509, 315, 423, 1127, 1303, 1710, 1465, 219, 571, 679, 1020, 1765, 347, 1083, 1191, 1559, 1987, 1532, 1721, 603, 807, 502, 411, 1115, 455, 1319, 1838, 1788, 758, 974, 235, 667, 711, 1270, 1486, 1893, 363, 1179, 1223, 1575, 1849, 886, 619, 795, 839, 985, 1398, 1742, 427, 1131, 1307, 1351, 1497, 1916, 683, 1654, 1195, 1563, 1607, 1753, 950, 811, 903, 125, 1462, 1870, 459, 1323, 1415, 189, 2026, 243, 715, 317, 1957, 371, 1718, 1227, 1579, 1671, 1881, 221, 573, 627, 843, 349, 1085, 435, 1139, 1980, 1355, 605, 691, 413, 1117, 1203, 1846, 1611, 1799, 237, 669, 982, 819, 907, 365, 1181, 1494, 1934, 467, 1331, 1001, 1419, 621, 797, 723, 1513, 429, 1133, 1309, 1750, 1235, 1587, 1945, 1675, 506, 685, 851, 1769, 762, 1197, 1565, 1363, 1274, 813, 890, 461, 1325, 1878, 1989, 1619, 245, 1803, 1402, 717, 915, 373, 1897, 483, 1229, 1581, 1427, 2012, 629, 739, 1658, 845, 437, 1141, 126, 1251, 954, 1357, 1683, 693, 190, 867, 998, 1466, 1205, 318, 1379, 1510, 1613, 821, 222, 574, 1722, 909, 1942, 469, 1333, 350, 1086, 1635, 2034, 1766, 1421, 1811, 725, 31, 606, 931, 1961, 1237, 47, 1589, 414, 1118, 1443, 1677, 1009, 853, 79, 238, 670, 1850, 986, 1521, 1365, 55, 143, 366, 1182, 1699, 249, 1894, 1498, 87, 271, 622, 798, 377, 1777, 1621, 151, 527, 430, 1134, 1310, 633, 1805, 1754, 917, 485, 103, 279, 1039, 686, 441, 1145, 1429, 741, 59, 167, 535, 1198, 963, 1827, 1566, 508, 697, 1253, 91, 2028, 295, 1047, 814, 1475, 764, 1209, 1905, 1685, 246, 462, 869, 155, 199, 551, 1326, 1276, 825, 1882, 374, 1958, 718, 1381, 107, 283, 327, 1063, 1731, 473, 892, 1993, 1337, 630, 1230, 171, 539, 583, 1582, 729, 1404, 438, 1142, 846, 1637, 299, 1051, 391, 1095, 1241, 1002, 1593, 1813, 933, 694, 1358, 203, 555, 647, 857, 1660, 1514, 61, 1445, 115, 1859, 1206, 956, 331, 1067, 1159, 1369, 93, 179, 822, 1969, 1614, 1468, 587, 775, 1770, 1946, 157, 470, 910, 1701, 307, 1334, 395, 1099, 1287, 1625, 489, 109, 285, 726, 1422, 211, 563, 921, 1724, 651, 745, 173, 541, 1238, 339, 1075, 1433, 1590, 1163, 1543, 250, 1257, 1990, 301, 1053, 854, 1678, 965, 595, 1898, 779, 378, 1829, 873, 205, 557, 1366, 1923, 403, 1477, 1107, 1689, 988, 1291, 634, 117, 1385, 227, 1852, 333, 1069, 659, 2036, 1500, 442, 1146, 181, 355, 486, 589, 1622, 1733, 1171, 1547, 698, 1806, 918, 309, 1641, 62, 611, 1010, 742, 397, 1101, 2001, 787, 1756, 937, 1210, 1430, 1817, 213, 565, 94, 419, 1123, 1522, 1254, 653, 1299, 1449, 826, 1962, 497, 341, 1077, 158, 675, 870, 474, 1165, 1338, 1861, 1686, 753, 597, 110, 286, 1778, 1187, 1382, 781, 730, 1555, 15, 1705, 121, 1884, 1265, 405, 1109, 174, 803, 542, 1293, 1242, 229, 1004, 23, 451, 1594, 185, 881, 661, 302, 1315, 1054, 252, 1638, 858, 934, 357, 1516, 39, 707, 969, 313, 1393, 1173, 206, 558, 1814, 380, 1549, 1370, 1906, 118, 1446, 613, 27, 71, 1219, 217, 1481, 569, 1833, 789, 1571, 334, 1070, 636, 490, 1925, 1772, 421, 835, 182, 1125, 43, 135, 345, 1081, 2017, 1649, 1994, 1301, 945, 590, 444, 2040, 1626, 1148, 746, 1948, 922, 1702, 677, 1347, 1737, 310, 75, 263, 601, 398, 1457, 1102, 700, 1258, 1434, 214, 1189, 51, 409, 566, 139, 519, 1113, 1557, 233, 966, 29, 654, 874, 1212, 805, 1900, 1603, 1970, 342, 899, 453, 83, 665, 1078, 267, 1031, 361, 1713, 1478, 828, 1166, 45, 1012, 1386, 476, 1690, 122, 1830, 1865, 1317, 598, 1411, 709, 147, 1177, 523, 782, 617, 1340, 77, 977, 1524, 732, 186, 406, 793, 99, 498, 230, 1110, 1221, 275, 1734, 1035, 425, 1294, 1642, 938, 1129, 53, 1489, 141, 1573, 1244, 1667, 314, 837, 662, 1305, 1841, 754, 163, 358, 531, 1596, 1818, 1964, 681, 1780, 1450, 860, 241, 85, 269, 218, 570, 1349, 1174, 2002, 1550, 1266, 1929, 291, 30, 614, 1043, 1745, 1193, 492, 1372, 369, 1862, 149, 1561, 790, 525, 346, 882, 1082, 422, 195, 457, 809, 1706, 1795, 1126, 547, 46, 901, 748, 101, 1605, 57, 993, 625, 1908, 970, 277, 1302, 1037, 1016, 602, 124, 1394, 924, 678, 323, 713, 1321, 1628, 1059, 433, 78, 234, 1413, 1260, 1873, 410, 1996, 165, 1505, 1137, 1482, 89, 533, 1528, 1114, 1436, 188, 1190, 1225, 876, 579, 946, 1834, 1926, 54, 1558, 7, 1650, 689, 454, 2018, 142, 362, 1577, 666, 806, 841, 293, 1045, 387, 153, 1669, 316, 1972, 1761, 1388, 1091, 500, 1738, 1458, 1784, 1692, 86, 1201, 197, 710, 11, 1178, 270, 618, 1318, 105, 1353, 1937, 465, 549, 220, 643, 281, 817, 572, 794, 940, 756, 426, 1222, 1644, 1714, 325, 150, 1130, 978, 1797, 526, 242, 905, 1061, 19, 1889, 721, 169, 1866, 1155, 348, 1912, 1574, 1329, 838, 1609, 537, 1820, 1084, 1306, 1452, 1268, 58, 2004, 682, 771, 102, 1490, 1038, 581, 1417, 884, 278, 1233, 13, 370, 1350, 1049, 297, 604, 1842, 35, 1585, 389, 236, 849, 1194, 1283, 972, 1562, 481, 1708, 113, 458, 1953, 504, 1930, 90, 1093, 412, 1976, 166, 1396, 201, 810, 1746, 902, 534, 1673, 626, 1116, 994, 553, 2020, 1606, 1361, 21, 1484, 645, 948, 737, 1539, 364, 67, 714, 434, 760, 668, 1322, 1836, 177, 1414, 1046, 1652, 1138, 154, 294, 1506, 329, 913, 1065, 1985, 1874, 1801, 2008, 1157, 1617, 1460, 1249, 1740, 1226, 1272, 198, 620, 1180, 690, 106, 773, 1578, 1670, 37, 865, 1425, 842, 131, 1762, 888, 550, 305, 585, 796, 60, 282, 428, 244, 980, 1938, 1716, 1132, 1202, 2024, 1868, 466, 14, 1285, 393, 209, 1377, 1354, 1400, 1062, 1681, 1798, 326, 1097, 25, 1308, 818, 1890, 561, 1492, 170, 259, 538, 684, 929, 906, 1844, 69, 952, 372, 1541, 1932, 1633, 722, 2032, 1610, 649, 1656, 1330, 92, 1809, 1564, 1073, 996, 582, 1748, 1954, 337, 1050, 1196, 460, 1441, 1418, 1464, 515, 1234, 1161, 298, 812, 390, 22, 628, 1586, 114, 482, 1508, 1094, 41, 961, 1876, 850, 777, 984, 1986, 1697, 1674, 1027, 133, 1720, 593, 436, 225, 716, 202, 1324, 248, 1140, 156, 1764, 1473, 554, 646, 1362, 1289, 401, 1496, 1940, 1825, 738, 1802, 1105, 1848, 1228, 1580, 914, 692, 1892, 1066, 1729, 108, 1158, 1618, 178, 1000, 844, 1545, 1752, 261, 1250, 353, 330, 376, 38, 657, 774, 73, 284, 1426, 1204, 866, 1956, 1857, 468, 1512, 1356, 1880, 820, 1169, 1286, 517, 1682, 908, 1378, 609, 1008, 586, 1988, 1768, 1921, 1612, 632, 306, 1944, 785, 540, 49, 1332, 724, 1542, 930, 26, 1029, 172, 1810, 1420, 1634, 417, 1121, 1520, 394, 1098, 1896, 440, 1144, 1297, 1052, 210, 1588, 137, 1236, 1442, 1676, 562, 1776, 1960, 484, 70, 1553, 852, 962, 673, 1698, 650, 3, 1804, 1074, 696, 1904, 1992, 300, 1364, 116, 1474, 1185, 1826, 1162, 740, 1208, 449, 1968, 338, 265, 472, 916, 1620, 801, 778, 1730, 81, 824, 204, 1252, 2000, 556, 1428, 1313, 1290, 1858, 868, 1336, 42, 705, 134, 594, 2016, 521, 1068, 728, 226, 1684, 1569, 1546, 1922, 1380, 1592, 1217, 1106, 1033, 1240, 402, 1812, 180, 932, 833, 1636, 488, 332, 856, 1444, 1345, 145, 262, 1368, 658, 354, 964, 744, 1700, 897, 588, 1601, 920, 1624, 1170, 308, 1476, 1256, 1828, 1409, 1100, 518, 1432, 5, 786, 396, 610, 97, 496, 74, 872, 1732, 1665, 1030, 120, 1688, 273, 1298, 28, 1122, 564, 1384, 1860, 212, 1793, 418, 1816, 1554, 652, 752, 1076, 936, 1640, 1924, 529, 1164, 1264, 1448, 674, 1041, 780, 50, 880, 968, 1704, 1186, 1292, 340, 1392, 450, 1480, 161, 1832, 802, 138, 1548, 184, 944, 1648, 1736, 1314, 596, 1456, 706, 1864, 1570, 228, 1108, 976, 1712, 1218, 1928, 404, 289, 1488, 1840, 266, 834, 312, 992, 1744, 44, 1346, 660, 545, 1504, 1872, 522, 898, 1602, 356, 568, 1172, 193, 82, 1057, 1760, 1936, 9, 1034, 216, 1410, 1080, 788, 1888, 1666, 612, 1300, 1952, 1794, 1124, 1556, 1984, 420, 321, 344, 676, 577, 600, 146, 1188, 1089, 1112, 452, 232, 804, 385, 76, 408, 1316, 708, 641, 1572, 6, 664, 274, 1220, 1153, 98, 1176, 360, 836, 769, 792, 530, 1348, 1281, 1304, 52, 1042, 616, 1604, 900, 1537, 1560, 1128, 140, 1412, 240, 424, 1668, 17, 1796, 680, 162, 1192, 268, 368, 456, 808, 1320, 524, 1576, 624, 712, 290, 1036, 1224, 1136, 840, 432, 546, 1792, 768, 1280, 256, 1536, 512, 1024, 384, 1152, 1616, 592, 1104, 80, 912, 1424, 400, 1680, 336, 656, 144, 1808, 784, 1296, 272, 1552, 528, 1040, 1168, 16, 1360, 208, 1544, 520, 1032, 8, 112, 688, 1200, 176, 848, 816, 304, 1584, 560, 1072, 48, 464, 720, 1232, 1328, 480, 736, 1248, 960, 1472, 448, 1728, 704, 1216, 192, 1856, 32, 832, 320, 1600, 576, 1088, 64, 1920, 896, 1408, 1344, 1056, 544, 1568, 224, 864, 1376, 352, 1632, 608, 1120, 96, 928, 1440, 416, 1696, 672, 1184, 160, 1824, 800, 1312, 288, 264, 128, 1288, 1800, 770, 1282, 258, 1538, 514, 1026, 2, 12, 130, 84, 276, 532, 1044, 20, 100, 164, 292, 548, 148, 1060, 1154, 386, 33, 65, 129, 1664, 257, 513, 1025, 1, 642, 640, 18, 1058, 34, 194, 322, 578, 1090, 66, 10, 36, 196, 324, 296, 552, 1064, 40, 200, 1352, 328, 1608, 168, 584, 72, 904, 1416, 392, 1672, 648, 1160, 136, 1096, 104, 24, 1048, 580, 1092, 68, 388, 644, 1156, 132, 772, 1284, 260, 1540, 516, 1028, 4, 56, 88, 152, 280, 536, 776, 0]
"Number of good channels:"
1020
"R=0.498046875"
"Frozen channels:"
1028
"sim ran :1000"
"Outputilename:./simresults/llrsgndict-2048-0p03-18-05-10_15-41-42.txt"
