"LLR dict generation REPORT"
"---------------------------"
"N=128"
"design_p=0.11"
"Capacity for 128channels:64"
"design for rate:21"
"Z Construct--------------------------------------------------------"
"Good Channels:"
[127, 63, 95, 111, 119, 123, 125, 31, 47, 79, 55, 87, 126, 103, 59, 91, 107, 61, 93, 115, 15]
"R order:"
[127, 63, 95, 111, 119, 123, 125, 31, 47, 79, 55, 87, 126, 103, 59, 91, 107, 61, 93, 115, 15, 109, 23, 62, 39, 27, 117, 94, 71, 43, 110, 75, 121, 29, 51, 118, 45, 83, 77, 99, 53, 30, 7, 122, 85, 46, 11, 57, 124, 101, 78, 54, 89, 19, 13, 86, 105, 35, 58, 102, 113, 67, 21, 90, 60, 106, 37, 14, 92, 25, 114, 69, 108, 22, 41, 116, 73, 38, 120, 49, 3, 26, 70, 81, 97, 42, 74, 28, 50, 5, 82, 44, 98, 76, 52, 84, 9, 56, 100, 88, 6, 104, 17, 112, 33, 65, 10, 18, 34, 12, 66, 20, 36, 68, 24, 40, 72, 48, 80, 96, 1, 2, 8, 4, 16, 32, 64, 0]
"Number of good channels:"
21
"R=0.1640625"
"Frozen channels:"
107
"sim ran :1000"
"Outputilename:./simresults/llrsgndict-128-0p11-18-05-10_15-37-11.txt"
