"P Vs FER REPORT derate"
"---------------------------"
"N=512"
"sim ran :10000"
"Z max :0.25"
"Rate vs Block_error="
[0.01, 0.02, 0.03, 0.04, 0.05, 0.060000000000000005, 0.06999999999999999, 0.08, 0.09, 0.09999999999999999, 0.11, 0.12, 0.13, 0.14, 0.15000000000000002, 0.16, 0.17, 0.18000000000000002, 0.19, 0.2]
[395, 350, 315, 289, 267, 246, 228, 210, 198, 183, 168, 157, 146, 135, 128, 116, 109, 99, 92, 84]
[-1.0423927129399047, -1.191789027075778, -1.3233063903751334, -1.239577516576788, -1.2306226739238615, -1.1511952989481964, -1.0030507515046188, -0.9609826780025881, -0.916139199133427, -0.9251835593548252, -0.9438577379409476, -0.8941493256148565, -0.7022394889008661, -0.6740740442285338, -0.5565805382171827, -0.40971559628183807, -0.44165149123838027, -0.5989442742281561, -0.5868679495651279, -0.7682756166714835]
"Time taken:10536.3972299"
