"P Vs FER REPORT derate"
"---------------------------"
"N=512"
"sim ran :1000"
"Z max :-1.0"
"Rate vs Block_error="
[0.01, 0.02, 0.03, 0.04, 0.05, 0.060000000000000005, 0.06999999999999999, 0.08, 0.09, 0.09999999999999999, 0.11, 0.12, 0.13, 0.14, 0.15000000000000002, 0.16, 0.17, 0.18000000000000002, 0.19, 0.2]
[379, 330, 299, 268, 246, 225, 208, 191, 179, 165, 150, 139, 130, 118, 111, 101, 95, 85, 79, 72]
[-1.7212463990471711, -1.853871964321762, -1.9208187539523751, -1.853871964321762, -1.6575773191777938, -1.5228787452803376, -1.5528419686577808, -1.494850021680094, -1.3665315444204136, -1.3565473235138126, -1.3665315444204136, -1.3279021420642825, -1.013228265733755, -0.8446639625349383, -0.8210230527068306, -1.0861861476162833, -0.8239087409443188, -1.1739251972991736, -1.154901959985743, -1.1249387366083]
"Time taken:1082.18234491"
