"P Vs FER REPORT derate"
"---------------------------"
"N=512"
"sim ran :1000"
"Z max :0.4"
"Rate vs Block_error="
[0.01, 0.02, 0.03, 0.04, 0.05, 0.060000000000000005, 0.06999999999999999, 0.08, 0.09, 0.09999999999999999, 0.11, 0.12, 0.13, 0.14, 0.15000000000000002, 0.16, 0.17, 0.18000000000000002, 0.19, 0.2]
[406, 362, 330, 304, 281, 260, 242, 225, 208, 197, 183, 168, 157, 147, 137, 130, 118, 111, 103, 96]
[-0.785156151952302, -0.8477116556169436, -1.0177287669604316, -0.9208187539523752, -0.8632794328435931, -0.826813731587726, -0.7520267336381934, -0.6655462488490691, -0.6615435063953952, -0.6675615400843947, -0.6143937264016879, -0.6439741428068773, -0.6270879970298935, -0.48017200622428124, -0.42481215507233894, -0.32605800136591223, -0.24949160514865382, -0.26042765554990804, -0.31515463835558755, -0.26680273489343054]
"Time taken:1327.07892919"
