"LLR dict generation REPORT"
"---------------------------"
"N=512"
"design_p=0.03"
"Capacity for 512channels:412"
"design for rate:246"
"Z Construct--------------------------------------------------------"
"Good Channels:"
[511, 255, 383, 447, 479, 495, 503, 507, 509, 510, 127, 191, 319, 223, 351, 415, 239, 367, 431, 463, 247, 375, 439, 471, 487, 251, 379, 443, 475, 491, 253, 381, 445, 499, 477, 493, 501, 254, 382, 446, 478, 63, 95, 159, 111, 287, 175, 303, 207, 119, 335, 494, 183, 311, 399, 505, 215, 343, 407, 231, 123, 359, 187, 315, 423, 219, 347, 502, 411, 455, 235, 363, 427, 125, 459, 189, 243, 317, 371, 221, 349, 435, 413, 237, 365, 467, 429, 506, 461, 245, 373, 483, 437, 126, 190, 318, 222, 469, 350, 31, 47, 414, 79, 238, 55, 143, 366, 249, 87, 271, 377, 151, 430, 485, 103, 279, 441, 59, 167, 508, 91, 295, 246, 462, 155, 199, 374, 107, 283, 327, 473, 171, 438, 299, 391, 203, 61, 115, 331, 93, 179, 157, 470, 307, 395, 489, 109, 285, 211, 173, 339, 250, 301, 378, 205, 403, 117, 227, 333, 442, 181, 355, 486, 309, 62, 397, 213, 94, 419, 497, 341, 158, 474, 110, 286, 15, 121, 405, 174, 229, 23, 451, 185, 302, 252, 357, 39, 313, 206, 380, 118, 27, 71, 217, 334, 490, 421, 182, 43, 135, 345, 444, 310, 75, 263, 398, 214, 51, 409, 139, 233, 29, 342, 453, 83, 267, 361, 45, 476, 122, 147, 77, 186, 406, 99, 498, 230, 275, 425, 53, 141, 314, 163, 358, 241, 85, 269, 218, 291, 30, 492, 369, 149, 346, 422, 195]
"R order:"
[511, 255, 383, 447, 479, 495, 503, 507, 509, 510, 127, 191, 319, 223, 351, 415, 239, 367, 431, 463, 247, 375, 439, 471, 487, 251, 379, 443, 475, 491, 253, 381, 445, 499, 477, 493, 501, 254, 382, 446, 478, 63, 95, 159, 111, 287, 175, 303, 207, 119, 335, 494, 183, 311, 399, 505, 215, 343, 407, 231, 123, 359, 187, 315, 423, 219, 347, 502, 411, 455, 235, 363, 427, 125, 459, 189, 243, 317, 371, 221, 349, 435, 413, 237, 365, 467, 429, 506, 461, 245, 373, 483, 437, 126, 190, 318, 222, 469, 350, 31, 47, 414, 79, 238, 55, 143, 366, 249, 87, 271, 377, 151, 430, 485, 103, 279, 441, 59, 167, 508, 91, 295, 246, 462, 155, 199, 374, 107, 283, 327, 473, 171, 438, 299, 391, 203, 61, 115, 331, 93, 179, 157, 470, 307, 395, 489, 109, 285, 211, 173, 339, 250, 301, 378, 205, 403, 117, 227, 333, 442, 181, 355, 486, 309, 62, 397, 213, 94, 419, 497, 341, 158, 474, 110, 286, 15, 121, 405, 174, 229, 23, 451, 185, 302, 252, 357, 39, 313, 206, 380, 118, 27, 71, 217, 334, 490, 421, 182, 43, 135, 345, 444, 310, 75, 263, 398, 214, 51, 409, 139, 233, 29, 342, 453, 83, 267, 361, 45, 476, 122, 147, 77, 186, 406, 99, 498, 230, 275, 425, 53, 141, 314, 163, 358, 241, 85, 269, 218, 291, 30, 492, 369, 149, 346, 422, 195, 457, 46, 101, 57, 277, 124, 323, 433, 78, 234, 410, 165, 89, 188, 54, 7, 454, 142, 362, 293, 387, 153, 316, 500, 86, 197, 11, 270, 105, 465, 220, 281, 426, 325, 150, 242, 19, 169, 348, 58, 102, 278, 13, 370, 297, 35, 389, 236, 481, 113, 458, 504, 90, 412, 166, 201, 21, 364, 67, 434, 177, 154, 294, 329, 198, 106, 37, 131, 305, 60, 282, 428, 244, 466, 14, 393, 209, 326, 25, 170, 259, 69, 372, 92, 337, 460, 298, 390, 22, 114, 482, 41, 133, 436, 225, 202, 248, 156, 401, 108, 178, 261, 353, 330, 376, 38, 73, 284, 468, 306, 49, 26, 172, 417, 394, 440, 210, 137, 484, 70, 3, 300, 116, 449, 338, 265, 472, 81, 204, 42, 134, 226, 402, 180, 488, 332, 145, 262, 354, 308, 5, 396, 97, 496, 74, 120, 273, 28, 212, 418, 50, 340, 450, 161, 138, 184, 228, 404, 289, 266, 312, 44, 356, 193, 82, 9, 216, 420, 321, 344, 146, 452, 232, 385, 76, 408, 6, 274, 98, 360, 52, 140, 240, 424, 17, 162, 268, 368, 456, 290, 432, 84, 194, 464, 322, 480, 148, 33, 10, 386, 56, 276, 100, 164, 65, 88, 292, 196, 129, 152, 324, 257, 280, 18, 104, 388, 168, 296, 12, 112, 200, 328, 34, 176, 392, 304, 208, 336, 66, 224, 400, 352, 130, 416, 258, 20, 448, 36, 68, 1, 24, 132, 260, 40, 256, 128, 64, 384, 160, 192, 96, 16, 272, 144, 80, 48, 320, 8, 136, 72, 4, 2, 32, 288, 264, 0]
"Number of good channels:"
246
"R=0.48046875"
"Frozen channels:"
266
"sim ran :1"
"Outputilename:./simresults/llrsgndict-512-0p03-18-05-10_12-46-17.txt"
