"RATE Vs FER REPORT Rateless Det Iter retro"
"------------------------------------------"
"Compound_plist:"
[0.03, 0.11, 0.17]
"sim ran :5"
"T:9"
"N=512"
"Rate vs Block_error="
0.19
[0.01, 0.02, 0.03, 0.04, 0.05, 0.060000000000000005, 0.06999999999999999, 0.08, 0.09, 0.09999999999999999, 0.11, 0.12, 0.13, 0.14, 0.15000000000000002, 0.16, 0.17, 0.18000000000000002, 0.19, 0.2]
[2.1878906249999996, 2.219921875, 2.251953125, 2.219921875, 2.091796875, 2.219921875, 2.251953125, 2.348046875, 2.171875, 2.3640624999999997, 2.3800781250000003, 2.380078125, 2.428125, 2.428125, 2.4601562500000003, 2.540234375, 2.46015625, 2.444140625, 2.316015625, 2.4441406249999997]
[-0.3979400086720376, -0.6989700043360187, -0.6989700043360187, -Infinity, -0.6989700043360187, -0.6989700043360187, -Infinity, -Infinity, -0.22184874961635637, -0.3979400086720376, -0.3979400086720376, -0.3979400086720376, -0.3979400086720376, -0.22184874961635637, -0.3979400086720376, -0.3979400086720376, -0.22184874961635637, -0.22184874961635637, 0.0, -0.22184874961635637]
