"RATE Vs FER REPORT Rateless Det Iter retro"
"------------------------------------------"
"Compound_plist:"
[0.03, 0.11, 0.17]
"sim ran :1000"
"T:9"
"N=512"
"Rate vs Block_error="
0.2
[0.01, 0.02, 0.03, 0.04, 0.05, 0.060000000000000005, 0.06999999999999999, 0.08, 0.09, 0.09999999999999999, 0.11, 0.12, 0.13, 0.14, 0.15000000000000002, 0.16, 0.17, 0.18000000000000002, 0.19, 0.2]
[2.143687500000028, 2.1593828125000303, 2.159222656250027, 2.1507343750000287, 2.1573808593750288, 2.1730761718750267, 2.166990234375022, 2.224406250000012, 2.3031230468750032, 2.3515703124999927, 2.3927304687499853, 2.418355468749984, 2.4363730468749845, 2.438294921874984, 2.4391757812499844, 2.457513671874989, 2.4682441406249898, 2.4852207031249938, 2.500595703124998, 2.513087890625]
[-0.5451551399914898, -0.6143937264016879, -0.5686362358410126, -0.5816987086802545, -0.6126101736612706, -0.5436339668709571, -0.44490555142168087, -0.41793663708829126, -0.384049948343599, -0.38721614328026455, -0.4353339357479107, -0.46092390120722343, -0.48811663902112556, -0.41005039867429227, -0.36754270781527576, -0.3516399890190684, -0.3089185078770315, -0.29756946355447467, -0.29843201494407257, -0.2765443279648142]
"Time taken:208524.913762"
