"RATE Vs FER REPORT Rateless Det Iter retro"
"------------------------------------------"
"Compound_plist:"
[0.03, 0.11, 0.17]
"sim ran :1000"
"T:50"
"N=512"
"Rate vs Block_error="
[0.07, 0.03]
[0.1, 0.1036842105263158, 0.10736842105263159, 0.11105263157894738, 0.11473684210526316, 0.11842105263157895, 0.12210526315789474, 0.12578947368421053, 0.12947368421052632, 0.13315789473684211, 0.1368421052631579, 0.1405263157894737, 0.14421052631578948, 0.14789473684210527, 0.15157894736842106, 0.15526315789473685, 0.15894736842105264, 0.16263157894736843, 0.16631578947368422, 0.17]
[3.0139218750000243, 3.0530000000000386, 3.084070312500041, 3.107132812500045, 3.110656250000048, 3.13051562500005, 3.1401250000000505, 3.1455703125000527, 3.148132812500053, 3.1522968750000544, 3.151656250000054, 3.1582890625000535, 3.1513359375000545, 3.1564609375000545, 3.154859375000054, 3.1474921875000548, 3.1558203125000546, 3.1535781250000534, 3.153898437500054, 3.1510156250000523]
[-0.51427857351842, -0.5157001606532141, -0.5451551399914898, -0.6055483191737837, -0.5686362358410126, -0.6038006529042637, -0.563837352959244, -0.6345120151091003, -0.6126101736612706, -0.562249437179612, -0.6108339156354675, -0.6307841425898572, -0.5883802940367698, -0.6161846340195687, -0.6020599913279624, -0.5800442515102421, -0.5867002359187481, -0.5718652059712112, -0.5800442515102421, -0.5512936800949201]
[3.374218750000034, 3.38678125000004, 3.374414062500037, 3.3561953125000445, 3.3741875000000454, 3.3686171875000475, 3.3906328125000464, 3.359882812500048, 3.3686484375000463, 3.395367187500046, 3.3692187500000483, 3.3657343750000464, 3.3788750000000447, 3.368789062500049, 3.376554687500051, 3.3814062500000497, 3.3848906250000454, 3.3919453125000496, 3.3874921875000488, 3.404804687500047]
"Time taken:20685.2743649"
