"RATE Vs FER REPORT Rateless Det Iter retro final CRC"
"------------------------------------------"
"Compound_plist:"
[0.03, 0.11, 0.17]
"sim ran :1000"
"T:9"
"N=512"
"Rate vs Block_error="
0.17
[0.01, 0.02, 0.03, 0.04, 0.05, 0.060000000000000005, 0.06999999999999999, 0.08, 0.09, 0.09999999999999999, 0.11, 0.12, 0.13, 0.14, 0.15000000000000002, 0.16, 0.17, 0.18000000000000002, 0.19, 0.2]
[2.159746093750025, 2.154066406250026, 2.1601875000000237, 2.158230468750023, 2.1617441406250233, 2.17346484375002, 2.177324218750018, 2.2224121093750084, 2.268212890624999, 2.3328164062499845, 2.3640253906249775, 2.384624999999975, 2.3876386718749742, 2.398689453124975, 2.401197265624972, 2.4189648437499778, 2.4459843749999846, 2.4690664062499894, 2.496666015624993, 2.526552734374999]
[-0.7495799976911061, -0.7011469235902933, -0.7931741239681502, -0.7399286120149252, -0.7772835288524167, -0.6716203965612623, -0.5436339668709571, -0.48678239993206096, -0.44490555142168087, -0.4762535331884355, -0.4975728800155673, -0.5346171485515817, -0.5214335044061567, -0.4854522473397139, -0.44490555142168087, -0.38721614328026455, -0.3851027839668654, -0.3372421683184259, -0.4122890349810886, -0.4571745730408201]
"errorarray=[err_Y2X,err_Z2X,err_X2Y,err_Z2Y,err_Y2Z,err_X2Z]"
[[-0.8124792791635369, -0.8124792791635369, -0.8961962790440432, -Infinity, -Infinity, -0.8961962790440432], [-0.7351821769904635, -0.7351821769904635, -0.8961962790440432, -Infinity, -Infinity, -0.8961962790440432], [-0.8356471442155629, -0.8356471442155629, -0.978810700930062, -Infinity, -3.0, -0.978810700930062], [-0.7931741239681502, -0.7931741239681502, -0.9706162223147904, -Infinity, -3.0, -0.9665762445130504], [-0.8632794328435931, -0.8356471442155629, -0.9625735020593764, -2.0457574905606752, -2.0457574905606752, -0.9469215565165803], [-0.832682665251824, -0.7544873321858502, -0.9913998282380825, -1.4559319556497243, -1.537602002101044, -0.9281179926938746], [-0.8210230527068306, -0.6655462488490691, -0.9318141382538383, -1.1249387366083, -1.1023729087095586, -0.7670038896078462], [-0.8239087409443188, -0.6055483191737837, -0.9546770212133425, -0.958607314841775, -0.9913998282380825, -0.7258421507363202], [-0.826813731587726, -0.562249437179612, -0.9208187539523752, -0.8477116556169436, -0.8477116556169436, -0.6497519816658371], [-0.832682665251824, -0.623423042943488, -0.8507808873446201, -0.9956786262173574, -0.9829666607012196, -0.638272163982407], [-0.7958800173440752, -0.632644078973981, -0.7746907182741372, -1.1023729087095586, -1.0409586076789064, -0.6126101736612706], [-0.7619538968712046, -0.6497519816658371, -0.7670038896078462, -1.2006594505464183, -1.2441251443275085, -0.6635402661514704], [-0.728158393463501, -0.6090648928966209, -0.7986028756795485, -1.1426675035687315, -1.1674910872937636, -0.6675615400843947], [-0.785156151952302, -0.6003262785189618, -0.7644715530924511, -1.0087739243075051, -1.0087739243075051, -0.5900668766687054], [-0.7495799976911061, -0.549750891680639, -0.744727494896694, -0.8827287043442358, -0.8601209135987634, -0.5421181032660076], [-0.785156151952302, -0.5100415205751654, -0.7619538968712046, -0.7670038896078462, -0.7878123955960422, -0.5003129173815961], [-0.7772835288524167, -0.5016894462103995, -0.7772835288524167, -0.7569619513137056, -0.7399286120149252, -0.5086383061657274], [-0.744727494896694, -0.46344155742846993, -0.7189666327522725, -0.7144426909922262, -0.692503962086787, -0.4559319556497244], [-0.7495799976911061, -0.5451551399914898, -0.7644715530924511, -0.8477116556169436, -0.790484985457369, -0.549750891680639], [-0.785156151952302, -0.6108339156354675, -0.7958800173440752, -0.9430951486635274, -0.8538719643217619, -0.5900668766687054]]
"Iter=[Iter_step_1,Iter_step_2 (continued)]"
[[0.0, 1.414], [0.0, 1.395], [0.0, 1.423], [0.002, 1.412], [0.011, 1.43], [0.044, 1.423], [0.11, 1.375], [0.265, 1.406], [0.459, 1.405], [0.724, 1.418], [0.867, 1.374], [0.934, 1.395], [0.963, 1.379], [1.001, 1.414], [1.025, 1.419], [1.058, 1.513], [1.148, 1.605], [1.169, 1.703], [1.236, 1.8], [1.305, 1.877]]
[[414.154, 404.314, 282.052], [413.211, 406.897, 279.674], [414.851, 407.84, 280.535], [414.154, 409.111, 278.649], [414.646, 410.997, 278.69], [415.179, 411.038, 282.38], [412.473, 410.382, 289.514], [413.457, 410.095, 309.112], [414.031, 413.047, 331.949], [414.892, 414.646, 363.929], [413.047, 412.104, 381.723], [413.006, 413.006, 390.743], [412.227, 412.842, 394.597], [413.006, 414.195, 398.246], [411.653, 414.523, 401.034], [412.309, 418.582, 405.913], [412.268, 421.657, 414.072], [412.555, 425.142, 417.762], [412.719, 428.504, 425.183], [414.113, 430.841, 429.857]]
[2.3258906250000106, 2.33928320312501, 2.308169921875011, 2.3264863281250077, 2.3158964843750076, 2.361146484375007, 2.4269003906250015, 2.495574218749994, 2.5580078124999903, 2.587388671874984, 2.591849609374982, 2.586593749999981, 2.59117968749998, 2.6134667968749823, 2.6319394531249816, 2.671957031249987, 2.6920449218749916, 2.7330468749999963, 2.7109843749999993, 2.713976562500001]
"Time taken:36480.9118998"
