"P Vs FER REPORT derate"
"---------------------------"
"N=512"
"sim ran :1000"
"Z max :0.02"
"Rate vs Block_error="
[0.01, 0.02, 0.03, 0.04, 0.05, 0.060000000000000005, 0.06999999999999999, 0.08, 0.09, 0.09999999999999999, 0.11, 0.12, 0.13, 0.14, 0.15000000000000002, 0.16, 0.17, 0.18000000000000002, 0.19, 0.2]
[354, 304, 270, 242, 221, 203, 183, 166, 154, 140, 130, 116, 110, 99, 93, 84, 77, 69, 63, 59]
[-2.3979400086720375, -3.0, -Infinity, -2.6989700043360187, -2.3979400086720375, -2.3979400086720375, -2.3010299956639813, -3.0, -2.0969100130080562, -1.9208187539523751, -1.8860566476931633, -1.6197887582883939, -1.5086383061657274, -1.9208187539523751, -1.7958800173440752, -2.0, -2.0457574905606752, -1.9208187539523751, -1.6575773191777938, -1.4685210829577449]
"Time taken:1369.747087"
