"RATE Vs FER REPORT Rateless Det Iter retro"
"------------------------------------------"
"Compound_plist:"
[0.03, 0.11, 0.17]
"sim ran :1000"
"T:9"
"N=512"
"Rate vs Block_error="
0.05
[0.01, 0.02, 0.03, 0.04, 0.05, 0.060000000000000005, 0.06999999999999999, 0.08, 0.09, 0.09999999999999999, 0.11, 0.12, 0.13, 0.14, 0.15000000000000002, 0.16, 0.17, 0.18000000000000002, 0.19, 0.2]
[1.6146914062500237, 1.615652343750024, 1.6137304687500242, 1.6137304687500242, 1.6175742187500246, 1.6329492187500259, 1.6768320312500273, 1.7437773437500301, 1.8450410156250332, 1.9597480468750361, 2.044365234375033, 2.098126953125027, 2.1501718750000247, 2.173429687500025, 2.215906250000021, 2.241507812500021, 2.272433593750017, 2.3130156250000122, 2.3381269531250086, 2.372369140625]
[-1.275724130399211, -0.8996294548824371, -0.7055337738384071, -0.638272163982407, -0.6635402661514704, -0.6575773191777937, -0.6497519816658371, -0.5900668766687054, -0.5287082889410615, -0.623423042943488, -0.6252516539898961, -0.640164517660112, -0.707743928643524, -0.7258421507363202, -0.8696662315049939, -0.9136401693252518, -0.8507808873446201, -0.9281179926938746, -0.9208187539523752, -0.8239087409443188]
"errorarray=[err_Y2X,err_Z2X,err_X2Y,err_Z2Y,err_Y2Z,err_X2Z]"
[[-2.0969100130080562, -1.5228787452803376, -1.8860566476931633, -Infinity, -Infinity, -1.5086383061657274], [-2.0457574905606752, -1.1307682802690238, -2.0, -Infinity, -Infinity, -1.0969100130080565], [-2.154901959985743, -0.9030899869919435, -2.154901959985743, -Infinity, -Infinity, -0.9136401693252518], [-1.853871964321762, -0.8356471442155629, -1.958607314841775, -3.0, -Infinity, -0.8210230527068306], [-2.0969100130080562, -0.8664610916297825, -2.0969100130080562, -1.8860566476931633, -1.958607314841775, -0.8477116556169436], [-1.853871964321762, -0.8728952016351923, -1.9208187539523751, -1.408935392973501, -1.408935392973501, -0.8416375079047503], [-2.0457574905606752, -0.8477116556169436, -1.9208187539523751, -1.0655015487564323, -1.1023729087095586, -0.8297382846050426], [-1.9208187539523751, -0.7931741239681502, -2.0, -0.9030899869919435, -0.8601209135987634, -0.7986028756795485], [-2.0969100130080562, -0.6968039425795111, -2.0969100130080562, -0.7471469690201069, -0.7099653886374819, -0.6757175447023074], [-2.0457574905606752, -0.7931741239681502, -2.0, -0.8181564120552275, -0.7423214251308154, -0.7375489102695705], [-2.0457574905606752, -0.8068754016455384, -1.9208187539523751, -0.8181564120552275, -0.7235381958267558, -0.7328282715969863], [-2.0457574905606752, -0.8181564120552275, -2.3010299956639813, -0.8210230527068306, -0.7144426909922262, -0.7258421507363202], [-2.154901959985743, -0.9136401693252518, -1.9208187539523751, -0.9100948885606021, -0.7695510786217261, -0.7798919119599449], [-2.0457574905606752, -0.9393021596463883, -2.5228787452803374, -0.9546770212133425, -0.7695510786217261, -0.7878123955960422], [-2.3010299956639813, -1.1487416512809248, -1.958607314841775, -1.154901959985743, -0.9208187539523752, -0.9318141382538383], [-2.5228787452803374, -1.193820026016113, -2.221848749616356, -1.193820026016113, -0.958607314841775, -0.9706162223147904], [-1.958607314841775, -1.1191864077192086, -1.958607314841775, -1.1079053973095196, -0.8961962790440432, -0.9318141382538383], [-2.0457574905606752, -1.2676062401770314, -2.0457574905606752, -1.2676062401770314, -0.9665762445130504, -1.0], [-2.221848749616356, -1.2441251443275085, -2.221848749616356, -1.2291479883578558, -0.958607314841775, -0.9829666607012196], [-2.0457574905606752, -1.0655015487564323, -2.0, -1.0555173278498313, -0.8827287043442358, -0.9100948885606021]]
"Iter=[Iter_step_1,Iter_step_2 (continued)]"
[[0.0, 0.007], [0.0, 0.009], [0.0, 0.005], [0.0, 0.005], [0.0, 0.013], [0.0, 0.045], [0.002, 0.136], [0.004, 0.281], [0.005, 0.502], [0.003, 0.769], [0.005, 0.991], [0.005, 1.162], [0.006, 1.369], [0.008, 1.509], [0.012, 1.679], [0.006, 1.804], [0.006, 1.862], [0.008, 1.917], [0.009, 1.955], [0.007, 1.947]]
