"RATE Vs FER REPORT Rateless Det Iter retro"
"------------------------------------------"
"Compound_plist:"
[0.03, 0.11, 0.17]
"sim ran :10"
"T:50"
"N=512"
"Rate vs Block_error="
[0.03, 0.07]
[0.07, 0.07526315789473685, 0.0805263157894737, 0.08578947368421053, 0.09105263157894737, 0.09631578947368422, 0.10157894736842106, 0.1068421052631579, 0.11210526315789474, 0.1173684210526316, 0.12263157894736842, 0.12789473684210528, 0.13315789473684211, 0.13842105263157894, 0.1436842105263158, 0.14894736842105263, 0.15421052631578946, 0.15947368421052632, 0.16473684210526318, 0.17]
[2.5328125000000004, 2.5968750000000003, 2.69296875, 2.853125, 2.8851562500000005, 2.853125, 3.0453125000000005, 3.0453125, 3.20546875, 3.1734375, 3.1734375000000004, 3.0453125000000005, 3.1734375, 3.2054687499999996, 3.1093750000000004, 3.1093750000000004, 3.2054687499999996, 3.1093750000000004, 3.1093750000000004, 3.14140625]
[-0.6989700043360187, -0.22184874961635637, -0.3010299956639812, -0.3979400086720376, -0.3010299956639812, -0.6989700043360187, -1.0, -0.6989700043360187, -0.6989700043360187, -Infinity, -0.5228787452803376, -0.6989700043360187, -0.6989700043360187, -0.3979400086720376, -0.3979400086720376, -0.3979400086720376, -0.3979400086720376, -0.6989700043360187, -0.5228787452803376, -1.0]
[2.8390625000000003, 3.515625, 3.45859375, 3.4656249999999997, 3.5867187499999997, 3.1593750000000003, 3.1343750000000004, 3.3515624999999996, 3.3835937499999997, 3.1734375, 3.440625, 3.2875000000000005, 3.3515625, 3.5617187499999994, 3.4656249999999997, 3.465625, 3.5617187499999994, 3.2875000000000005, 3.3765625, 3.23046875]
"Time taken:189.88282299"
