"RATE Vs FER REPORT Rateless Det Iter retro"
"------------------------------------------"
"Compound_plist:"
[0.03, 0.11, 0.17]
"sim ran :1000"
"T:9"
"N=512"
"Rate vs Block_error="
0.03
[0.01, 0.02, 0.03, 0.04, 0.05, 0.060000000000000005, 0.06999999999999999, 0.08, 0.09, 0.09999999999999999, 0.11, 0.12, 0.13, 0.14, 0.15000000000000002, 0.16, 0.17, 0.18000000000000002, 0.19, 0.2]
[1.611328125000024, 1.611328125000024, 1.611808593750024, 1.611328125000024, 1.6137304687500242, 1.6233398437500248, 1.670425781250029, 1.744898437500031, 1.8530039062500336, 1.9490976562500366, 2.020847656250036, 2.057042968750032, 2.0823476562500307, 2.0962812500000276, 2.1125820312500276, 2.125324218750027, 2.1588710937500246, 2.1914707031250233, 2.2242226562500216, 2.25817578125002]
[-2.3979400086720375, -1.9208187539523751, -1.3187587626244128, -0.9030899869919435, -0.6840296545430823, -0.6073030467403343, -0.5272435506827877, -0.4921441283041691, -0.5376020021010439, -0.6736641390712486, -0.7931741239681502, -0.8181564120552275, -0.8096683018297085, -0.6819366650372385, -0.6575773191777937, -0.5800442515102421, -0.638272163982407, -0.6675615400843947, -0.692503962086787, -0.7798919119599449]
"errorarray=[err_Y2X,err_Z2X,err_X2Y,err_Z2Y,err_Y2Z,err_X2Z]"
[[-Infinity, -2.5228787452803374, -Infinity, -Infinity, -Infinity, -2.5228787452803374], [-Infinity, -2.3010299956639813, -Infinity, -Infinity, -Infinity, -2.0969100130080562], [-Infinity, -1.5686362358410126, -3.0, -Infinity, -Infinity, -1.5086383061657274], [-3.0, -1.1249387366083, -3.0, -Infinity, -2.5228787452803374, -1.1023729087095586], [-Infinity, -0.9546770212133425, -Infinity, -1.9208187539523751, -1.7958800173440752, -0.832682665251824], [-3.0, -0.8153085691824012, -Infinity, -1.431798275933005, -1.4814860601221125, -0.832682665251824], [-Infinity, -0.712198270069774, -Infinity, -1.0655015487564323, -1.2218487496163564, -0.7594507517174003], [-Infinity, -0.7011469235902933, -Infinity, -0.8927900303521317, -0.8696662315049939, -0.6556077263148893], [-2.6989700043360187, -0.7144426909922262, -Infinity, -0.7958800173440752, -0.8096683018297085, -0.7166987712964503], [-3.0, -0.8210230527068306, -3.0, -0.8538719643217619, -0.8538719643217619, -0.826813731587726], [-Infinity, -0.9244530386074693, -Infinity, -0.9318141382538383, -0.8961962790440432, -0.8827287043442358], [-3.0, -0.9172146296835499, -Infinity, -0.9318141382538383, -0.8961962790440432, -0.8961962790440432], [-Infinity, -0.978810700930062, -Infinity, -0.978810700930062, -0.8601209135987634, -0.8601209135987634], [-Infinity, -0.8927900303521317, -Infinity, -0.8927900303521317, -0.7544873321858502, -0.7544873321858502], [-Infinity, -0.8297382846050426, -Infinity, -0.8297382846050426, -0.7033348097384688, -0.7033348097384688], [-Infinity, -0.7931741239681502, -3.0, -0.7931741239681502, -0.6289321377282637, -0.6270879970298935], [-Infinity, -0.906578314837765, -Infinity, -0.906578314837765, -0.6736641390712486, -0.6736641390712486], [-Infinity, -0.8860566476931632, -Infinity, -0.8860566476931632, -0.7011469235902933, -0.7011469235902933], [-Infinity, -0.9393021596463883, -Infinity, -0.9393021596463883, -0.721246399047171, -0.721246399047171], [-Infinity, -1.0362121726544447, -Infinity, -1.0362121726544447, -0.8239087409443188, -0.8239087409443188]]
"Iter=[Iter_step_1,Iter_step_2 (continued)]"
[[0.0, 0.0], [0.0, 0.0], [0.0, 0.001], [0.0, 0.0], [0.0, 0.005], [0.0, 0.025], [0.0, 0.123], [0.0, 0.278], [0.0, 0.503], [0.0, 0.703], [0.0, 0.853], [0.0, 0.933], [0.0, 0.999], [0.0, 1.048], [0.0, 1.144], [0.0, 1.234], [0.0, 1.409], [0.001, 1.585], [0.0, 1.716], [0.0, 1.857]]
[[275.0, 275.0, 275.0], [275.0, 275.0, 275.0], [275.123, 275.0, 275.123], [275.0, 275.0, 275.0], [275.615, 275.0, 275.615], [278.075, 275.0, 278.075], [290.006, 275.123, 290.129], [309.194, 275.0, 309.194], [336.377, 275.492, 336.869], [358.271, 278.198, 361.469], [374.179, 280.658, 379.837], [377.172, 286.931, 389.103], [375.532, 295.049, 395.581], [368.644, 305.504, 399.148], [363.191, 314.893, 403.248], [359.501, 321.371, 406.364], [369.382, 318.419, 414.441], [369.915, 322.027, 421.411], [368.767, 321.781, 426.864], [369.997, 319.526, 432.563]]
[1.616882812500024, 1.6279921875000236, 1.678464843750022, 1.784912109375021, 1.9011855468750174, 1.9663417968750103, 2.0823808593750126, 2.1906093750000104, 2.246109375000005, 2.226679687500009, 2.2136738281250117, 2.225359375000012, 2.2356113281250076, 2.289511718750008, 2.315750000000003, 2.3702675781250004, 2.3656757812500073, 2.3827304687500095, 2.4031425781250104, 2.396445312500013]
