"RATE Vs FER REPORT Rateless Det Iter retro"
"------------------------------------------"
"Compound_plist:"
[0.03, 0.11, 0.17]
"sim ran :1000"
"T:9"
"N=512"
"Rate vs Block_error="
0.09
[0.01, 0.02, 0.03, 0.04, 0.05, 0.060000000000000005, 0.06999999999999999, 0.08, 0.09, 0.09999999999999999, 0.11, 0.12, 0.13, 0.14, 0.15000000000000002, 0.16, 0.17, 0.18000000000000002, 0.19, 0.2]
[1.8289804687500342, 1.8409921875000337, 1.8424335937500342, 1.835226562500034, 1.8376289062500342, 1.8631738281250336, 1.8757460937500325, 1.930039062500027, 2.025146484375018, 2.1200839843750083, 2.1985195312500014, 2.2399843749999966, 2.2784453124999926, 2.304638671874992, 2.3285019531249906, 2.3656328124999964, 2.407769531249993, 2.453089843749996, 2.502388671874999, 2.5448691406250044]
[-0.5157001606532141, -0.5421181032660076, -0.6003262785189618, -0.6126101736612706, -0.6090648928966209, -0.563837352959244, -0.46092390120722343, -0.38827669199265824, -0.3098039199714863, -0.33818731446273875, -0.3829996588791011, -0.4659738939438649, -0.48811663902112556, -0.4559319556497244, -0.4775557664936801, -0.4282911681913124, -0.4329736338409397, -0.41680122603137726, -0.41116827440579273, -0.4559319556497244]
"errorarray=[err_Y2X,err_Z2X,err_X2Y,err_Z2Y,err_Y2Z,err_X2Z]"
[[-0.785156151952302, -0.692503962086787, -0.8068754016455384, -Infinity, -Infinity, -0.7258421507363202], [-0.790484985457369, -0.7033348097384688, -0.8153085691824012, -Infinity, -Infinity, -0.7099653886374819], [-0.8239087409443188, -0.7423214251308154, -0.8761483590329142, -Infinity, -3.0, -0.7772835288524167], [-0.8096683018297085, -0.7746907182741372, -0.8416375079047503, -3.0, -Infinity, -0.8068754016455384], [-0.8153085691824012, -0.7670038896078462, -0.8569851997459049, -2.0, -2.0, -0.8096683018297085], [-0.8664610916297825, -0.7825160557860937, -0.8827287043442358, -1.431798275933005, -1.3565473235138126, -0.7825160557860937], [-0.8297382846050426, -0.6861327796308466, -0.790484985457369, -1.1191864077192086, -0.9706162223147904, -0.6420651529995461], [-0.8569851997459049, -0.5917600346881504, -0.8386319977650252, -0.8446639625349383, -0.7670038896078462, -0.5883802940367698], [-0.8210230527068306, -0.5670307091255943, -0.8210230527068306, -0.712198270069774, -0.6143937264016879, -0.5767541260631921], [-0.8386319977650252, -0.6289321377282637, -0.8153085691824012, -0.7746907182741372, -0.5482135644757098, -0.5800442515102421], [-0.8386319977650252, -0.7670038896078462, -0.8477116556169436, -0.8860566476931632, -0.5985994592184558, -0.712198270069774], [-0.8507808873446201, -0.9136401693252518, -0.8827287043442358, -1.0, -0.6536470255493614, -0.8041003475907662], [-0.8728952016351923, -1.0, -0.8961962790440432, -1.0506099933550872, -0.6903698325741012, -0.9318141382538383], [-0.832682665251824, -1.0, -0.8569851997459049, -0.9665762445130504, -0.6090648928966209, -0.8827287043442358], [-0.8538719643217619, -1.0268721464003012, -0.8961962790440432, -0.9318141382538383, -0.6055483191737837, -0.8569851997459049], [-0.889410289700751, -0.8696662315049939, -0.8961962790440432, -0.8041003475907662, -0.5883802940367698, -0.8181564120552275], [-0.8996294548824371, -0.8664610916297825, -0.8386319977650252, -0.7825160557860937, -0.5718652059712112, -0.7878123955960422], [-0.8728952016351923, -0.8794260687941502, -0.8601209135987634, -0.8210230527068306, -0.5466816599529624, -0.7798919119599449], [-0.8386319977650252, -0.8601209135987634, -0.8632794328435931, -0.8068754016455384, -0.5287082889410615, -0.785156151952302], [-0.8181564120552275, -0.9913998282380825, -0.7958800173440752, -0.9208187539523752, -0.5934598195660448, -0.9100948885606021]]
"Iter=[Iter_step_1,Iter_step_2 (continued)]"
[[0.0, 0.453], [0.0, 0.478], [0.0, 0.481], [0.0, 0.466], [0.006, 0.468], [0.015, 0.518], [0.048, 0.533], [0.128, 0.616], [0.213, 0.807], [0.327, 0.995], [0.402, 1.192], [0.454, 1.288], [0.49, 1.399], [0.479, 1.466], [0.489, 1.519], [0.472, 1.631], [0.492, 1.658], [0.494, 1.737], [0.483, 1.837], [0.475, 1.891]]
