"RATE Vs FER REPORT Rateless Det Iter retro"
"------------------------------------------"
"Compound_plist:"
[0.03, 0.11, 0.17]
"sim ran :5"
"T:9"
"N=512"
"Rate vs Block_error="
0.2
[0.01, 0.02, 0.03, 0.04, 0.05, 0.060000000000000005, 0.06999999999999999, 0.08, 0.09, 0.09999999999999999, 0.11, 0.12, 0.13, 0.14, 0.15000000000000002, 0.16, 0.17, 0.18000000000000002, 0.19, 0.2]
[2.251953125, 2.251953125, 1.995703125, 2.1238281249999997, 1.9957031250000001, 2.219921875, 2.219921875, 2.2359375, 2.316015625, 2.380078125, 2.219921875, 2.4921875, 2.4601562500000003, 2.428125, 2.428125, 2.540234375, 2.52421875, 2.4441406249999997, 2.46015625, 2.46015625]
[-0.3979400086720376, -0.6989700043360187, -0.3979400086720376, -0.6989700043360187, -0.22184874961635637, -0.6989700043360187, -0.6989700043360187, -0.3979400086720376, -0.6989700043360187, -0.22184874961635637, -0.22184874961635637, -0.6989700043360187, -0.6989700043360187, -0.3979400086720376, -0.6989700043360187, -0.3979400086720376, -0.22184874961635637, -0.3979400086720376, -0.09691001300805639, -0.22184874961635637]
"Time taken:1128.9100678"
