"RATE Vs FER REPORT Rateless Det Iter retro"
"------------------------------------------"
"Compound_plist:"
[0.03, 0.11, 0.17]
"sim ran :1000"
"T:150"
"N=8192"
"Rate vs Block_error="
0.03
[0.01, 0.02, 0.03, 0.04, 0.05, 0.060000000000000005, 0.06999999999999999, 0.08, 0.09, 0.09999999999999999, 0.11, 0.12, 0.13, 0.14, 0.15000000000000002, 0.16, 0.17, 0.18000000000000002, 0.19, 0.2]
[1.5549316406249813, 1.5549316406249813, 1.5549316406249813, 1.5549316406249813, 1.5579316406249812, 1.6399316406249835, 1.9189316406250174, 2.052931640625033, 2.0550983886719085, 2.0570993652344085, 2.0671042480469075, 2.1071237792969066, 2.1730454101562846, 2.217551269531289, 2.262244384765658, 2.3447814941406437, 2.434067382812502, 2.5016992187499945, 2.517420654296867, 2.5180139160156165]
[-Infinity, -3.0, -1.0604807473813815, -0.785156151952302, -1.5086383061657274, -0.9625735020593764, -0.8860566476931632, -1.853871964321762, -1.4436974992327127, -1.1307682802690238, -1.1674910872937636, -1.1487416512809248, -1.0409586076789064, -1.1674910872937636, -1.3010299956639813, -1.3467874862246563, -1.3767507096020994, -1.8239087409443189, -2.6989700043360187, -3.0]
"errorarray=[err_Y2X,err_Z2X,err_X2Y,err_Z2Y,err_Y2Z,err_X2Z]"
[[-Infinity, -Infinity, -Infinity, -Infinity, -Infinity, -Infinity], [-Infinity, -Infinity, -Infinity, -Infinity, -Infinity, -3.0], [-Infinity, -1.3872161432802645, -Infinity, -Infinity, -Infinity, -1.3187587626244128], [-Infinity, -1.1023729087095586, -Infinity, -Infinity, -Infinity, -1.0555173278498313], [-Infinity, -1.6197887582883939, -Infinity, -2.3010299956639813, -Infinity, -2.154901959985743], [-Infinity, -1.2006594505464183, -Infinity, -1.2006594505464183, -1.3010299956639813, -1.3010299956639813], [-Infinity, -1.207608310501746, -Infinity, -1.207608310501746, -1.1674910872937636, -1.1674910872937636], [-Infinity, -2.6989700043360187, -Infinity, -2.6989700043360187, -1.9208187539523751, -1.9208187539523751], [-Infinity, -2.221848749616356, -Infinity, -2.221848749616356, -1.4559319556497243, -1.4559319556497243], [-Infinity, -1.7958800173440752, -Infinity, -1.7958800173440752, -1.1674910872937636, -1.1674910872937636], [-Infinity, -1.6197887582883939, -Infinity, -1.6197887582883939, -1.1804560644581312, -1.1804560644581312], [-Infinity, -1.6777807052660807, -Infinity, -1.6777807052660807, -1.1739251972991736, -1.1739251972991736], [-Infinity, -1.585026652029182, -Infinity, -1.585026652029182, -1.0555173278498313, -1.0555173278498313], [-Infinity, -1.8239087409443189, -Infinity, -1.8239087409443189, -1.1739251972991736, -1.1739251972991736], [-Infinity, -3.0, -Infinity, -3.0, -1.3010299956639813, -1.3010299956639813], [-Infinity, -Infinity, -Infinity, -Infinity, -1.3467874862246563, -1.3467874862246563], [-Infinity, -3.0, -Infinity, -3.0, -1.3767507096020994, -1.3767507096020994], [-Infinity, -Infinity, -Infinity, -Infinity, -1.8239087409443189, -1.8239087409443189], [-Infinity, -Infinity, -Infinity, -Infinity, -2.6989700043360187, -2.6989700043360187], [-Infinity, -Infinity, -Infinity, -Infinity, -3.0, -3.0]]
"Iter=[Iter_step_1,Iter_step_2 (continued)]"
[[0.0, 0.0], [0.0, 0.0], [0.0, 0.0], [0.0, 0.0], [0.0, 0.006], [0.0, 0.17], [0.0, 0.728], [0.0, 0.996], [0.0, 1.001], [0.0, 1.013], [0.0, 1.073], [0.0, 1.313], [0.0, 1.703], [0.0, 1.945], [0.0, 1.996], [0.0, 2.0], [0.0, 2.0], [0.0, 2.0], [0.0, 2.0], [0.0, 2.0]]
[[4246.0, 4246.0, 4246.0], [4246.0, 4246.0, 4246.0], [4246.0, 4246.0, 4246.0], [4246.0, 4246.0, 4246.0], [4258.288, 4246.0, 4258.288], [4594.16, 4246.0, 4594.16], [5736.944, 4246.0, 5736.944], [6222.32, 4309.488, 6285.808], [5958.811, 4581.872, 6294.683], [5352.607, 5196.272, 6302.879], [4803.763, 5786.096, 6343.859], [5074.854, 5678.925, 6507.779], [5744.636, 5267.32, 6774.149], [5666.12, 5472.888, 6939.435], [4953.329, 5887.33, 6974.268], [4439.901, 5649.734, 6977.0], [4265.117, 5002.487, 6977.0], [4246.0, 4398.936, 6977.0], [4246.0, 4254.193, 6977.0], [4246.0, 4248.731, 6977.0]]
[1.5549316406249813, 1.5563767089843563, 1.680652587890601, 1.7919228515624697, 1.6027287597656037, 1.797444091796854, 2.1062905273437633, 2.067162597656281, 2.0891208496094023, 2.1270344238281464, 2.131368896484399, 2.174223632812524, 2.2565454101562783, 2.275979736328161, 2.3018273925781547, 2.3798059082031418, 2.466756835937501, 2.5133740234374935, 2.5189772949218665, 2.5187922363281166]
