"RATE Vs FER REPORT Rateless Det Iter retro"
"------------------------------------------"
"Compound_plist:"
[0.03, 0.11, 0.17]
"sim ran :1000"
"T:9"
"N=512"
"Rate vs Block_error="
0.03
[0.01, 0.02, 0.03, 0.04, 0.05, 0.060000000000000005, 0.06999999999999999, 0.08, 0.09, 0.09999999999999999, 0.11, 0.12, 0.13, 0.14, 0.15000000000000002, 0.16, 0.17, 0.18000000000000002, 0.19, 0.2]
[1.611328125000024, 1.611328125000024, 1.611328125000024, 1.6118085937500242, 1.6151718750000241, 1.6267031250000252, 1.6569726562500269, 1.7413750000000303, 1.8461171875000337, 1.9369257812500362, 2.0221289062500354, 2.07738281250003, 2.1100195312500283, 2.135773437500025, 2.164941406250024, 2.193117187500023, 2.2316093750000214, 2.258683593750018, 2.2913671875000152, 2.32408203125001]
[-2.6989700043360187, -2.0457574905606752, -1.537602002101044, -0.958607314841775, -0.6695862266508091, -0.6439741428068773, -0.5072396109731625, -0.5316526695878427, -0.5702477199975919, -0.6003262785189618, -0.785156151952302, -0.8538719643217619, -0.8569851997459049, -0.7721132953863264, -0.7471469690201069, -0.8181564120552275, -0.8961962790440432, -0.9546770212133425, -0.9507819773298184, -0.9625735020593764]
"errorarray=[err_Y2X,err_Z2X,err_X2Y,err_Z2Y,err_Y2Z,err_X2Z]"
[[-Infinity, -Infinity, -Infinity, -Infinity, -Infinity, -2.6989700043360187], [-Infinity, -2.5228787452803374, -Infinity, -Infinity, -Infinity, -2.154901959985743], [-3.0, -1.744727494896694, -Infinity, -Infinity, -Infinity, -1.8860566476931633], [-Infinity, -1.214670164989233, -Infinity, -2.6989700043360187, -2.3979400086720375, -1.136677139879544], [-Infinity, -0.8538719643217619, -Infinity, -1.958607314841775, -2.221848749616356, -0.8927900303521317], [-Infinity, -0.8210230527068306, -Infinity, -1.3872161432802645, -1.585026652029182, -0.9172146296835499], [-Infinity, -0.692503962086787, -Infinity, -1.0705810742857071, -1.0915149811213503, -0.6989700043360187], [-Infinity, -0.6968039425795111, -Infinity, -0.8601209135987634, -0.9244530386074693, -0.7695510786217261], [-Infinity, -0.7166987712964503, -Infinity, -0.785156151952302, -0.7878123955960422, -0.7144426909922262], [-Infinity, -0.7495799976911061, -Infinity, -0.785156151952302, -0.7772835288524167, -0.744727494896694], [-Infinity, -0.9208187539523752, -3.0, -0.9318141382538383, -0.9208187539523752, -0.9136401693252518], [-Infinity, -1.0222763947111522, -Infinity, -1.0268721464003012, -0.9281179926938746, -0.9281179926938746], [-Infinity, -1.00436480540245, -Infinity, -1.00436480540245, -0.889410289700751, -0.889410289700751], [-Infinity, -0.9507819773298184, -Infinity, -0.9507819773298184, -0.8297382846050426, -0.8297382846050426], [-3.0, -0.9546770212133425, -3.0, -0.9546770212133425, -0.7931741239681502, -0.7958800173440752], [-Infinity, -1.1023729087095586, -Infinity, -1.1023729087095586, -0.8446639625349383, -0.8446639625349383], [-Infinity, -1.214670164989233, -Infinity, -1.214670164989233, -0.9393021596463883, -0.9393021596463883], [-Infinity, -1.207608310501746, -Infinity, -1.207608310501746, -0.9871627752948278, -0.9871627752948278], [-Infinity, -1.1739251972991736, -Infinity, -1.1739251972991736, -0.9706162223147904, -0.9706162223147904], [-Infinity, -1.2218487496163564, -Infinity, -1.2218487496163564, -1.00436480540245, -1.00436480540245]]
"Iter=[Iter_step_1,Iter_step_2 (continued)]"
[[0.0, 0.0], [0.0, 0.0], [0.0, 0.0], [0.0, 0.001], [0.0, 0.008], [0.0, 0.031], [0.0, 0.095], [0.0, 0.272], [0.0, 0.49], [0.0, 0.693], [0.0, 0.879], [0.0, 1.026], [0.0, 1.16], [0.0, 1.295], [0.0, 1.452], [0.0, 1.601], [0.0, 1.753], [0.0, 1.827], [0.0, 1.902], [0.0, 1.942]]
