"RATE Vs FER REPORT Rateless Det Iter retro"
"------------------------------------------"
"Compound_plist:"
[0.03, 0.11, 0.17]
"sim ran :10"
"T:50"
"N=512"
"Rate vs Block_error="
[0.07, 0.03]
[0.1, 0.1036842105263158, 0.10736842105263159, 0.11105263157894738, 0.11473684210526316, 0.11842105263157895, 0.12210526315789474, 0.12578947368421053, 0.12947368421052632, 0.13315789473684211, 0.1368421052631579, 0.1405263157894737, 0.14421052631578948, 0.14789473684210527, 0.15157894736842106, 0.15526315789473685, 0.15894736842105264, 0.16263157894736843, 0.16631578947368422, 0.17]
[3.0773437500000003, 2.94921875, 3.14140625, 3.0773437500000003, 3.20546875, 3.1093749999999996, 3.1093750000000004, 3.20546875, 3.1093750000000004, 3.1414062500000006, 3.1734375, 3.14140625, 3.1734375000000004, 3.1093750000000004, 3.1734375000000004, 3.1734375000000004, 3.1734375000000004, 3.1734375, 3.2375, 3.14140625]
[-0.6989700043360187, -0.22184874961635637, -0.6989700043360187, -0.6989700043360187, -0.6989700043360187, -0.6989700043360187, -0.6989700043360187, -Infinity, -1.0, -0.5228787452803376, -0.5228787452803376, -Infinity, -0.5228787452803376, -0.6989700043360187, -0.3979400086720376, -0.6989700043360187, -0.6989700043360187, -0.3979400086720376, -0.3979400086720376, -0.6989700043360187]
[3.3195312500000003, 3.6757812499999996, 3.3195312500000003, 3.25546875, 3.3835937499999997, 3.2875, 3.2875000000000005, 3.20546875, 3.1984375000000003, 3.4085937500000005, 3.5046874999999997, 3.14140625, 3.4406250000000003, 3.2875, 3.49765625, 3.3515625, 3.3515625, 3.5296875, 3.5617187500000003, 3.3195312500000003]
"Time taken:199.060719967"
