"P Vs FER REPORT derate"
"---------------------------"
"N=512"
"sim ran :1000"
"Z max :0.005"
"Rate vs Block_error="
[0.01, 0.02, 0.03, 0.04, 0.05, 0.060000000000000005, 0.06999999999999999, 0.08, 0.09, 0.09999999999999999, 0.11, 0.12, 0.13, 0.14, 0.15000000000000002, 0.16, 0.17, 0.18000000000000002, 0.19, 0.2]
[334, 285, 251, 224, 203, 181, 165, 151, 138, 127, 116, 105, 97, 86, 80, 72, 66, 60, 54, 49]
[[-0.18552349416426628, -2.6989700043360187], [-0.2544251009673205, -Infinity], [-0.3095962394947926, -Infinity], [-0.359021942641668, -Infinity], [-0.40177392306261783, -Infinity], [-0.45159138610664623, -Infinity], [-0.49178601676192446, -Infinity], [-0.5302930136826614, -2.5228787452803374], [-0.5693908745745943, -3.0], [-0.6054662400198739, -2.3979400086720375], [-0.6448119717489122, -2.0969100130080562], [-0.6880806619058927, -2.221848749616356], [-0.7224982267095859, -2.6989700043360187], [-0.774771509732263, -2.6989700043360187], [-0.8061799739838872, -3.0], [-0.8519374645445623, -3.0], [-0.8897260254339621, -2.6989700043360187], [-0.9311187105921871, -2.3979400086720375], [-0.9768762011528622, -1.958607314841775], [-1.019073880947317, -1.5686362358410126]]
"Time taken:2831.45562792"
