"RATE Vs FER REPORT Rateless Det Iter retro final CRC"
"------------------------------------------"
"Compound_plist:"
[0.03, 0.11, 0.17]
"sim ran :1000"
"T:9"
"N=512"
"Rate vs Block_error="
0.03
[0.01, 0.02, 0.03, 0.04, 0.05, 0.060000000000000005, 0.06999999999999999, 0.08, 0.09, 0.09999999999999999, 0.11, 0.12, 0.13, 0.14, 0.15000000000000002, 0.16, 0.17, 0.18000000000000002, 0.19, 0.2]
[1.611328125000024, 1.611808593750024, 1.611328125000024, 1.611328125000024, 1.6151718750000243, 1.626703125000025, 1.668023437500027, 1.7324062500000315, 1.854445312500035, 1.9466953125000357, 2.0171640625000364, 2.057203125000032, 2.0763417968750306, 2.0914765625000293, 2.1076523437500265, 2.1329414062500267, 2.1592460937500237, 2.1889140625000234, 2.2237382812500237, 2.261546875000018]
[-2.6989700043360187, -1.9208187539523751, -1.3767507096020994, -0.9625735020593764, -0.7258421507363202, -0.5767541260631921, -0.5316526695878427, -0.4934949675951279, -0.575118363368933, -0.6556077263148893, -0.7644715530924511, -0.7544873321858502, -0.7144426909922262, -0.6497519816658371, -0.5702477199975919, -0.623423042943488, -0.6655462488490691, -0.6903698325741012, -0.7033348097384688, -0.744727494896694]
"errorarray=[err_Y2X,err_Z2X,err_X2Y,err_Z2Y,err_Y2Z,err_X2Z]"
[[-Infinity, -2.6989700043360187, -Infinity, -Infinity, -Infinity, -Infinity], [-Infinity, -2.154901959985743, -3.0, -Infinity, -Infinity, -2.154901959985743], [-Infinity, -1.6020599913279623, -Infinity, -Infinity, -Infinity, -1.5528419686577808], [-Infinity, -1.1426675035687315, -Infinity, -2.6989700043360187, -3.0, -1.207608310501746], [-Infinity, -0.9469215565165803, -3.0, -2.3010299956639813, -2.3010299956639813, -0.9355420107730815], [-Infinity, -0.7878123955960422, -3.0, -1.408935392973501, -1.4559319556497243, -0.7986028756795485], [-3.0, -0.7304870557820837, -3.0, -1.0362121726544447, -1.0409586076789064, -0.7258421507363202], [-Infinity, -0.6968039425795111, -Infinity, -0.8632794328435931, -0.8538719643217619, -0.6675615400843947], [-Infinity, -0.7772835288524167, -Infinity, -0.8386319977650252, -0.8124792791635369, -0.721246399047171], [-Infinity, -0.8153085691824012, -Infinity, -0.8507808873446201, -0.8181564120552275, -0.7878123955960422], [-3.0, -0.9100948885606021, -3.0, -0.9355420107730815, -0.9208187539523752, -0.9030899869919435], [-Infinity, -0.8961962790440432, -Infinity, -0.8996294548824371, -0.826813731587726, -0.826813731587726], [-Infinity, -0.8927900303521317, -Infinity, -0.8961962790440432, -0.7619538968712046, -0.7619538968712046], [-Infinity, -0.8124792791635369, -3.0, -0.8124792791635369, -0.6968039425795111, -0.6946486305533762], [-Infinity, -0.7772835288524167, -Infinity, -0.7772835288524167, -0.6289321377282637, -0.6289321377282637], [-Infinity, -0.8416375079047503, -Infinity, -0.8416375079047503, -0.6655462488490691, -0.6655462488490691], [-Infinity, -0.8961962790440432, -Infinity, -0.8961962790440432, -0.7055337738384071, -0.7055337738384071], [-Infinity, -0.8996294548824371, -Infinity, -0.8996294548824371, -0.7258421507363202, -0.7258421507363202], [-Infinity, -0.9625735020593764, -Infinity, -0.9625735020593764, -0.7304870557820837, -0.7304870557820837], [-Infinity, -0.9706162223147904, -3.0, -0.9706162223147904, -0.7695510786217261, -0.7695510786217261]]
"Iter=[Iter_step_1,Iter_step_2 (continued)]"
[[0.0, 0.0], [0.0, 0.001], [0.0, 0.0], [0.0, 0.0], [0.0, 0.008], [0.0, 0.032], [0.0, 0.118], [0.0, 0.252], [0.0, 0.506], [0.0, 0.698], [0.0, 0.846], [0.0, 0.932], [0.001, 0.98], [0.0, 1.042], [0.0, 1.129], [0.0, 1.26], [0.0, 1.418], [0.0, 1.581], [0.0, 1.729], [0.0, 1.842]]
[[275.0, 275.0, 275.0], [275.123, 275.123, 275.0], [275.0, 275.0, 275.0], [275.0, 275.0, 275.0], [275.984, 275.0, 275.984], [278.936, 275.0, 278.936], [289.514, 275.123, 289.391], [305.75, 275.246, 305.996], [336.746, 275.492, 337.238], [359.501, 276.353, 360.854], [372.621, 281.273, 378.894], [376.475, 287.669, 389.144], [375.04, 294.065, 393.982], [368.029, 304.889, 397.918], [358.763, 318.296, 402.059], [358.312, 324.036, 408.168], [364.544, 322.642, 414.318], [370.94, 321.945, 421.329], [370.243, 322.314, 427.397], [366.512, 319.608, 432.112]]
[1.6141054687500243, 1.6284726562500238, 1.6696523437500237, 1.7626933593750211, 1.8762421875000177, 1.9942207031250128, 2.074851562500012, 2.177208984375012, 2.218066406250009, 2.2367753906250076, 2.2271875000000083, 2.2477968750000086, 2.2694023437500075, 2.305003906250002, 2.3585253906249988, 2.350695312500003, 2.3589414062500063, 2.369863281250011, 2.3963554687500115, 2.41173046875001]
