"RATE Vs FER REPORT Rateless Det Iter retro"
"------------------------------------------"
"Compound_plist:"
[0.03, 0.11, 0.17]
"sim ran :1000"
"T:50"
"N=512"
"Rate vs Block_error="
[0.03, 0.07]
[0.07, 0.07526315789473685, 0.0805263157894737, 0.08578947368421053, 0.09105263157894737, 0.09631578947368422, 0.10157894736842106, 0.1068421052631579, 0.11210526315789474, 0.1173684210526316, 0.12263157894736842, 0.12789473684210528, 0.13315789473684211, 0.13842105263157894, 0.1436842105263158, 0.14894736842105263, 0.15421052631578946, 0.15947368421052632, 0.16473684210526318, 0.17]
[2.636914062499982, 2.7019374999999854, 2.7493437499999844, 2.839992187499999, 2.8880390625000034, 2.983812500000019, 3.022570312500034, 3.066453125000036, 3.0991250000000434, 3.1212265625000466, 3.1430078125000507, 3.1455703125000536, 3.1519765625000535, 3.158062500000054, 3.1571015625000545, 3.150054687500055, 3.151656250000054, 3.147492187500054, 3.1494140625000533, 3.1449296875000523]
[-0.4156687756324692, -0.3757179041643317, -0.38827669199265824, -0.4145392704914993, -0.4522252946121775, -0.4854522473397139, -0.5199930570428494, -0.5606673061697374, -0.6003262785189618, -0.5783960731301689, -0.638272163982407, -0.6575773191777937, -0.6736641390712486, -0.6595558851598816, -0.692503962086787, -0.6108339156354675, -0.6090648928966209, -0.6108339156354675, -0.6363880201078557, -0.640164517660112]
[3.187757812499985, 3.290859374999999, 3.30259375, 3.3347109375000095, 3.338242187500015, 3.3743437500000306, 3.3696953125000375, 3.365187500000039, 3.3550234375000434, 3.383257812500045, 3.356179687500045, 3.347273437500051, 3.343351562500049, 3.3550312500000485, 3.338539062500051, 3.3695390625000456, 3.3710703125000494, 3.3672968750000463, 3.3564296875000483, 3.3540078125000496]
"Time taken:20521.8057878"
