"RATE Vs FER REPORT Rateless Det Iter retro"
"------------------------------------------"
"Compound_plist:"
[0.03, 0.11, 0.17]
"sim ran :1000"
"T:128"
"N=1024"
"Rate vs Block_error="
0.03
[0.01, 0.02, 0.03, 0.04, 0.05, 0.060000000000000005, 0.06999999999999999, 0.08, 0.09, 0.09999999999999999, 0.11, 0.12, 0.13, 0.14, 0.15000000000000002, 0.16, 0.17, 0.18000000000000002, 0.19, 0.2]
[1.8750000000000238, 1.8750000000000238, 1.875500000000024, 1.8750000000000238, 1.8830000000000238, 1.9205000000000239, 2.0205000000000215, 2.176500000000012, 2.3044999999999902, 2.3594999999999815, 2.3726679687499788, 2.3758437499999787, 2.3823046874999787, 2.3980781249999796, 2.4285156249999806, 2.4632617187499863, 2.5055742187499916, 2.5426601562500033, 2.574496093750021, 2.59409765625003]
[-2.6989700043360187, -2.0, -1.1804560644581312, -0.832682665251824, -0.7471469690201069, -0.7798919119599449, -0.7423214251308154, -0.8181564120552275, -1.1674910872937636, -1.6575773191777938, -1.6989700043360187, -1.4814860601221125, -1.2218487496163564, -1.1023729087095586, -0.9913998282380825, -0.9172146296835499, -1.00436480540245, -0.9281179926938746, -1.0409586076789064, -1.275724130399211]
"errorarray=[err_Y2X,err_Z2X,err_X2Y,err_Z2Y,err_Y2Z,err_X2Z]"
[[-Infinity, -3.0, -Infinity, -Infinity, -Infinity, -3.0], [-Infinity, -2.0969100130080562, -Infinity, -Infinity, -Infinity, -2.6989700043360187], [-Infinity, -1.4436974992327127, -Infinity, -Infinity, -Infinity, -1.5228787452803376], [-Infinity, -1.1249387366083, -Infinity, -2.5228787452803374, -2.6989700043360187, -1.154901959985743], [-Infinity, -0.9746941347352298, -Infinity, -1.7695510786217261, -2.0, -1.136677139879544], [-Infinity, -1.1023729087095586, -Infinity, -1.5086383061657274, -1.3467874862246563, -1.0604807473813815], [-Infinity, -1.0655015487564323, -Infinity, -1.136677139879544, -1.1307682802690238, -1.0222763947111522], [-Infinity, -1.0604807473813815, -3.0, -1.0861861476162833, -1.2218487496163564, -1.193820026016113], [-Infinity, -1.4436974992327127, -Infinity, -1.4559319556497243, -1.494850021680094, -1.494850021680094], [-Infinity, -2.154901959985743, -Infinity, -2.154901959985743, -1.8239087409443189, -1.8239087409443189], [-Infinity, -2.5228787452803374, -Infinity, -2.5228787452803374, -1.7695510786217261, -1.7695510786217261], [-Infinity, -Infinity, -Infinity, -Infinity, -1.4814860601221125, -1.4814860601221125], [-Infinity, -Infinity, -Infinity, -Infinity, -1.2218487496163564, -1.2218487496163564], [-Infinity, -Infinity, -Infinity, -Infinity, -1.1023729087095586, -1.1023729087095586], [-Infinity, -Infinity, -Infinity, -Infinity, -0.9913998282380825, -0.9913998282380825], [-Infinity, -Infinity, -Infinity, -Infinity, -0.9172146296835499, -0.9172146296835499], [-Infinity, -Infinity, -Infinity, -Infinity, -1.00436480540245, -1.00436480540245], [-Infinity, -Infinity, -Infinity, -Infinity, -0.9281179926938746, -0.9281179926938746], [-Infinity, -Infinity, -Infinity, -Infinity, -1.0409586076789064, -1.0409586076789064], [-Infinity, -Infinity, -Infinity, -Infinity, -1.275724130399211, -1.275724130399211]]
"Iter=[Iter_step_1,Iter_step_2 (continued)]"
[[0.0, 0.0], [0.0, 0.0], [0.0, 0.001], [0.0, 0.0], [0.0, 0.016], [0.0, 0.091], [0.0, 0.291], [0.0, 0.603], [0.0, 0.859], [0.0, 0.969], [0.0, 0.996], [0.0, 1.007], [0.0, 1.043], [0.0, 1.133], [0.0, 1.302], [0.0, 1.482], [0.0, 1.688], [0.0, 1.858], [0.0, 1.944], [0.0, 1.985]]
[[640.0, 640.0, 640.0], [640.0, 640.0, 640.0], [640.256, 640.0, 640.256], [640.0, 640.0, 640.0], [644.096, 640.0, 644.096], [663.296, 640.0, 663.296], [714.496, 640.0, 714.496], [793.856, 640.512, 794.368], [857.088, 642.816, 859.904], [878.848, 649.216, 888.064], [870.742, 664.064, 894.806], [853.85, 682.582, 896.432], [831.17, 708.186, 899.698], [794.602, 749.758, 907.438], [779.398, 770.946, 921.972], [760.57, 786.444, 937.452], [747.526, 785.056, 955.168], [735.836, 775.798, 969.788], [696.428, 750.098, 977.184], [675.566, 721.476, 980.71]]
[1.8772500000000238, 1.8862500000000237, 1.9497500000000234, 2.0403750000000143, 2.0843750000000143, 2.1072500000000134, 2.2241250000000075, 2.3469999999999986, 2.3809999999999802, 2.382749999999977, 2.387667968749976, 2.396468749999978, 2.4198046874999775, 2.4467812499999773, 2.4900820312499787, 2.532671874999983, 2.560730468749991, 2.6038125000000023, 2.6194453125000225, 2.6194960937500307]
