"RATE Vs FER REPORT Rateless Det Iter retro"
"------------------------------------------"
"Compound_plist:"
[0.03, 0.11, 0.17]
"sim ran :1000"
"T:9"
"N=512"
"Rate vs Block_error="
0.17
[0.01, 0.02, 0.03, 0.04, 0.05, 0.060000000000000005, 0.06999999999999999, 0.08, 0.09, 0.09999999999999999, 0.11, 0.12, 0.13, 0.14, 0.15000000000000002, 0.16, 0.17, 0.18000000000000002, 0.19, 0.2]
[2.1527343750000245, 2.157199218750023, 2.157224609375024, 2.166828125000023, 2.1527460937500225, 2.1673496093750235, 2.183455078125019, 2.228884765625008, 2.2707753906249954, 2.325033203124985, 2.360457031249978, 2.3807675781249737, 2.3822792968749735, 2.398734374999974, 2.4039453124999723, 2.4237539062499796, 2.450015624999982, 2.4715234374999873, 2.495857421874993, 2.5323808593749972]
[-0.7304870557820837, -0.7328282715969863, -0.7931741239681502, -0.7619538968712046, -0.7304870557820837, -0.6968039425795111, -0.5214335044061567, -0.43651891460558934, -0.3893398369101201, -0.43062609038495414, -0.5044556624535516, -0.5543957967264024, -0.5003129173815961, -0.4736607226101559, -0.431798275933005, -0.40011692792631215, -0.3829996588791011, -0.38615817812393083, -0.42712839779951983, -0.4190750243243807]
"errorarray=[err_Y2X,err_Z2X,err_X2Y,err_Z2Y,err_Y2Z,err_X2Z]"
[[-0.7746907182741372, -0.7746907182741372, -0.9469215565165803, -Infinity, -Infinity, -0.9469215565165803], [-0.7798919119599449, -0.7798919119599449, -0.8961962790440432, -Infinity, -Infinity, -0.8961962790440432], [-0.826813731587726, -0.826813731587726, -1.0268721464003012, -Infinity, -Infinity, -1.0268721464003012], [-0.8210230527068306, -0.8210230527068306, -0.9913998282380825, -Infinity, -3.0, -0.9913998282380825], [-0.8041003475907662, -0.790484985457369, -0.9625735020593764, -2.3010299956639813, -2.3010299956639813, -0.9430951486635274], [-0.8446639625349383, -0.785156151952302, -0.9665762445130504, -1.5228787452803376, -1.494850021680094, -0.8961962790440432], [-0.8297382846050426, -0.638272163982407, -0.9625735020593764, -1.0362121726544447, -1.00436480540245, -0.7399286120149252], [-0.8210230527068306, -0.5590909179347823, -0.9829666607012196, -0.8601209135987634, -0.8996294548824371, -0.6861327796308466], [-0.8041003475907662, -0.5228787452803376, -0.8507808873446201, -0.7931741239681502, -0.8013429130455774, -0.595166283380062], [-0.7328282715969863, -0.5654310959658013, -0.7721132953863264, -0.9706162223147904, -0.9546770212133425, -0.5883802940367698], [-0.7375489102695705, -0.6090648928966209, -0.8124792791635369, -1.1426675035687315, -1.1079053973095196, -0.6655462488490691], [-0.7986028756795485, -0.6675615400843947, -0.8386319977650252, -1.214670164989233, -1.1611509092627446, -0.6882461389442457], [-0.7644715530924511, -0.6216020990518624, -0.744727494896694, -1.1023729087095586, -1.1307682802690238, -0.6143937264016879], [-0.7375489102695705, -0.5900668766687054, -0.7375489102695705, -1.0555173278498313, -1.0604807473813815, -0.596879478824182], [-0.7304870557820837, -0.5512936800949201, -0.7825160557860937, -0.889410289700751, -0.8416375079047503, -0.5606673061697374], [-0.8041003475907662, -0.530177984021837, -0.7569619513137056, -0.8041003475907662, -0.7878123955960422, -0.5016894462103995], [-0.7931741239681502, -0.5171264163912462, -0.7471469690201069, -0.7931741239681502, -0.7569619513137056, -0.4907974776688971], [-0.7644715530924511, -0.5016894462103995, -0.7520267336381934, -0.7670038896078462, -0.8041003475907662, -0.530177984021837], [-0.7721132953863264, -0.5512936800949201, -0.826813731587726, -0.8386319977650252, -0.7798919119599449, -0.563837352959244], [-0.7375489102695705, -0.575118363368933, -0.7721132953863264, -0.9318141382538383, -0.8239087409443188, -0.5718652059712112]]
"Iter=[Iter_step_1,Iter_step_2 (continued)]"
[[0.0, 1.37], [0.0, 1.401], [0.001, 1.405], [0.002, 1.451], [0.01, 1.374], [0.029, 1.428], [0.109, 1.405], [0.277, 1.434], [0.475, 1.391], [0.715, 1.375], [0.856, 1.368], [0.933, 1.39], [0.967, 1.355], [1.002, 1.406], [1.026, 1.435], [1.072, 1.521], [1.139, 1.629], [1.185, 1.696], [1.257, 1.784], [1.303, 1.877]]
[[412.432, 402.264, 282.544], [413.867, 405.216, 281.683], [414.031, 407.102, 280.576], [415.917, 410.423, 278.239], [412.842, 409.726, 279.018], [414.974, 412.596, 279.633], [413.785, 411.489, 289.801], [415.548, 413.662, 309.932], [413.703, 412.391, 334.368], [412.186, 412.432, 363.806], [412.35, 412.104, 380.862], [413.416, 413.047, 390.292], [411.079, 412.063, 395.089], [412.596, 413.785, 398.779], [412.35, 415.261, 401.608], [413.58, 418.582, 406.241], [413.785, 422.6, 413.416], [413.129, 425.019, 418.377], [413.416, 428.217, 424.117], [413.17, 430.513, 430.8]]
[2.325183593750009, 2.327458984375007, 2.305927734375011, 2.3262695312500075, 2.322552734375009, 2.346125000000004, 2.443005859375, 2.5290156249999947, 2.5965488281249867, 2.609240234374984, 2.5891406249999793, 2.573562499999978, 2.594033203124981, 2.6174765624999843, 2.637986328124983, 2.66893554687499, 2.6965664062499943, 2.7104003906249967, 2.7081328124999984, 2.7321621093750004]
"Time taken:33970.646862"
