"RATE Vs FER REPORT Rateless Det Iter retro"
"------------------------------------------"
"Compound_plist:"
[0.03, 0.11, 0.17]
"sim ran :1000"
"T:9"
"N=512"
"Rate vs Block_error="
0.12
[0.01, 0.02, 0.03, 0.04, 0.05, 0.060000000000000005, 0.06999999999999999, 0.08, 0.09, 0.09999999999999999, 0.11, 0.12, 0.13, 0.14, 0.15000000000000002, 0.16, 0.17, 0.18000000000000002, 0.19, 0.2]
[2.0580039062500317, 2.0530390625000337, 2.059925781250033, 2.0530390625000323, 2.069054687500031, 2.0696953125000297, 2.0990839843750213, 2.12803710937501, 2.1809687499999946, 2.2508769531249793, 2.290410156249974, 2.3077421874999686, 2.329755859374966, 2.336851562499968, 2.3703124999999714, 2.421503906249979, 2.4603652343749824, 2.544474609374999, 2.6043066406250106, 2.668525390625018]
[-1.0409586076789064, -1.0268721464003012, -1.0409586076789064, -1.0222763947111522, -1.0969100130080565, -0.8477116556169436, -0.6575773191777937, -0.5114492834995558, -0.4559319556497244, -0.5257837359237448, -0.638272163982407, -0.6757175447023074, -0.7695510786217261, -0.6497519816658371, -0.5654310959658013, -0.5559552040819238, -0.47886191629596364, -0.5086383061657274, -0.5767541260631921, -0.6757175447023074]
"errorarray=[err_Y2X,err_Z2X,err_X2Y,err_Z2Y,err_Y2Z,err_X2Z]"
[[-1.1487416512809248, -1.1426675035687315, -1.1307682802690238, -Infinity, -Infinity, -1.1135092748275182], [-1.136677139879544, -1.1191864077192086, -1.136677139879544, -Infinity, -Infinity, -1.1249387366083], [-1.136677139879544, -1.1249387366083, -1.1804560644581312, -Infinity, -Infinity, -1.1674910872937636], [-1.1307682802690238, -1.1191864077192086, -1.1487416512809248, -Infinity, -3.0, -1.136677139879544], [-1.2218487496163564, -1.1870866433571443, -1.2441251443275085, -2.3010299956639813, -2.221848749616356, -1.207608310501746], [-1.207608310501746, -0.9871627752948278, -1.1739251972991736, -1.3979400086720375, -1.4685210829577449, -1.0362121726544447], [-1.1487416512809248, -0.8507808873446201, -1.2006594505464183, -1.1611509092627446, -1.0705810742857071, -0.8446639625349383], [-1.0861861476162833, -0.6716203965612623, -1.0969100130080565, -0.8632794328435931, -0.889410289700751, -0.7520267336381934], [-1.1487416512809248, -0.6108339156354675, -1.2441251443275085, -0.7798919119599449, -0.7721132953863264, -0.6655462488490691], [-1.214670164989233, -0.721246399047171, -1.2924298239020637, -0.8927900303521317, -0.8569851997459049, -0.7619538968712046], [-1.2291479883578558, -0.8632794328435931, -1.214670164989233, -1.0705810742857071, -0.9208187539523752, -0.8632794328435931], [-1.2006594505464183, -0.8477116556169436, -1.193820026016113, -1.1135092748275182, -1.0409586076789064, -0.8728952016351923], [-1.275724130399211, -1.031517051446065, -1.207608310501746, -1.1307682802690238, -1.0222763947111522, -1.013228265733755], [-1.1307682802690238, -0.8794260687941502, -1.1135092748275182, -0.9829666607012196, -0.8446639625349383, -0.8728952016351923], [-1.214670164989233, -0.7825160557860937, -1.1804560644581312, -0.826813731587726, -0.707743928643524, -0.7375489102695705], [-1.2218487496163564, -0.7746907182741372, -1.207608310501746, -0.790484985457369, -0.6968039425795111, -0.744727494896694], [-1.1307682802690238, -0.7235381958267558, -1.1249387366083, -0.7375489102695705, -0.5934598195660448, -0.6556077263148893], [-1.214670164989233, -0.7544873321858502, -1.1487416512809248, -0.744727494896694, -0.623423042943488, -0.707743928643524], [-1.2006594505464183, -0.7986028756795485, -1.2518119729937995, -0.7986028756795485, -0.6946486305533762, -0.8096683018297085], [-1.207608310501746, -0.9625735020593764, -1.1739251972991736, -0.9665762445130504, -0.7721132953863264, -0.9281179926938746]]
"Iter=[Iter_step_1,Iter_step_2 (continued)]"
[[0.0, 0.935], [0.0, 0.924], [0.0, 0.939], [0.002, 0.923], [0.006, 0.957], [0.034, 0.941], [0.125, 0.962], [0.255, 0.962], [0.442, 0.98], [0.669, 1.022], [0.796, 1.053], [0.878, 1.042], [0.911, 1.079], [0.904, 1.112], [0.932, 1.184], [0.934, 1.299], [0.923, 1.39], [0.921, 1.588], [0.931, 1.715], [0.929, 1.838]]
