"RATE Vs FER REPORT Rateless Det Iter retro"
"------------------------------------------"
"Compound_plist:"
[0.03, 0.11, 0.17]
"sim ran :1000"
"T:9"
"N=512"
"Rate vs Block_error="
0.05
[0.01, 0.02, 0.03, 0.04, 0.05, 0.060000000000000005, 0.06999999999999999, 0.08, 0.09, 0.09999999999999999, 0.11, 0.12, 0.13, 0.14, 0.15000000000000002, 0.16, 0.17, 0.18000000000000002, 0.19, 0.2]
[1.6132500000000243, 1.6127695312500239, 1.6161328125000243, 1.6151718750000241, 1.6142109375000242, 1.629585937500025, 1.674189453125026, 1.7434570312500313, 1.8417929687500345, 1.964232421875036, 2.045271484375032, 2.1083769531250276, 2.1430859375000257, 2.1760117187500247, 2.2056914062500224, 2.2413066406250195, 2.2693085937500186, 2.304761718750014, 2.3447871093750083, 2.3780644531250013]
[-1.2441251443275085, -0.9430951486635274, -0.7399286120149252, -0.6345120151091003, -0.6675615400843947, -0.7033348097384688, -0.7258421507363202, -0.596879478824182, -0.5575202309355514, -0.5900668766687054, -0.6073030467403343, -0.692503962086787, -0.6840296545430823, -0.7399286120149252, -0.7695510786217261, -0.8569851997459049, -0.8927900303521317, -0.8927900303521317, -0.906578314837765, -0.8794260687941502]
"errorarray=[err_Y2X,err_Z2X,err_X2Y,err_Z2Y,err_Y2Z,err_X2Z]"
[[-2.221848749616356, -1.5686362358410126, -1.9208187539523751, -Infinity, -Infinity, -1.4559319556497243], [-2.0969100130080562, -1.193820026016113, -2.154901959985743, -Infinity, -Infinity, -1.1611509092627446], [-2.0, -0.9208187539523752, -2.0457574905606752, -Infinity, -Infinity, -0.9706162223147904], [-1.853871964321762, -0.826813731587726, -2.0457574905606752, -2.5228787452803374, -2.5228787452803374, -0.8696662315049939], [-2.0457574905606752, -0.8507808873446201, -2.5228787452803374, -2.0969100130080562, -2.0969100130080562, -0.8569851997459049], [-2.3979400086720375, -0.8860566476931632, -2.0969100130080562, -1.3665315444204136, -1.4814860601221125, -0.8794260687941502], [-2.3010299956639813, -0.8996294548824371, -2.0, -1.1674910872937636, -1.1870866433571443, -0.8996294548824371], [-2.0, -0.7825160557860937, -2.0, -0.8927900303521317, -0.8632794328435931, -0.7772835288524167], [-1.9208187539523751, -0.7099653886374819, -1.958607314841775, -0.7495799976911061, -0.7695510786217261, -0.744727494896694], [-2.221848749616356, -0.7619538968712046, -2.3010299956639813, -0.7772835288524167, -0.721246399047171, -0.712198270069774], [-2.0, -0.7798919119599449, -1.9208187539523751, -0.7772835288524167, -0.7520267336381934, -0.7544873321858502], [-2.0969100130080562, -0.889410289700751, -1.958607314841775, -0.8761483590329142, -0.7670038896078462, -0.785156151952302], [-2.0, -0.9030899869919435, -1.853871964321762, -0.906578314837765, -0.7619538968712046, -0.7772835288524167], [-2.3979400086720375, -0.9871627752948278, -2.6989700043360187, -1.0, -0.8068754016455384, -0.8068754016455384], [-1.7695510786217261, -1.0655015487564323, -2.0, -1.0655015487564323, -0.8068754016455384, -0.8507808873446201], [-1.8860566476931633, -1.154901959985743, -2.154901959985743, -1.1739251972991736, -0.8927900303521317, -0.9208187539523752], [-2.3010299956639813, -1.207608310501746, -2.0, -1.207608310501746, -0.9393021596463883, -0.9546770212133425], [-2.5228787452803374, -1.1804560644581312, -2.3010299956639813, -1.1739251972991736, -0.9430951486635274, -0.9546770212133425], [-2.0969100130080562, -1.2839966563652008, -2.154901959985743, -1.2924298239020637, -0.9625735020593764, -0.9871627752948278], [-2.221848749616356, -1.1191864077192086, -2.0969100130080562, -1.1079053973095196, -0.9136401693252518, -0.9318141382538383]]
"Iter=[Iter_step_1,Iter_step_2 (continued)]"
[[0.0, 0.0], [0.0, 0.0], [0.0, 0.0], [0.0, 0.001], [0.0, 0.003], [0.0, 0.032], [0.003, 0.121], [0.002, 0.28], [0.002, 0.495], [0.009, 0.776], [0.005, 0.999], [0.007, 1.192], [0.01, 1.351], [0.014, 1.509], [0.006, 1.632], [0.007, 1.787], [0.012, 1.868], [0.004, 1.926], [0.011, 1.964], [0.007, 1.965]]
