"RATE Vs FER REPORT Rateless Det Iter retro"
"------------------------------------------"
"Compound_plist:"
[0.03, 0.11, 0.17]
"sim ran :1000"
"T:9"
"N=512"
"Rate vs Block_error="
[0.03,0.05]
[0.05, 0.056315789473684215, 0.06263157894736843, 0.06894736842105263, 0.07526315789473685, 0.08157894736842106, 0.08789473684210528, 0.09421052631578948, 0.10052631578947369, 0.1068421052631579, 0.11315789473684211, 0.11947368421052633, 0.12578947368421053, 0.13210526315789475, 0.13842105263157894, 0.14473684210526316, 0.15105263157894738, 0.1573684210526316, 0.16368421052631582, 0.17]
[2.1503593750000167, 2.161890625000015, 2.1811093750000135, 2.219546875000012, 2.2643906250000105, 2.3415859375000125, 2.4344765625000058, 2.5129531250000237, 2.592070312500026, 2.6615781250000325, 2.712828125000044, 2.7426171875000493, 2.7557500000000497, 2.772406250000055, 2.771765625000054, 2.7765703125000556, 2.7797734375000562, 2.7810546875000566, 2.784257812500056, 2.7775312500000555]
[-0.0034883278458213473, -0.00261361560268669, -0.0013048416883442813, 0.0, 0.0, 0.0, 0.0, 0.0, 0.0, 0.0, 0.0, 0.0, 0.0, 0.0, 0.0, 0.0, 0.0, 0.0, 0.0, 0.0]
[3.985187500000003, 3.9888906250000025, 3.994445312500003, 4.000000000000003, 4.000000000000003, 4.000000000000003, 4.000000000000003, 4.000000000000003, 4.000000000000003, 4.000000000000003, 4.000000000000003, 4.000000000000003, 4.000000000000003, 4.000000000000003, 4.000000000000003, 4.000000000000003, 4.000000000000003, 4.000000000000003, 4.000000000000003, 4.000000000000003]
"Time taken:17565.533978"
