"RATE Vs FER REPORT Rateless Det Iter retro"
"------------------------------------------"
"Compound_plist:"
[0.03, 0.11, 0.17]
"sim ran :1000"
"T:15"
"N=512"
"Rate vs Block_error="
0.03
[0.01, 0.02, 0.03, 0.04, 0.05, 0.060000000000000005, 0.06999999999999999, 0.08, 0.09, 0.09999999999999999, 0.11, 0.12, 0.13, 0.14, 0.15000000000000002, 0.16, 0.17, 0.18000000000000002, 0.19, 0.2]
[1.6464843749999782, 1.6464843749999782, 1.6464843749999782, 1.6469648437499782, 1.651769531249979, 1.6724296874999813, 1.7196757812499859, 1.797992187499995, 1.9064179687500127, 2.0067558593750308, 2.088136718750036, 2.136242187500041, 2.1651132812500404, 2.1924101562500424, 2.2152656250000407, 2.2477812500000396, 2.2755937500000405, 2.3038320312500344, 2.340386718750034, 2.37217578125003]
[-3.0, -1.958607314841775, -1.3565473235138126, -1.0655015487564323, -0.7670038896078462, -0.721246399047171, -0.632644078973981, -0.645891560852599, -0.638272163982407, -0.8124792791635369, -1.013228265733755, -1.1739251972991736, -1.193820026016113, -1.0757207139381184, -1.0506099933550872, -1.0604807473813815, -1.1249387366083, -1.1674910872937636, -1.193820026016113, -1.1674910872937636]
"errorarray=[err_Y2X,err_Z2X,err_X2Y,err_Z2Y,err_Y2Z,err_X2Z]"
[[-Infinity, -Infinity, -Infinity, -Infinity, -Infinity, -3.0], [-3.0, -2.3010299956639813, -Infinity, -Infinity, -Infinity, -2.154901959985743], [-Infinity, -1.6989700043360187, -Infinity, -Infinity, -3.0, -1.6020599913279623], [-Infinity, -1.3279021420642825, -Infinity, -3.0, -2.6989700043360187, -1.3467874862246563], [-Infinity, -1.0268721464003012, -Infinity, -2.0457574905606752, -1.958607314841775, -1.0222763947111522], [-Infinity, -0.9871627752948278, -Infinity, -1.6989700043360187, -1.6020599913279623, -0.9546770212133425], [-3.0, -0.906578314837765, -Infinity, -1.2596373105057561, -1.2291479883578558, -0.8794260687941502], [-Infinity, -0.8696662315049939, -3.0, -1.0362121726544447, -1.0915149811213503, -0.9318141382538383], [-3.0, -0.906578314837765, -Infinity, -1.0087739243075051, -0.9665762445130504, -0.8664610916297825], [-Infinity, -1.1135092748275182, -Infinity, -1.1674910872937636, -1.0222763947111522, -1.031517051446065], [-Infinity, -1.3279021420642825, -Infinity, -1.337242168318426, -1.1739251972991736, -1.1611509092627446], [-Infinity, -1.4814860601221125, -Infinity, -1.4814860601221125, -1.2839966563652008, -1.275724130399211], [-3.0, -1.6020599913279623, -3.0, -1.6020599913279623, -1.2291479883578558, -1.2365720064370627], [-Infinity, -1.494850021680094, -Infinity, -1.494850021680094, -1.136677139879544, -1.136677139879544], [-Infinity, -1.4559319556497243, -Infinity, -1.4559319556497243, -1.0705810742857071, -1.0705810742857071], [-Infinity, -1.408935392973501, -Infinity, -1.408935392973501, -1.0915149811213503, -1.0915149811213503], [-Infinity, -1.6989700043360187, -Infinity, -1.6989700043360187, -1.1307682802690238, -1.1307682802690238], [-Infinity, -1.853871964321762, -Infinity, -1.853871964321762, -1.1739251972991736, -1.1739251972991736], [-Infinity, -1.7695510786217261, -Infinity, -1.7695510786217261, -1.2006594505464183, -1.2006594505464183], [-Infinity, -1.853871964321762, -Infinity, -1.853871964321762, -1.1674910872937636, -1.1674910872937636]]
"Iter=[Iter_step_1,Iter_step_2 (continued)]"
[[0.0, 0.0], [0.0, 0.0], [0.0, 0.0], [0.0, 0.001], [0.0, 0.011], [0.0, 0.054], [0.0, 0.153], [0.0, 0.318], [0.0, 0.553], [0.001, 0.772], [0.0, 0.98], [0.0, 1.132], [0.0, 1.255], [0.0, 1.4], [0.0, 1.524], [0.0, 1.676], [0.0, 1.799], [0.0, 1.874], [0.0, 1.947], [0.0, 1.969]]
