"RATE Vs FER REPORT Rateless Det Iter retro"
"------------------------------------------"
"Compound_plist:"
[0.03, 0.07, 0.11, 0.15, 0.19]
"sim ran :1000"
"T:128"
"N=1024"
"Rate vs Block_error="
0.11
[0.01, 0.02, 0.03, 0.04, 0.05, 0.060000000000000005, 0.06999999999999999, 0.08, 0.09, 0.09999999999999999, 0.11, 0.12, 0.13, 0.14, 0.15000000000000002, 0.16, 0.17, 0.18000000000000002, 0.19, 0.2]
[2.373671874999979, 2.3714999999999793, 2.3741679687499793, 2.375339843749979, 2.3773359374999807, 2.3947499999999837, 2.446003906249995, 2.5167539062500177, 2.589585937500043, 2.6168359375000545, 2.623839843750056, 2.6286171875000544, 2.633988281250053, 2.64387890625005, 2.6719609375000424, 2.705140625000029, 2.7483007812500153, 2.7935996093750037, 2.8239003906249955, 2.849878906249989]
[-2.5228787452803374, -2.3010299956639813, -2.6989700043360187, -2.5228787452803374, -1.7212463990471711, -1.080921907623926, -0.7544873321858502, -0.6516951369518393, -0.8507808873446201, -1.154901959985743, -1.5528419686577808, -1.6575773191777938, -1.3872161432802645, -1.1674910872937636, -0.958607314841775, -0.8386319977650252, -0.8356471442155629, -0.9507819773298184, -0.9469215565165803, -0.8761483590329142]
"errorarray=[err_Y2X,err_Z2X,err_X2Y,err_Z2Y,err_Y2Z,err_X2Z]"
[[-2.6989700043360187, -3.0, -3.0, -Infinity, -Infinity, -3.0], [-2.5228787452803374, -2.5228787452803374, -2.6989700043360187, -Infinity, -Infinity, -2.6989700043360187], [-3.0, -3.0, -3.0, -Infinity, -Infinity, -3.0], [-2.6989700043360187, -2.6989700043360187, -3.0, -Infinity, -Infinity, -3.0], [-2.3979400086720375, -2.0, -Infinity, -2.3010299956639813, -2.0969100130080562, -2.0969100130080562], [-2.5228787452803374, -1.3279021420642825, -3.0, -1.3872161432802645, -1.4814860601221125, -1.5086383061657274], [-2.6989700043360187, -1.1023729087095586, -Infinity, -1.1739251972991736, -1.1191864077192086, -1.0457574905606752], [-2.6989700043360187, -0.9281179926938746, -Infinity, -1.0969100130080565, -1.1079053973095196, -0.9956786262173574], [-3.0, -1.1870866433571443, -3.0, -1.4436974992327127, -1.3872161432802645, -1.1487416512809248], [-2.6989700043360187, -1.5228787452803376, -2.5228787452803374, -2.221848749616356, -1.7958800173440752, -1.408935392973501], [-2.5228787452803374, -1.958607314841775, -2.3979400086720375, -2.3979400086720375, -2.6989700043360187, -1.8239087409443189], [-2.5228787452803374, -1.958607314841775, -2.6989700043360187, -2.3010299956639813, -2.221848749616356, -2.0], [-2.5228787452803374, -1.6989700043360187, -2.3979400086720375, -1.7958800173440752, -1.853871964321762, -1.6777807052660807], [-3.0, -1.494850021680094, -3.0, -1.5086383061657274, -1.4685210829577449, -1.4436974992327127], [-2.6989700043360187, -1.3665315444204136, -2.5228787452803374, -1.3767507096020994, -1.193820026016113, -1.1804560644581312], [-2.5228787452803374, -1.1674910872937636, -2.3979400086720375, -1.1804560644581312, -1.136677139879544, -1.1191864077192086], [-2.6989700043360187, -1.3187587626244128, -2.5228787452803374, -1.337242168318426, -1.00436480540245, -0.9913998282380825], [-2.6989700043360187, -1.4202164033831899, -2.3010299956639813, -1.431798275933005, -1.1191864077192086, -1.0969100130080565], [-3.0, -1.3979400086720375, -3.0, -1.408935392973501, -1.0409586076789064, -1.0362121726544447], [-2.5228787452803374, -1.154901959985743, -3.0, -1.1739251972991736, -0.9030899869919435, -0.9030899869919435]]
"Iter=[Iter_step_1,Iter_step_2 (continued)]"
[[0.0, 1.0], [0.0, 0.993], [0.0, 0.999], [0.002, 1.003], [0.016, 0.998], [0.089, 0.995], [0.288, 1.0], [0.573, 0.999], [0.856, 1.004], [0.966, 1.002], [0.99, 1.009], [0.997, 1.026], [0.995, 1.063], [0.999, 1.119], [0.999, 1.303], [0.998, 1.529], [0.995, 1.848], [0.996, 2.203], [1.001, 2.482], [1.0, 2.758]]
