"P Vs FER REPORT derate"
"---------------------------"
"N=512"
"sim ran :1000"
"Z max :0.2"
"Rate vs Block_error="
[0.01, 0.02, 0.03, 0.04, 0.05, 0.060000000000000005, 0.06999999999999999, 0.08, 0.09, 0.09999999999999999, 0.11, 0.12, 0.13, 0.14, 0.15000000000000002, 0.16, 0.17, 0.18000000000000002, 0.19, 0.2]
[391, 345, 310, 286, 260, 240, 223, 208, 189, 178, 166, 154, 142, 131, 119, 112, 103, 97, 89, 80]
[[-0.11709320357996394, -1.1739251972991736], [-0.17145086590255662, -1.2291479883578558], [-0.21790826714155806, -1.5228787452803376], [-0.2529039278467878, -1.2839966563652008], [-0.2942966130050128, -1.3187587626244128], [-0.32905871926422475, -1.2676062401770314], [-0.36096509792767006, -1.0655015487564323], [-0.3912066260130692, -0.9665762445130504], [-0.4328081568025866, -1.1307682802690238], [-0.4588499586669368, -0.9956786262173574], [-0.4891618729357756, -1.0409586076789064], [-0.5217492401393677, -0.958607314841775], [-0.5569816165927743, -0.7375489102695705], [-0.5919986653200664, -0.692503962086787], [-0.6337229995833, -0.6655462488490691], [-0.6600519383056491, -0.595166283380062], [-0.6964327362706586, -0.6556077263148893], [-0.7224982267095859, -0.6108339156354675], [-0.7598799543309179, -0.7878123955960422], [-0.8061799739838872, -0.8961962790440432]]
"Time taken:2976.06957412"
