"RATE Vs FER REPORT Rateless Det Iter retro"
"------------------------------------------"
"Compound_plist:"
[0.03, 0.15, 0.3, 0.45]
"sim ran :1000"
"T:50"
"N=512"
"Rate vs Block_error="
[0.03, 0.07]
[0.11, 0.13052631578947368, 0.15105263157894738, 0.17157894736842105, 0.19210526315789472, 0.21263157894736842, 0.23315789473684212, 0.2536842105263158, 0.27421052631578946, 0.29473684210526313, 0.31526315789473686, 0.3357894736842105, 0.3563157894736842, 0.37684210526315787, 0.3973684210526316, 0.41789473684210526, 0.43842105263157893, 0.4589473684210526, 0.4794736842105263, 0.5]
[3.194624999999937, 3.2291249999999345, 3.231374999999934, 3.225249999999934, 3.2388749999999344, 3.178124999999941, 3.095124999999953, 2.9337499999999657, 2.7663906249999908, 2.6752499999999997, 2.627750000000008, 2.633125000000007, 2.611625000000007, 2.6266250000000095, 2.63862500000001, 2.621625000000003, 2.6226250000000064, 2.6086250000000057, 2.6346250000000064, 2.615625000000007]
[-0.5783960731301689, -0.6516951369518393, -0.640164517660112, -0.5590909179347823, -0.5702477199975919, -0.4596705252091263, -0.32239304727950685, -0.19928292171761497, -0.07109230975604734, -0.02826040911222171, -0.0034883278458213473, -0.0004345117740176917, 0.0, 0.0, 0.0, 0.0, 0.0, 0.0, 0.0, 0.0]
[3.4481249999999526, 3.422265624999949, 3.4259218749999483, 3.4629374999999527, 3.471171874999953, 3.517953124999957, 3.6213124999999655, 3.728374999999976, 3.885609374999992, 3.9522343749999984, 3.9935000000000027, 3.999140625000003, 4.000000000000003, 4.000000000000003, 4.000000000000003, 4.000000000000003, 4.000000000000003, 4.000000000000003, 4.000000000000003, 4.000000000000003]
"Time taken:17755.99352"
