"RATE Vs FER REPORT Rateless Det Iter retro"
"------------------------------------------"
"Compound_plist:"
[0.03, 0.11, 0.17]
"sim ran :1000"
"T:9"
"N=512"
"Rate vs Block_error="
0.09999999999999999
[0.01, 0.02, 0.03, 0.04, 0.05, 0.060000000000000005, 0.06999999999999999, 0.08, 0.09, 0.09999999999999999, 0.11, 0.12, 0.13, 0.14, 0.15000000000000002, 0.16, 0.17, 0.18000000000000002, 0.19, 0.2]
[1.9382070312500355, 1.9390078125000356, 1.9404492187500362, 1.9637519531250365, 1.9440527343750362, 1.9587871093750358, 1.9758437500000308, 2.032779296875023, 2.1001093750000064, 2.180222656249998, 2.2352109374999882, 2.278082031249984, 2.305371093749978, 2.328330078124979, 2.3445644531249807, 2.3902031249999838, 2.4371249999999915, 2.502464843749994, 2.5463085937500027, 2.6069589843750096]
[-0.6595558851598816, -0.6819366650372385, -0.6903698325741012, -0.826813731587726, -0.712198270069774, -0.6516951369518393, -0.4962093169428189, -0.3777859770337047, -0.35066514128785814, -0.38615817812393083, -0.4294570601181025, -0.49894073778224846, -0.5376020021010439, -0.5734887386354247, -0.47237009912866135, -0.43651891460558934, -0.42136079003192767, -0.4156687756324692, -0.4621809049267259, -0.5243288116755703]
"errorarray=[err_Y2X,err_Z2X,err_X2Y,err_Z2Y,err_Y2Z,err_X2Z]"
[[-0.8696662315049939, -0.8013429130455774, -0.8632794328435931, -Infinity, -Infinity, -0.8068754016455384], [-0.8761483590329142, -0.8181564120552275, -0.9318141382538383, -Infinity, -Infinity, -0.8601209135987634], [-0.8927900303521317, -0.8507808873446201, -0.8416375079047503, -Infinity, -Infinity, -0.8124792791635369], [-1.0268721464003012, -0.9871627752948278, -0.9829666607012196, -2.5228787452803374, -3.0, -0.958607314841775], [-0.8538719643217619, -0.8210230527068306, -0.8860566476931632, -2.221848749616356, -2.3010299956639813, -0.8696662315049939], [-0.9244530386074693, -0.8297382846050426, -0.8827287043442358, -1.4202164033831899, -1.4685210829577449, -0.826813731587726], [-0.9030899869919435, -0.6903698325741012, -0.9172146296835499, -1.0655015487564323, -1.00436480540245, -0.7099653886374819], [-0.9625735020593764, -0.5783960731301689, -0.8664610916297825, -0.8210230527068306, -0.7931741239681502, -0.5934598195660448], [-0.9100948885606021, -0.5783960731301689, -0.9172146296835499, -0.785156151952302, -0.6882461389442457, -0.6073030467403343], [-0.8827287043442358, -0.6252516539898961, -0.9172146296835499, -0.8477116556169436, -0.6695862266508091, -0.6536470255493614], [-0.9030899869919435, -0.7569619513137056, -0.9136401693252518, -0.958607314841775, -0.6882461389442457, -0.7495799976911061], [-0.8961962790440432, -0.8860566476931632, -0.9546770212133425, -1.0604807473813815, -0.7375489102695705, -0.8728952016351923], [-0.978810700930062, -0.9665762445130504, -0.9625735020593764, -1.0268721464003012, -0.7423214251308154, -0.8860566476931632], [-0.9706162223147904, -1.0457574905606752, -1.0506099933550872, -1.031517051446065, -0.7166987712964503, -0.9829666607012196], [-0.9393021596463883, -0.8996294548824371, -0.958607314841775, -0.8569851997459049, -0.6161846340195687, -0.8013429130455774], [-0.9625735020593764, -0.7986028756795485, -0.9871627752948278, -0.7798919119599449, -0.5800442515102421, -0.7569619513137056], [-0.9318141382538383, -0.7878123955960422, -0.9625735020593764, -0.7471469690201069, -0.5466816599529624, -0.7304870557820837], [-0.8761483590329142, -0.7958800173440752, -0.9100948885606021, -0.7695510786217261, -0.5466816599529624, -0.7670038896078462], [-0.9318141382538383, -0.8124792791635369, -0.9208187539523752, -0.7746907182741372, -0.5833594926617189, -0.7958800173440752], [-0.906578314837765, -0.9829666607012196, -0.9281179926938746, -0.9430951486635274, -0.640164517660112, -0.9281179926938746]]
"Iter=[Iter_step_1,Iter_step_2 (continued)]"
[[0.0, 0.681], [0.0, 0.682], [0.0, 0.685], [0.003, 0.732], [0.007, 0.689], [0.019, 0.715], [0.08, 0.724], [0.205, 0.79], [0.328, 0.891], [0.484, 1.015], [0.568, 1.125], [0.654, 1.199], [0.698, 1.236], [0.719, 1.294], [0.677, 1.362], [0.728, 1.42], [0.684, 1.574], [0.694, 1.684], [0.688, 1.768], [0.687, 1.873]]
