"RATE Vs FER REPORT Rateless Det Iter retro"
"------------------------------------------"
"Compound_plist:"
[0.03, 0.11, 0.17]
"sim ran :1000"
"T:9"
"N=512"
"Rate vs Block_error="
0.06999999999999999
[0.01, 0.02, 0.03, 0.04, 0.05, 0.060000000000000005, 0.06999999999999999, 0.08, 0.09, 0.09999999999999999, 0.11, 0.12, 0.13, 0.14, 0.15000000000000002, 0.16, 0.17, 0.18000000000000002, 0.19, 0.2]
[1.657453125000027, 1.6545703125000273, 1.663699218750027, 1.667062500000027, 1.6716269531250265, 1.6921269531250283, 1.7213554687500283, 1.7946269531250307, 1.8971269531250299, 2.00708398437503, 2.0932128906250234, 2.1535058593750183, 2.207460937500015, 2.239769531250015, 2.258894531250013, 2.297041015625011, 2.341304687500007, 2.3798085937500026, 2.4078906249999994, 2.450083984374994]
[-0.595166283380062, -0.5086383061657274, -0.5376020021010439, -0.5559552040819238, -0.6216020990518624, -0.6345120151091003, -0.5718652059712112, -0.4621809049267259, -0.39147396642280585, -0.43415218132648237, -0.48678239993206096, -0.4934949675951279, -0.5228787452803376, -0.5451551399914898, -0.595166283380062, -0.640164517660112, -0.6497519816658371, -0.6055483191737837, -0.6020599913279624, -0.5883802940367698]
"errorarray=[err_Y2X,err_Z2X,err_X2Y,err_Z2Y,err_Y2Z,err_X2Z]"
[[-1.1079053973095196, -0.8696662315049939, -1.0555173278498313, -Infinity, -Infinity, -0.8239087409443188], [-1.0705810742857071, -0.721246399047171, -1.031517051446065, -Infinity, -Infinity, -0.7144426909922262], [-1.0705810742857071, -0.7258421507363202, -1.080921907623926, -3.0, -Infinity, -0.7328282715969863], [-1.031517051446065, -0.7328282715969863, -1.0604807473813815, -Infinity, -3.0, -0.7544873321858502], [-1.031517051446065, -0.8013429130455774, -1.0409586076789064, -2.221848749616356, -2.221848749616356, -0.7825160557860937], [-1.0604807473813815, -0.8538719643217619, -1.0705810742857071, -1.4559319556497243, -1.408935392973501, -0.8538719643217619], [-1.1307682802690238, -0.7958800173440752, -1.1307682802690238, -1.0861861476162833, -0.9871627752948278, -0.7619538968712046], [-1.0861861476162833, -0.6716203965612623, -1.1191864077192086, -0.7798919119599449, -0.7721132953863264, -0.7258421507363202], [-1.0969100130080565, -0.6143937264016879, -1.0362121726544447, -0.6903698325741012, -0.596879478824182, -0.5654310959658013], [-1.0457574905606752, -0.6840296545430823, -1.0177287669604316, -0.7375489102695705, -0.619788758288394, -0.6595558851598816], [-1.136677139879544, -0.7825160557860937, -1.0861861476162833, -0.8356471442155629, -0.6497519816658371, -0.6903698325741012], [-1.1135092748275182, -0.832682665251824, -1.154901959985743, -0.8569851997459049, -0.619788758288394, -0.7011469235902933], [-1.1249387366083, -0.9281179926938746, -1.0177287669604316, -0.9430951486635274, -0.6595558851598816, -0.7825160557860937], [-1.0268721464003012, -1.0705810742857071, -1.0757207139381184, -1.0177287669604316, -0.6819366650372385, -0.8794260687941502], [-1.1135092748275182, -1.0604807473813815, -1.0655015487564323, -0.9829666607012196, -0.721246399047171, -0.9100948885606021], [-1.1426675035687315, -1.1191864077192086, -1.0506099933550872, -1.0457574905606752, -0.7931741239681502, -1.0], [-1.1674910872937636, -1.1079053973095196, -1.154901959985743, -1.0409586076789064, -0.7746907182741372, -0.9665762445130504], [-1.0705810742857071, -1.0757207139381184, -1.0861861476162833, -0.9913998282380825, -0.7235381958267558, -0.9393021596463883], [-1.0604807473813815, -1.0604807473813815, -1.1804560644581312, -1.031517051446065, -0.692503962086787, -0.9100948885606021], [-1.0409586076789064, -1.0506099933550872, -1.0409586076789064, -0.9913998282380825, -0.712198270069774, -0.9318141382538383]]
"Iter=[Iter_step_1,Iter_step_2 (continued)]"
[[0.0, 0.0], [0.0, 0.0], [0.0, 0.0], [0.0, 0.003], [0.001, 0.007], [0.007, 0.046], [0.016, 0.12], [0.027, 0.294], [0.063, 0.554], [0.079, 0.856], [0.097, 1.123], [0.111, 1.325], [0.132, 1.522], [0.132, 1.641], [0.122, 1.731], [0.121, 1.808], [0.126, 1.869], [0.122, 1.911], [0.116, 1.939], [0.105, 1.962]]
