"RATE Vs FER REPORT Rateless Det Iter retro"
"------------------------------------------"
"Compound_plist:"
[0.03, 0.11, 0.17]
"sim ran :1000"
"T:64"
"N=1024"
"Rate vs Block_error="
0.17
[0.01, 0.02, 0.03, 0.04, 0.05, 0.060000000000000005, 0.06999999999999999, 0.08, 0.09, 0.09999999999999999, 0.11, 0.12, 0.13, 0.14, 0.15000000000000002, 0.16, 0.17, 0.18000000000000002, 0.19, 0.2]
[2.3358046874999867, 2.3402734374999863, 2.338234374999986, 2.3456601562499872, 2.3461015624999866, 2.3630820312499874, 2.4066367187499913, 2.489195312500004, 2.5459453125000144, 2.575683593750024, 2.5795800781250255, 2.592609375000023, 2.5986445312500197, 2.616478515625022, 2.6275410156250176, 2.682064453125008, 2.7364062500000017, 2.774982421874992, 2.812205078124993, 2.84361914062499]
[-0.8860566476931632, -0.9393021596463883, -0.9829666607012196, -1.0655015487564323, -0.9281179926938746, -0.8124792791635369, -0.6216020990518624, -0.5883802940367698, -0.6968039425795111, -0.8860566476931632, -0.8632794328435931, -0.9318141382538383, -0.8961962790440432, -0.7825160557860937, -0.6695862266508091, -0.6108339156354675, -0.5934598195660448, -0.6143937264016879, -0.6270879970298935, -0.7258421507363202]
"errorarray=[err_Y2X,err_Z2X,err_X2Y,err_Z2Y,err_Y2Z,err_X2Z]"
[[-0.9208187539523752, -0.8860566476931632, -Infinity, -Infinity, -Infinity, -Infinity], [-0.978810700930062, -0.9393021596463883, -Infinity, -Infinity, -Infinity, -Infinity], [-1.0, -0.9829666607012196, -Infinity, -Infinity, -Infinity, -Infinity], [-1.0915149811213503, -1.0655015487564323, -Infinity, -3.0, -Infinity, -Infinity], [-1.0268721464003012, -0.9706162223147904, -3.0, -1.9208187539523751, -1.853871964321762, -2.0], [-1.0655015487564323, -0.9244530386074693, -2.6989700043360187, -1.4685210829577449, -1.4559319556497243, -1.6575773191777938], [-1.0555173278498313, -0.7746907182741372, -1.9208187539523751, -1.0506099933550872, -1.1739251972991736, -1.2518119729937995], [-1.1191864077192086, -0.790484985457369, -1.5086383061657274, -1.0457574905606752, -1.1249387366083, -1.1611509092627446], [-1.2006594505464183, -0.9829666607012196, -1.214670164989233, -1.3665315444204136, -1.3872161432802645, -1.0604807473813815], [-1.2365720064370627, -1.1487416512809248, -1.2839966563652008, -1.8860566476931633, -1.958607314841775, -1.2365720064370627], [-1.0861861476162833, -1.0757207139381184, -1.2924298239020637, -2.6989700043360187, -2.6989700043360187, -1.2839966563652008], [-1.2291479883578558, -1.193820026016113, -1.275724130399211, -2.221848749616356, -2.5228787452803374, -1.2596373105057561], [-1.136677139879544, -1.1023729087095586, -1.4559319556497243, -2.0, -1.8239087409443189, -1.3665315444204136], [-1.154901959985743, -1.0555173278498313, -1.337242168318426, -1.6197887582883939, -1.4436974992327127, -1.214670164989233], [-1.080921907623926, -0.978810700930062, -1.275724130399211, -1.3872161432802645, -1.1870866433571443, -1.0969100130080565], [-1.1135092748275182, -1.0087739243075051, -1.1307682802690238, -1.2676062401770314, -1.0757207139381184, -1.080921907623926], [-1.0915149811213503, -1.0506099933550872, -1.1426675035687315, -1.2596373105057561, -0.9665762445130504, -1.1135092748275182], [-1.1804560644581312, -1.1487416512809248, -1.1249387366083, -1.2839966563652008, -0.9913998282380825, -1.214670164989233], [-1.0915149811213503, -1.2839966563652008, -1.1249387366083, -1.408935392973501, -0.9244530386074693, -1.2518119729937995], [-1.193820026016113, -1.4436974992327127, -1.136677139879544, -1.537602002101044, -1.0915149811213503, -1.6777807052660807]]
"Iter=[Iter_step_1,Iter_step_2 (continued)]"
[[0.0, 1.666], [0.0, 1.7], [0.0, 1.678], [0.002, 1.718], [0.011, 1.706], [0.074, 1.701], [0.269, 1.675], [0.585, 1.674], [0.845, 1.652], [0.97, 1.643], [0.999, 1.626], [1.01, 1.667], [1.026, 1.69], [1.076, 1.704], [1.16, 1.718], [1.316, 1.813], [1.449, 1.895], [1.549, 1.936], [1.603, 1.979], [1.652, 1.993]]
"Time taken:78008.1741719"
