"RATE Vs FER REPORT Rateless Det Iter retro"
"------------------------------------------"
"Compound_plist:"
[0.03, 0.11, 0.17]
"sim ran :1000"
"T:128"
"N=1024"
"Rate vs Block_error="
0.11
[0.01, 0.02, 0.03, 0.04, 0.05, 0.060000000000000005, 0.06999999999999999, 0.08, 0.09, 0.09999999999999999, 0.11, 0.12, 0.13, 0.14, 0.15000000000000002, 0.16, 0.17, 0.18000000000000002, 0.19, 0.2]
[2.374675781249979, 2.373671874999979, 2.374249999999979, 2.3725039062499795, 2.3767539062499794, 2.3961718749999843, 2.4462539062499995, 2.52492187500002, 2.5871718750000423, 2.6194257812500554, 2.6253476562500575, 2.6262656250000567, 2.630714843750055, 2.6428789062500506, 2.6703769531250403, 2.7094589843750287, 2.7541113281250125, 2.789548828125, 2.8186816406249906, 2.8442187499999854]
[-2.5228787452803374, -2.221848749616356, -2.5228787452803374, -2.0969100130080562, -1.6197887582883939, -1.013228265733755, -0.7033348097384688, -0.6757175447023074, -0.8664610916297825, -1.207608310501746, -1.537602002101044, -1.6989700043360187, -1.5086383061657274, -1.193820026016113, -1.0457574905606752, -0.9665762445130504, -0.889410289700751, -0.9281179926938746, -1.0969100130080565, -1.1426675035687315]
"errorarray=[err_Y2X,err_Z2X,err_X2Y,err_Z2Y,err_Y2Z,err_X2Z]"
[[-2.5228787452803374, -2.5228787452803374, -Infinity, -Infinity, -Infinity, -Infinity], [-2.6989700043360187, -2.6989700043360187, -2.3979400086720375, -Infinity, -Infinity, -2.3979400086720375], [-2.6989700043360187, -2.6989700043360187, -3.0, -Infinity, -Infinity, -3.0], [-2.5228787452803374, -2.5228787452803374, -2.3979400086720375, -Infinity, -3.0, -2.3010299956639813], [-2.5228787452803374, -1.9208187539523751, -2.6989700043360187, -2.0457574905606752, -2.0969100130080562, -1.958607314841775], [-2.3010299956639813, -1.3279021420642825, -3.0, -1.494850021680094, -1.3665315444204136, -1.3467874862246563], [-2.3979400086720375, -0.9281179926938746, -2.6989700043360187, -1.0457574905606752, -1.1870866433571443, -1.1307682802690238], [-2.3979400086720375, -1.0268721464003012, -3.0, -1.1611509092627446, -1.0555173278498313, -0.9665762445130504], [-3.0, -1.1191864077192086, -2.3979400086720375, -1.3279021420642825, -1.494850021680094, -1.2365720064370627], [-2.5228787452803374, -1.5528419686577808, -3.0, -2.221848749616356, -1.8860566476931633, -1.494850021680094], [-3.0, -1.9208187539523751, -2.5228787452803374, -3.0, -2.3979400086720375, -1.7695510786217261], [-2.6989700043360187, -2.0457574905606752, -2.3979400086720375, -2.5228787452803374, -2.3979400086720375, -1.958607314841775], [-3.0, -1.853871964321762, -2.3979400086720375, -1.853871964321762, -1.9208187539523751, -1.7958800173440752], [-2.3979400086720375, -1.494850021680094, -2.6989700043360187, -1.5528419686577808, -1.5228787452803376, -1.4814860601221125], [-2.5228787452803374, -1.4559319556497243, -2.3010299956639813, -1.494850021680094, -1.2924298239020637, -1.2518119729937995], [-2.5228787452803374, -1.408935392973501, -3.0, -1.431798275933005, -1.1674910872937636, -1.1674910872937636], [-2.5228787452803374, -1.2291479883578558, -2.6989700043360187, -1.2441251443275085, -1.1674910872937636, -1.1611509092627446], [-2.6989700043360187, -1.4559319556497243, -2.3010299956639813, -1.4685210829577449, -1.1079053973095196, -1.0969100130080565], [-2.5228787452803374, -1.6989700043360187, -Infinity, -1.6989700043360187, -1.2218487496163564, -1.2441251443275085], [-2.6989700043360187, -2.0, -2.3979400086720375, -2.0457574905606752, -1.2365720064370627, -1.2441251443275085]]
"Iter=[Iter_step_1,Iter_step_2 (continued)]"
[[0.0, 1.004], [0.0, 1.0], [0.0, 0.999], [0.0, 0.997], [0.018, 0.997], [0.094, 0.998], [0.287, 1.001], [0.601, 1.002], [0.845, 1.005], [0.973, 1.007], [0.994, 1.011], [0.994, 1.015], [0.994, 1.041], [0.998, 1.106], [0.997, 1.26], [0.995, 1.459], [0.999, 1.672], [1.002, 1.817], [1.0, 1.926], [1.0, 1.976]]
[[895.834, 895.578, 640.256], [895.32, 894.296, 641.024], [895.574, 894.72, 640.512], [894.722, 894.466, 640.256], [894.552, 893.954, 644.864], [894.808, 894.552, 664.32], [895.746, 895.746, 713.472], [895.832, 894.808, 794.88], [895.918, 895.832, 857.344], [895.918, 896.602, 889.772], [895.834, 896.946, 895.576], [894.98, 896.688, 897.118], [895.322, 898.754, 899.096], [896.262, 904.256, 904.6], [895.668, 914.576, 918.102], [895.066, 925.33, 935.388], [895.918, 936.248, 953.534], [896.346, 937.368, 966.176], [895.916, 935.132, 975.636], [895.32, 920.688, 979.936]]
[2.377550781249979, 2.379421874999979, 2.3771249999999786, 2.3800039062499785, 2.3935859374999766, 2.4547968749999773, 2.561003906249998, 2.644296875000022, 2.6581718750000403, 2.6474257812500523, 2.637222656250056, 2.6346796875000567, 2.643089843750053, 2.6667929687500473, 2.7038652343750362, 2.7486113281250226, 2.7985371093750064, 2.827419921874996, 2.8411269531249874, 2.862150390624983]
