"RATE Vs FER REPORT Rateless Det Iter retro"
"------------------------------------------"
"Compound_plist:"
[0.03, 0.11, 0.17]
"sim ran :1000"
"T:9"
"N=512"
"Rate vs Block_error="
0.060000000000000005
[0.01, 0.02, 0.03, 0.04, 0.05, 0.060000000000000005, 0.06999999999999999, 0.08, 0.09, 0.09999999999999999, 0.11, 0.12, 0.13, 0.14, 0.15000000000000002, 0.16, 0.17, 0.18000000000000002, 0.19, 0.2]
[1.6243007812500245, 1.6247812500000247, 1.6228593750000244, 1.6271835937500243, 1.6319882812500253, 1.6489648437500262, 1.6834785156250283, 1.7572304687500304, 1.8721425781250343, 1.982544921875034, 2.0676679687500292, 2.125378906250025, 2.1744296875000235, 2.202404296875021, 2.2376699218750193, 2.2631445312500182, 2.3022812500000147, 2.3366328125000084, 2.3747792968750026, 2.402585937499998]
[-0.8728952016351923, -0.6757175447023074, -0.619788758288394, -0.645891560852599, -0.744727494896694, -0.7235381958267558, -0.7594507517174003, -0.5287082889410615, -0.48280410205002566, -0.530177984021837, -0.5606673061697374, -0.6108339156354675, -0.638272163982407, -0.6736641390712486, -0.7958800173440752, -0.7399286120149252, -0.8356471442155629, -0.7644715530924511, -0.7569619513137056, -0.7471469690201069]
"errorarray=[err_Y2X,err_Z2X,err_X2Y,err_Z2Y,err_Y2Z,err_X2Z]"
[[-1.4202164033831899, -1.1426675035687315, -1.408935392973501, -Infinity, -Infinity, -1.0604807473813815], [-1.5528419686577808, -0.9136401693252518, -1.4559319556497243, -Infinity, -Infinity, -0.8761483590329142], [-1.6197887582883939, -0.832682665251824, -1.5528419686577808, -Infinity, -Infinity, -0.8068754016455384], [-1.494850021680094, -0.8356471442155629, -1.4559319556497243, -3.0, -Infinity, -0.8297382846050426], [-1.5686362358410126, -0.9172146296835499, -1.5228787452803376, -2.154901959985743, -2.0, -0.9030899869919435], [-1.3872161432802645, -0.9430951486635274, -1.408935392973501, -1.5528419686577808, -1.5086383061657274, -0.9244530386074693], [-1.7212463990471711, -1.0, -1.4814860601221125, -1.1674910872937636, -1.136677139879544, -0.9507819773298184], [-1.408935392973501, -0.7328282715969863, -1.4202164033831899, -0.8538719643217619, -0.785156151952302, -0.7189666327522725], [-1.7695510786217261, -0.6968039425795111, -1.494850021680094, -0.712198270069774, -0.7055337738384071, -0.6695862266508091], [-1.5686362358410126, -0.7351821769904635, -1.3665315444204136, -0.744727494896694, -0.6968039425795111, -0.7033348097384688], [-1.5086383061657274, -0.8153085691824012, -1.4202164033831899, -0.8416375079047503, -0.6968039425795111, -0.7166987712964503], [-1.5228787452803376, -0.8996294548824371, -1.5086383061657274, -0.9136401693252518, -0.7351821769904635, -0.7825160557860937], [-1.4436974992327127, -0.9746941347352298, -1.4202164033831899, -0.9665762445130504, -0.7544873321858502, -0.826813731587726], [-1.5086383061657274, -0.9507819773298184, -1.5528419686577808, -0.958607314841775, -0.7670038896078462, -0.826813731587726], [-1.537602002101044, -1.1135092748275182, -1.6382721639824072, -1.0757207139381184, -0.8728952016351923, -0.9546770212133425], [-1.337242168318426, -1.1870866433571443, -1.4814860601221125, -1.1739251972991736, -0.832682665251824, -0.9746941347352298], [-1.4202164033831899, -1.214670164989233, -1.4685210829577449, -1.2006594505464183, -0.9318141382538383, -1.0655015487564323], [-1.3767507096020994, -1.2291479883578558, -1.5228787452803376, -1.1804560644581312, -0.832682665251824, -0.9665762445130504], [-1.4202164033831899, -1.1739251972991736, -1.3665315444204136, -1.1426675035687315, -0.8416375079047503, -0.9546770212133425], [-1.4685210829577449, -1.0915149811213503, -1.4559319556497243, -1.080921907623926, -0.8239087409443188, -0.9172146296835499]]
"Iter=[Iter_step_1,Iter_step_2 (continued)]"
[[0.0, 0.027], [0.0, 0.028], [0.0, 0.024], [0.0, 0.033], [0.0, 0.043], [0.002, 0.078], [0.005, 0.151], [0.012, 0.311], [0.025, 0.569], [0.031, 0.832], [0.032, 1.08], [0.03, 1.288], [0.03, 1.476], [0.037, 1.593], [0.033, 1.744], [0.042, 1.819], [0.04, 1.891], [0.042, 1.93], [0.037, 1.948], [0.038, 1.965]]
