"RATE Vs FER REPORT Rateless Det Iter retro final CRC"
"------------------------------------------"
"Compound_plist:"
[0.03, 0.11, 0.17]
"sim ran :1000"
"T:9"
"N=512"
"Rate vs Block_error="
0.11
[0.01, 0.02, 0.03, 0.04, 0.05, 0.060000000000000005, 0.06999999999999999, 0.08, 0.09, 0.09999999999999999, 0.11, 0.12, 0.13, 0.14, 0.15000000000000002, 0.16, 0.17, 0.18000000000000002, 0.19, 0.2]
[2.009156250000037, 2.0037109375000375, 2.0190859375000363, 2.004992187500038, 2.0144414062500364, 2.0191660156250326, 2.0581640625000266, 2.0918769531250154, 2.151535156250001, 2.2061484374999862, 2.2549160156249752, 2.2786992187499706, 2.285986328124972, 2.2986835937499706, 2.3119414062499746, 2.336624999999975, 2.3549570312499766, 2.3900996093749844, 2.4284472656249902, 2.458804687499997]
[-0.8356471442155629, -0.8416375079047503, -0.9208187539523752, -0.8569851997459049, -0.8416375079047503, -0.7495799976911061, -0.6307841425898572, -0.4762535331884355, -0.4485500020271248, -0.4329736338409397, -0.5466816599529624, -0.6143937264016879, -0.5917600346881504, -0.5883802940367698, -0.5346171485515817, -0.4749551929631547, -0.4377071355435253, -0.48017200622428124, -0.4934949675951279, -0.5391021572434522]
"errorarray=[err_Y2X,err_Z2X,err_X2Y,err_Z2Y,err_Y2Z,err_X2Z]"
[[-1.0177287669604316, -0.978810700930062, -1.0, -Infinity, -Infinity, -0.9430951486635274], [-1.013228265733755, -0.9625735020593764, -0.9956786262173574, -Infinity, -Infinity, -0.9665762445130504], [-1.0222763947111522, -1.0, -1.0861861476162833, -Infinity, -Infinity, -1.0757207139381184], [-1.0268721464003012, -0.9871627752948278, -1.0177287669604316, -2.6989700043360187, -2.3979400086720375, -0.9913998282380825], [-1.0087739243075051, -0.9625735020593764, -1.0268721464003012, -1.958607314841775, -1.958607314841775, -0.9829666607012196], [-1.0604807473813815, -0.9546770212133425, -0.978810700930062, -1.5686362358410126, -1.5228787452803376, -0.8996294548824371], [-1.0268721464003012, -0.785156151952302, -1.1135092748275182, -1.1674910872937636, -1.0915149811213503, -0.8386319977650252], [-1.0915149811213503, -0.6882461389442457, -1.0268721464003012, -0.906578314837765, -0.8569851997459049, -0.6777807052660807], [-1.1191864077192086, -0.6439741428068773, -1.136677139879544, -0.8761483590329142, -0.8297382846050426, -0.6478174818886375], [-0.9913998282380825, -0.585026652029182, -1.0409586076789064, -0.906578314837765, -0.8538719643217619, -0.623423042943488], [-1.1611509092627446, -0.6968039425795111, -1.1023729087095586, -1.0268721464003012, -1.0268721464003012, -0.7033348097384688], [-1.0362121726544447, -0.7423214251308154, -1.1135092748275182, -1.1804560644581312, -1.1487416512809248, -0.7772835288524167], [-1.0409586076789064, -0.7423214251308154, -1.0222763947111522, -1.0506099933550872, -0.9665762445130504, -0.6989700043360187], [-1.0705810742857071, -0.7166987712964503, -1.1426675035687315, -0.9355420107730815, -0.8927900303521317, -0.707743928643524], [-1.0506099933550872, -0.6989700043360187, -1.0409586076789064, -0.9030899869919435, -0.8446639625349383, -0.6420651529995461], [-1.0705810742857071, -0.6270879970298935, -1.1135092748275182, -0.7569619513137056, -0.6946486305533762, -0.5900668766687054], [-1.0555173278498313, -0.5867002359187481, -1.136677139879544, -0.679853713888946, -0.6307841425898572, -0.5670307091255943], [-1.1191864077192086, -0.645891560852599, -1.1739251972991736, -0.7328282715969863, -0.7099653886374819, -0.619788758288394], [-1.0861861476162833, -0.6736641390712486, -1.0969100130080565, -0.7569619513137056, -0.6882461389442457, -0.6216020990518624], [-1.0705810742857071, -0.7569619513137056, -1.0362121726544447, -0.8794260687941502, -0.7399286120149252, -0.6556077263148893]]
"Iter=[Iter_step_1,Iter_step_2 (continued)]"
[[0.0, 0.83], [0.0, 0.818], [0.0, 0.85], [0.002, 0.821], [0.004, 0.837], [0.031, 0.834], [0.102, 0.879], [0.231, 0.888], [0.41, 0.92], [0.586, 0.945], [0.733, 0.975], [0.792, 0.997], [0.803, 1.018], [0.834, 1.043], [0.842, 1.119], [0.846, 1.253], [0.852, 1.349], [0.853, 1.538], [0.849, 1.716], [0.84, 1.81]]
[[376.844, 376.721, 275.123], [375.45, 375.45, 275.0], [379.386, 379.14, 275.246], [375.655, 375.655, 275.246], [377.951, 377.951, 275.492], [377.131, 377.008, 279.674], [382.133, 381.395, 290.252], [382.338, 379.878, 308.825], [382.051, 384.634, 334.901], [383.24, 385.823, 360.485], [383.609, 391.522, 379.386], [382.83, 392.506, 391.358], [381.518, 394.064, 394.843], [383.814, 395.704, 397.098], [382.953, 398.82, 401.567], [385.987, 401.608, 407.389], [387.955, 404.437, 410.792], [387.012, 411.858, 419.197], [387.791, 415.548, 426.331], [385.741, 417.229, 430.226]]
[2.208058593750013, 2.2012773437500113, 2.181402343750013, 2.1891289062500148, 2.2016777343750102, 2.238962890625006, 2.3076796874999976, 2.427488281249984, 2.4875878906249764, 2.538392578124972, 2.5025156249999667, 2.48025390624997, 2.4940624999999677, 2.499927734374967, 2.535576171874969, 2.577085937499975, 2.6154570312499805, 2.619390624999989, 2.646705078124997, 2.6493222656250004]
