"RATE Vs FER REPORT Rateless Det Iter retro"
"------------------------------------------"
"Compound_plist:"
[0.03, 0.11, 0.17]
"sim ran :1000"
"T:9"
"N=512"
"Rate vs Block_error="
0.08
[0.01, 0.02, 0.03, 0.04, 0.05, 0.060000000000000005, 0.06999999999999999, 0.08, 0.09, 0.09999999999999999, 0.11, 0.12, 0.13, 0.14, 0.15000000000000002, 0.16, 0.17, 0.18000000000000002, 0.19, 0.2]
[1.7199140625000287, 1.7400937500000302, 1.7463398437500302, 1.7348085937500322, 1.7324062500000308, 1.7527460937500305, 1.7885410156250308, 1.8502011718750275, 1.9585468750000272, 2.0716015625000206, 2.129722656250016, 2.1944902343750083, 2.2389941406250062, 2.271376953125006, 2.289130859375004, 2.325896484375004, 2.365982421874999, 2.4058007812499986, 2.4586464843749987, 2.5002441406249956]
[-0.4596705252091263, -0.4962093169428189, -0.5114492834995558, -0.5816987086802545, -0.6038006529042637, -0.5436339668709571, -0.4934949675951279, -0.42596873227228116, -0.3391345219961308, -0.348721986001856, -0.3798639450262425, -0.44249279809434205, -0.46852108295774486, -0.5114492834995558, -0.4736607226101559, -0.5100415205751654, -0.45842075605341914, -0.4962093169428189, -0.5086383061657274, -0.5214335044061567]
"errorarray=[err_Y2X,err_Z2X,err_X2Y,err_Z2Y,err_Y2Z,err_X2Z]"
[[-0.8507808873446201, -0.679853713888946, -0.8041003475907662, -Infinity, -Infinity, -0.645891560852599], [-0.9208187539523752, -0.6989700043360187, -0.8761483590329142, -Infinity, -Infinity, -0.6840296545430823], [-0.8569851997459049, -0.6989700043360187, -0.8386319977650252, -Infinity, -Infinity, -0.6777807052660807], [-0.8860566476931632, -0.744727494896694, -0.9281179926938746, -3.0, -2.6989700043360187, -0.7695510786217261], [-0.9507819773298184, -0.8239087409443188, -0.8632794328435931, -2.0969100130080562, -1.9208187539523751, -0.7544873321858502], [-0.8446639625349383, -0.7328282715969863, -0.8664610916297825, -1.4685210829577449, -1.3767507096020994, -0.7351821769904635], [-0.9100948885606021, -0.707743928643524, -0.8477116556169436, -1.0409586076789064, -1.00436480540245, -0.6840296545430823], [-0.8927900303521317, -0.640164517660112, -0.9318141382538383, -0.8416375079047503, -0.7695510786217261, -0.6736641390712486], [-0.889410289700751, -0.5985994592184558, -0.9318141382538383, -0.7495799976911061, -0.6055483191737837, -0.5654310959658013], [-0.9281179926938746, -0.6575773191777937, -0.8728952016351923, -0.7304870557820837, -0.585026652029182, -0.6038006529042637], [-0.9136401693252518, -0.707743928643524, -0.8728952016351923, -0.7569619513137056, -0.596879478824182, -0.7011469235902933], [-0.9430951486635274, -0.8356471442155629, -0.8961962790440432, -0.8632794328435931, -0.6179829574251317, -0.7144426909922262], [-0.958607314841775, -0.9318141382538383, -0.8761483590329142, -0.9281179926938746, -0.645891560852599, -0.8153085691824012], [-0.9030899869919435, -1.031517051446065, -0.9665762445130504, -1.0555173278498313, -0.6420651529995461, -0.8860566476931632], [-0.9100948885606021, -1.0457574905606752, -0.8761483590329142, -0.958607314841775, -0.6420651529995461, -0.8477116556169436], [-0.9469215565165803, -1.0457574905606752, -0.9208187539523752, -0.9665762445130504, -0.6695862266508091, -0.9355420107730815], [-0.8664610916297825, -1.0177287669604316, -0.8761483590329142, -0.9136401693252518, -0.5900668766687054, -0.8601209135987634], [-0.9746941347352298, -1.0177287669604316, -0.9318141382538383, -0.9546770212133425, -0.6439741428068773, -0.8794260687941502], [-0.9746941347352298, -0.9913998282380825, -0.958607314841775, -0.9281179926938746, -0.6516951369518393, -0.8860566476931632], [-0.9355420107730815, -1.0087739243075051, -0.8961962790440432, -0.9746941347352298, -0.6575773191777937, -0.9318141382538383]]
"Iter=[Iter_step_1,Iter_step_2 (continued)]"
[[0.0, 0.226], [0.0, 0.268], [0.0, 0.281], [0.0, 0.257], [0.002, 0.251], [0.012, 0.289], [0.029, 0.361], [0.085, 0.478], [0.146, 0.705], [0.202, 0.982], [0.182, 1.194], [0.249, 1.357], [0.273, 1.471], [0.271, 1.583], [0.267, 1.654], [0.271, 1.72], [0.267, 1.792], [0.246, 1.848], [0.275, 1.897], [0.285, 1.939]]
