"RATE Vs FER REPORT Rateless Det Iter retro"
"------------------------------------------"
"Compound_plist:"
[0.03, 0.11, 0.17]
"sim ran :1000"
"T:9"
"N=512"
"Rate vs Block_error="
[0.03, 0.07]
[0.07, 0.07526315789473685, 0.0805263157894737, 0.08578947368421053, 0.09105263157894737, 0.09631578947368422, 0.10157894736842106, 0.1068421052631579, 0.11210526315789474, 0.1173684210526316, 0.12263157894736842, 0.12789473684210528, 0.13315789473684211, 0.13842105263157894, 0.1436842105263158, 0.14894736842105263, 0.15421052631578946, 0.15947368421052632, 0.16473684210526318, 0.17]
[2.2852109375000094, 2.3371015625000133, 2.3816250000000094, 2.4357578125000074, 2.526406250000017, 2.58406250000002, 2.6516484375000293, 2.6843203125000366, 2.734289062500041, 2.76920312500005, 2.78105468750005, 2.8012343750000515, 2.809242187500055, 2.8156484375000566, 2.815328125000055, 2.814046875000053, 2.8150078125000553, 2.818210937500057, 2.819492187500056, 2.813726562500056]
[0.0, -0.0004345117740176917, 0.0, 0.0, 0.0, 0.0, 0.0, 0.0, 0.0, 0.0, 0.0, 0.0, 0.0, 0.0, 0.0, 0.0, 0.0, 0.0, 0.0, 0.0]
[4.000000000000003, 3.9981484375000034, 4.000000000000003, 4.000000000000003, 4.000000000000003, 4.000000000000003, 4.000000000000003, 4.000000000000003, 4.000000000000003, 4.000000000000003, 4.000000000000003, 4.000000000000003, 4.000000000000003, 4.000000000000003, 4.000000000000003, 4.000000000000003, 4.000000000000003, 4.000000000000003, 4.000000000000003, 4.000000000000003]
"Time taken:18822.6495919"
