"RATE Vs FER REPORT Rateless Det Iter retro"
"------------------------------------------"
"Compound_plist:"
[0.03, 0.11, 0.17]
"sim ran :1000"
"T:128"
"N=1024"
"Rate vs Block_error="
0.17
[0.01, 0.02, 0.03, 0.04, 0.05, 0.060000000000000005, 0.06999999999999999, 0.08, 0.09, 0.09999999999999999, 0.11, 0.12, 0.13, 0.14, 0.15000000000000002, 0.16, 0.17, 0.18000000000000002, 0.19, 0.2]
[2.5040546874999934, 2.499996093749993, 2.5037578124999946, 2.510781249999996, 2.5080039062499937, 2.529667968749997, 2.583035156249999, 2.6491875000000062, 2.720195312500011, 2.7387480468750187, 2.751349609375016, 2.753089843750014, 2.7527695312500158, 2.7698671875000107, 2.777544921875011, 2.8114433593750014, 2.8358417968750027, 2.861816406249998, 2.888990234374999, 2.910941406250002]
[-1.0268721464003012, -1.0555173278498313, -1.0705810742857071, -1.0604807473813815, -1.0222763947111522, -0.7986028756795485, -0.6556077263148893, -0.6439741428068773, -0.7033348097384688, -0.8210230527068306, -0.9244530386074693, -0.9100948885606021, -0.826813731587726, -0.7520267336381934, -0.6635402661514704, -0.619788758288394, -0.563837352959244, -0.5767541260631921, -0.6161846340195687, -0.6497519816658371]
"errorarray=[err_Y2X,err_Z2X,err_X2Y,err_Z2Y,err_Y2Z,err_X2Z]"
[[-1.0268721464003012, -1.0268721464003012, -Infinity, -Infinity, -Infinity, -Infinity], [-1.0555173278498313, -1.0555173278498313, -Infinity, -Infinity, -Infinity, -Infinity], [-1.0705810742857071, -1.0705810742857071, -Infinity, -Infinity, -Infinity, -Infinity], [-1.0655015487564323, -1.0604807473813815, -Infinity, -3.0, -Infinity, -Infinity], [-1.1079053973095196, -1.0655015487564323, -3.0, -2.0457574905606752, -2.0, -2.221848749616356], [-1.136677139879544, -0.9469215565165803, -2.154901959985743, -1.3565473235138126, -1.3767507096020994, -1.5228787452803376], [-1.1487416512809248, -0.8761483590329142, -1.8239087409443189, -1.1674910872937636, -1.1191864077192086, -1.2365720064370627], [-1.2006594505464183, -0.8728952016351923, -1.537602002101044, -1.1191864077192086, -1.1674910872937636, -1.136677139879544], [-1.1023729087095586, -0.9507819773298184, -1.337242168318426, -1.4559319556497243, -1.3872161432802645, -1.1739251972991736], [-1.1307682802690238, -1.0655015487564323, -1.2596373105057561, -1.9208187539523751, -1.958607314841775, -1.2006594505464183], [-1.214670164989233, -1.1804560644581312, -1.3098039199714864, -2.3010299956639813, -2.3010299956639813, -1.2676062401770314], [-1.1804560644581312, -1.1426675035687315, -1.3098039199714864, -2.221848749616356, -2.6989700043360187, -1.3187587626244128], [-1.1079053973095196, -1.0861861476162833, -1.275724130399211, -2.3010299956639813, -1.744727494896694, -1.1870866433571443], [-1.1079053973095196, -1.00436480540245, -1.3010299956639813, -1.6020599913279623, -1.4559319556497243, -1.154901959985743], [-1.1191864077192086, -0.9172146296835499, -1.3279021420642825, -1.2218487496163564, -1.275724130399211, -1.1079053973095196], [-1.1804560644581312, -0.8927900303521317, -1.2596373105057561, -1.1307682802690238, -1.1804560644581312, -1.0705810742857071], [-1.1611509092627446, -0.9244530386074693, -1.193820026016113, -1.1804560644581312, -0.9746941347352298, -0.9172146296835499], [-1.0969100130080565, -0.9355420107730815, -1.1870866433571443, -1.193820026016113, -1.0457574905606752, -1.0969100130080565], [-1.1487416512809248, -1.0915149811213503, -1.1023729087095586, -1.3279021420642825, -1.0506099933550872, -1.080921907623926], [-1.1079053973095196, -1.2365720064370627, -1.136677139879544, -1.3872161432802645, -1.013228265733755, -1.275724130399211]]
"Iter=[Iter_step_1,Iter_step_2 (continued)]"
[[0.0, 1.677], [0.0, 1.667], [0.0, 1.685], [0.002, 1.717], [0.013, 1.688], [0.096, 1.691], [0.298, 1.69], [0.591, 1.658], [0.859, 1.676], [0.969, 1.633], [0.997, 1.662], [1.007, 1.668], [1.03, 1.648], [1.096, 1.708], [1.172, 1.714], [1.312, 1.817], [1.408, 1.883], [1.526, 1.932], [1.598, 1.975], [1.648, 1.994]]
[[954.222, 875.492, 654.776], [953.362, 886.082, 653.244], [954.91, 885.23, 652.566], [957.662, 887.04, 649.232], [955.168, 887.624, 651.962], [955.426, 897.362, 666.884], [955.34, 896.484, 717.742], [952.588, 914.994, 792.494], [954.136, 928.654, 859.99], [950.438, 931.796, 887.894], [952.932, 935.132, 894.382], [952.846, 937.624, 897.29], [950.094, 935.474, 900.214], [952.76, 941.408, 908.384], [950.438, 944.504, 917.758], [954.136, 952.932, 934.958], [952.502, 961.274, 950.524], [949.492, 962.822, 967.896], [952.244, 963.338, 975.034], [953.19, 960.328, 980.022]]
[2.5577656249999916, 2.5506289062499916, 2.551339843749994, 2.5602851562499933, 2.560499999999995, 2.6095351562499927, 2.6907109374999942, 2.7515273437500007, 2.799613281250007, 2.7939160156250105, 2.7931933593750085, 2.792669921875008, 2.8016054687500103, 2.8202402343750075, 2.836054687500005, 2.8666757812499997, 2.892468750000002, 2.907345703125, 2.926335937500002, 2.9396738281250037]
"Time taken:78655.9767802"
