"RATE Vs FER REPORT Rateless Det Iter retro"
"------------------------------------------"
"Compound_plist:"
[0.03, 0.11, 0.17]
"sim ran :1000"
"T:9"
"N=512"
"Rate vs Block_error="
0.11
[0.01, 0.02, 0.03, 0.04, 0.05, 0.060000000000000005, 0.06999999999999999, 0.08, 0.09, 0.09999999999999999, 0.11, 0.12, 0.13, 0.14, 0.15000000000000002, 0.16, 0.17, 0.18000000000000002, 0.19, 0.2]
[2.0118789062500366, 2.011878906250036, 2.020687500000037, 2.014121093750036, 2.020126953125034, 2.029416015625033, 2.054720703125027, 2.090035156250015, 2.1578613281249983, 2.2104726562499843, 2.2594804687499748, 2.278458984374973, 2.287427734374971, 2.298958984374969, 2.3123320312499738, 2.334007812499976, 2.35797070312498, 2.383818359374984, 2.423107421874988, 2.4627675781249994]
[-0.8507808873446201, -0.8632794328435931, -0.8996294548824371, -0.8728952016351923, -0.8239087409443188, -0.7569619513137056, -0.5606673061697374, -0.4400933749638875, -0.44369749923271273, -0.4497716469449059, -0.530177984021837, -0.5734887386354247, -0.5985994592184558, -0.6003262785189618, -0.5072396109731625, -0.5128616245228135, -0.4921441283041691, -0.42596873227228116, -0.4814860601221125, -0.530177984021837]
"errorarray=[err_Y2X,err_Z2X,err_X2Y,err_Z2Y,err_Y2Z,err_X2Z]"
[[-1.013228265733755, -0.978810700930062, -0.9913998282380825, -Infinity, -Infinity, -0.9706162223147904], [-1.0506099933550872, -1.0087739243075051, -1.00436480540245, -Infinity, -Infinity, -0.9706162223147904], [-1.0506099933550872, -1.0222763947111522, -1.0506099933550872, -Infinity, -Infinity, -1.0268721464003012], [-1.0, -0.9829666607012196, -0.9956786262173574, -2.3979400086720375, -Infinity, -0.9871627752948278], [-1.0268721464003012, -0.9507819773298184, -0.9956786262173574, -1.7695510786217261, -2.3010299956639813, -0.978810700930062], [-1.0457574905606752, -0.9136401693252518, -1.0268721464003012, -1.537602002101044, -1.494850021680094, -0.9244530386074693], [-1.080921907623926, -0.7258421507363202, -1.1249387366083, -1.013228265733755, -1.0, -0.7520267336381934], [-1.0268721464003012, -0.6090648928966209, -1.0506099933550872, -0.8210230527068306, -0.832682665251824, -0.6575773191777937], [-1.1674910872937636, -0.623423042943488, -1.1135092748275182, -0.8416375079047503, -0.8096683018297085, -0.6108339156354675], [-1.013228265733755, -0.6270879970298935, -1.0222763947111522, -0.9355420107730815, -0.8664610916297825, -0.6055483191737837], [-1.154901959985743, -0.6536470255493614, -1.1249387366083, -0.9665762445130504, -0.9665762445130504, -0.6989700043360187], [-1.0222763947111522, -0.707743928643524, -1.080921907623926, -1.1426675035687315, -1.1191864077192086, -0.7258421507363202], [-1.080921907623926, -0.7594507517174003, -1.0177287669604316, -1.0409586076789064, -0.9746941347352298, -0.692503962086787], [-1.0705810742857071, -0.7471469690201069, -1.0655015487564323, -1.031517051446065, -0.958607314841775, -0.692503962086787], [-1.0555173278498313, -0.6345120151091003, -1.031517051446065, -0.8013429130455774, -0.7986028756795485, -0.6270879970298935], [-1.1191864077192086, -0.6536470255493614, -1.1023729087095586, -0.7695510786217261, -0.7594507517174003, -0.632644078973981], [-1.1674910872937636, -0.6757175447023074, -1.1611509092627446, -0.7644715530924511, -0.6903698325741012, -0.6108339156354675], [-1.0506099933550872, -0.5900668766687054, -1.0915149811213503, -0.6695862266508091, -0.6020599913279624, -0.5512936800949201], [-1.0506099933550872, -0.632644078973981, -1.0555173278498313, -0.7471469690201069, -0.679853713888946, -0.5816987086802545], [-1.0362121726544447, -0.7189666327522725, -1.0655015487564323, -0.8794260687941502, -0.744727494896694, -0.6556077263148893]]
"Iter=[Iter_step_1,Iter_step_2 (continued)]"
[[0.0, 0.835], [0.0, 0.835], [0.0, 0.852], [0.0, 0.839], [0.011, 0.846], [0.037, 0.853], [0.099, 0.874], [0.214, 0.892], [0.423, 0.926], [0.6, 0.949], [0.73, 0.986], [0.787, 1.003], [0.809, 1.022], [0.837, 1.048], [0.838, 1.132], [0.842, 1.248], [0.855, 1.37], [0.825, 1.546], [0.839, 1.703], [0.845, 1.82]]
[[377.541, 377.418, 275.123], [377.541, 377.418, 275.123], [379.796, 379.796, 275.0], [378.115, 377.992, 275.123], [378.976, 378.73, 276.599], [379.263, 379.14, 280.658], [381.805, 381.559, 288.653], [381.805, 381.313, 306.98], [384.839, 384.47, 335.516], [383.199, 386.93, 361.633], [385.741, 391.194, 379.919], [383.117, 393.408, 390.046], [381.928, 394.474, 394.761], [382.666, 396.442, 397.959], [383.937, 398.082, 401.895], [386.233, 401.198, 407.02], [387.668, 405.708, 412.227], [387.299, 408.127, 418.869], [387.75, 415.261, 425.265], [385.536, 417.229, 430.718]]
[2.2052792968750117, 2.196361328125012, 2.1898945312500113, 2.1934765625000128, 2.2106503906250103, 2.2385605468750045, 2.34531640625, 2.451343749999987, 2.4934628906249805, 2.5268789062499697, 2.5104238281249676, 2.5006093749999656, 2.4936328124999645, 2.4968085937499667, 2.5494589843749718, 2.556931640624971, 2.5843378906249854, 2.6436269531249907, 2.649923828124995, 2.6557714843750015]
