"RATE Vs FER REPORT Rateless Det Iter retro"
"------------------------------------------"
"Compound_plist:"
[0.03, 0.11, 0.17]
"sim ran :1000"
"T:50"
"N=512"
"Rate vs Block_error="
[0.03, 0.07]
[0.1, 0.1036842105263158, 0.10736842105263159, 0.11105263157894738, 0.11473684210526316, 0.11842105263157895, 0.12210526315789474, 0.12578947368421053, 0.12947368421052632, 0.13315789473684211, 0.1368421052631579, 0.1405263157894737, 0.14421052631578948, 0.14789473684210527, 0.15157894736842106, 0.15526315789473685, 0.15894736842105264, 0.16263157894736843, 0.16631578947368422, 0.17]
[3.0051796875000227, 3.0299375000000284, 3.066132812500033, 3.0975234375000436, 3.116968750000048, 3.133398437500047, 3.13692187500005, 3.136281250000054, 3.156140625000053, 3.1619062500000554, 3.156781250000054, 3.1638281250000544, 3.170234375000055, 3.161265625000054, 3.1574218750000553, 3.1638281250000553, 3.1622265625000527, 3.162546875000054, 3.162226562500054, 3.1603046875000538]
[-0.4710832997223452, -0.5199930570428494, -0.5451551399914898, -0.5654310959658013, -0.6090648928966209, -0.6038006529042637, -0.6161846340195687, -0.6216020990518624, -0.5800442515102421, -0.6126101736612706, -0.5900668766687054, -0.5917600346881504, -0.623423042943488, -0.5590909179347823, -0.5702477199975919, -0.5686362358410126, -0.563837352959244, -0.530177984021837, -0.5482135644757098, -0.5734887386354247]
[3.4052812500000336, 3.378984375000036, 3.3744140625000423, 3.378531250000044, 3.360085937500047, 3.3724609375000445, 3.3675078125000457, 3.3606718750000493, 3.393578125000045, 3.377937500000051, 3.3856718750000483, 3.390546875000048, 3.3786796875000493, 3.4064375000000484, 3.395718750000048, 3.4007734375000487, 3.405046875000043, 3.425281250000048, 3.413953125000047, 3.401304687500048]
"Time taken:20767.23682"
