"P Vs FER REPORT derate"
"---------------------------"
"N=512"
"sim ran :1000"
"Z max :0.03"
"Rate vs Block_error="
[0.01, 0.02, 0.03, 0.04, 0.05, 0.060000000000000005, 0.06999999999999999, 0.08, 0.09, 0.09999999999999999, 0.11, 0.12, 0.13, 0.14, 0.15000000000000002, 0.16, 0.17, 0.18000000000000002, 0.19, 0.2]
[359, 308, 278, 247, 225, 206, 187, 174, 158, 145, 133, 123, 115, 103, 96, 87, 80, 72, 67, 61]
[[-0.15417551239751162, -2.221848749616356], [-0.2207192444753865, -2.5228787452803374], [-0.26522516505775445, -2.3979400086720375], [-0.31657300771616503, -2.5228787452803374], [-0.35708744286446825, -2.154901959985743], [-0.39540274060667735, -2.3979400086720375], [-0.4374283544393318, -2.5228787452803374], [-0.468720712693231, -2.0457574905606752], [-0.5106128740214081, -2.154901959985743], [-0.5479019587408559, -1.744727494896694], [-0.5854183200087449, -1.7958800173440752], [-0.6193648495364328, -1.6020599913279623], [-0.648572120622219, -1.2441251443275085], [-0.6964327362706586, -1.4559319556497243], [-0.7269987279362623, -1.4685210829577449], [-0.7697507083572123, -1.744727494896694], [-0.8061799739838872, -1.9208187539523751], [-0.8519374645445623, -1.744727494896694], [-0.8831951582750043, -1.4814860601221125], [-0.9239401259650637, -1.6197887582883939]]
"Time taken:2807.652421"
