"RATE Vs FER REPORT Rateless Det Iter retro"
"------------------------------------------"
"Compound_plist:"
[0.03, 0.11, 0.17]
"sim ran :1000"
"T:150"
"N=8192"
"Rate vs Block_error="
0.03
[0.01, 0.02, 0.03, 0.04, 0.05, 0.060000000000000005, 0.06999999999999999, 0.08, 0.09, 0.09999999999999999, 0.11, 0.12, 0.13, 0.14, 0.15000000000000002, 0.16, 0.17, 0.18000000000000002, 0.19, 0.2]
[1.5549316406249813, 1.5549316406249813, 1.5549316406249813, 1.5549316406249813, 1.5584316406249814, 1.644931640624986, 1.9294316406250174, 2.0504316406250336, 2.0550983886719085, 2.0557653808594085, 2.071272949218783, 2.1071237792969075, 2.1727487792969113, 2.225539306640663, 2.2596115722656576, 2.3332128906250205, 2.438516845703129, 2.501699218749993, 2.5159374999999917, 2.5183105468749916]
[-Infinity, -2.154901959985743, -1.080921907623926, -0.8096683018297085, -1.5528419686577808, -0.9665762445130504, -0.8996294548824371, -1.958607314841775, -1.4685210829577449, -1.0362121726544447, -1.1079053973095196, -1.0915149811213503, -0.9956786262173574, -1.2441251443275085, -1.3665315444204136, -1.3187587626244128, -1.408935392973501, -1.9208187539523751, -2.5228787452803374, -Infinity]
"errorarray=[err_Y2X,err_Z2X,err_X2Y,err_Z2Y,err_Y2Z,err_X2Z]"
[[-Infinity, -Infinity, -Infinity, -Infinity, -Infinity, -Infinity], [-Infinity, -2.3010299956639813, -Infinity, -Infinity, -Infinity, -2.3979400086720375], [-Infinity, -1.3467874862246563, -Infinity, -Infinity, -Infinity, -1.408935392973501], [-Infinity, -1.0969100130080565, -Infinity, -Infinity, -Infinity, -1.1135092748275182], [-Infinity, -1.8239087409443189, -Infinity, -2.3010299956639813, -2.3979400086720375, -1.853871964321762], [-Infinity, -1.2291479883578558, -Infinity, -1.2291479883578558, -1.2839966563652008, -1.2839966563652008], [-Infinity, -1.2596373105057561, -Infinity, -1.2596373105057561, -1.1249387366083, -1.1249387366083], [-Infinity, -2.5228787452803374, -Infinity, -2.5228787452803374, -2.0, -2.0], [-Infinity, -2.0457574905606752, -Infinity, -2.0457574905606752, -1.4814860601221125, -1.4814860601221125], [-Infinity, -1.6020599913279623, -Infinity, -1.6020599913279623, -1.0655015487564323, -1.0655015487564323], [-Infinity, -1.6197887582883939, -Infinity, -1.6197887582883939, -1.136677139879544, -1.136677139879544], [-Infinity, -1.585026652029182, -Infinity, -1.585026652029182, -1.1079053973095196, -1.1079053973095196], [-Infinity, -1.5086383061657274, -Infinity, -1.5086383061657274, -1.00436480540245, -1.00436480540245], [-Infinity, -2.154901959985743, -Infinity, -2.154901959985743, -1.2518119729937995, -1.2518119729937995], [-Infinity, -3.0, -Infinity, -3.0, -1.3665315444204136, -1.3665315444204136], [-Infinity, -2.6989700043360187, -Infinity, -2.6989700043360187, -1.3187587626244128, -1.3187587626244128], [-Infinity, -Infinity, -Infinity, -Infinity, -1.408935392973501, -1.408935392973501], [-Infinity, -3.0, -Infinity, -3.0, -1.9208187539523751, -1.9208187539523751], [-Infinity, -Infinity, -Infinity, -Infinity, -2.5228787452803374, -2.5228787452803374], [-Infinity, -Infinity, -Infinity, -Infinity, -Infinity, -Infinity]]
"Iter=[Iter_step_1,Iter_step_2 (continued)]"
[[0.0, 0.0], [0.0, 0.0], [0.0, 0.0], [0.0, 0.0], [0.0, 0.007], [0.0, 0.18], [0.0, 0.749], [0.0, 0.991], [0.0, 1.001], [0.0, 1.005], [0.0, 1.098], [0.0, 1.313], [0.0, 1.703], [0.0, 1.968], [0.0, 1.998], [0.0, 2.0], [0.0, 2.0], [0.0, 2.0], [0.0, 2.0], [0.0, 2.0]]
[[4246.0, 4246.0, 4246.0], [4246.0, 4246.0, 4246.0], [4246.0, 4246.0, 4246.0], [4246.0, 4246.0, 4246.0], [4260.336, 4246.0, 4260.336], [4614.64, 4246.0, 4614.64], [5765.616, 4260.336, 5779.952], [6195.696, 4325.872, 6275.568], [5946.523, 4594.16, 6294.683], [5357.383, 5186.032, 6297.415], [4875.451, 5731.483, 6360.934], [5073.486, 5680.293, 6507.779], [5752.829, 5261.858, 6774.149], [5581.459, 5535.024, 6955.144], [4953.329, 5916.006, 6975.634], [4434.439, 5761.705, 6977.0], [4267.848, 4958.791, 6977.0], [4248.731, 4396.205, 6977.0], [4246.0, 4267.848, 6977.0], [4246.0, 4246.0, 6977.0]]
