"RATE Vs FER REPORT Rateless Det Iter retro"
"------------------------------------------"
"Compound_plist:"
[0.03, 0.11, 0.17]
"sim ran :1000"
"T:9"
"N=512"
"Rate vs Block_error="
[0.1, 0.03]
[0.03, 0.03736842105263158, 0.04473684210526316, 0.05210526315789474, 0.05947368421052632, 0.0668421052631579, 0.07421052631578948, 0.08157894736842106, 0.08894736842105264, 0.09631578947368422, 0.1036842105263158, 0.11105263157894738, 0.11842105263157895, 0.12578947368421053, 0.13315789473684211, 0.1405263157894737, 0.14789473684210527, 0.15526315789473685, 0.16263157894736843, 0.17]
[2.574132812500022, 2.6052031250000245, 2.5766953125000263, 2.5885468750000253, 2.599437500000021, 2.6241015625000292, 2.653250000000029, 2.6984140625000337, 2.777851562500035, 2.83829687500004, 2.907578125000048, 2.9415312500000512, 2.983492187500053, 2.9908593750000567, 3.003671875000057, 2.994703125000056, 2.990859375000054, 3.0084765625000554, 3.0020703125000567, 3.0030312500000553]
[0.0, 0.0, 0.0, 0.0, 0.0, 0.0, 0.0, 0.0, 0.0, 0.0, 0.0, 0.0, 0.0, 0.0, 0.0, 0.0, 0.0, 0.0, 0.0, 0.0]
[4.000000000000003, 4.000000000000003, 4.000000000000003, 4.000000000000003, 4.000000000000003, 4.000000000000003, 4.000000000000003, 4.000000000000003, 4.000000000000003, 4.000000000000003, 4.000000000000003, 4.000000000000003, 4.000000000000003, 4.000000000000003, 4.000000000000003, 4.000000000000003, 4.000000000000003, 4.000000000000003, 4.000000000000003, 4.000000000000003]
"Time taken:20131.036788"
