"RATE Vs FER REPORT Rateless Det Iter retro"
"------------------------------------------"
"Compound_plist:"
[0.03, 0.11, 0.17]
"sim ran :1"
"T:9"
"N=512"
"Rate vs Block_error="
0.03
[0.03, 0.03736842105263158, 0.04473684210526316, 0.05210526315789474, 0.05947368421052632, 0.0668421052631579, 0.07421052631578948, 0.08157894736842106, 0.08894736842105264, 0.09631578947368422, 0.1036842105263158, 0.11105263157894738, 0.11842105263157895, 0.12578947368421053, 0.13315789473684211, 0.1405263157894737, 0.14789473684210527, 0.15526315789473685, 0.16263157894736843, 0.17]
[2.1484375, 2.1484375, 2.1484375, 2.1484375, 2.1484375, 2.7890625, 2.1484375, 2.1484375, 2.1484375, 2.7890625, 2.1484375, 2.7890625, 2.7890625, 2.7890625, 2.7890625, 2.7890625, 2.7890625, 2.7890625, 2.1484375, 2.7890625]
[-Infinity, 0.0, -Infinity, 0.0, 0.0, 0.0, 0.0, 0.0, 0.0, 0.0, 0.0, 0.0, 0.0, 0.0, 0.0, 0.0, 0.0, 0.0, 0.0, 0.0]
[2.1484375, 4.0, 2.1484375, 4.0, 4.0, 4.0, 4.0, 4.0, 4.0, 4.0, 4.0, 4.0, 4.0, 4.0, 4.0, 4.0, 4.0, 4.0, 4.0, 4.0]
"Time taken:18.7449378967"
