"RATE Vs FER REPORT Rateless Det Iter retro"
"------------------------------------------"
"Compound_plist:"
[0.03, 0.11, 0.17]
"sim ran :10"
"T:50"
"N=512"
"Rate vs Block_error="
[0.03, 0.07]
[0.07, 0.07526315789473685, 0.0805263157894737, 0.08578947368421053, 0.09105263157894737, 0.09631578947368422, 0.10157894736842106, 0.1068421052631579, 0.11210526315789474, 0.1173684210526316, 0.12263157894736842, 0.12789473684210528, 0.13315789473684211, 0.13842105263157894, 0.1436842105263158, 0.14894736842105263, 0.15421052631578946, 0.15947368421052632, 0.16473684210526318, 0.17]
[2.46875, 2.5328125, 2.5968750000000003, 2.9171875000000007, 2.9171875000000003, 2.9812500000000006, 3.0773437500000003, 3.07734375, 3.14140625, 2.98125, 3.14140625, 3.1093750000000004, 3.2375000000000003, 3.26953125, 3.1093750000000004, 3.1093750000000004, 3.14140625, 3.20546875, 3.1414062500000006, 3.1093750000000004]
[-0.3979400086720376, -0.3010299956639812, -0.1549019599857432, -0.5228787452803376, -0.5228787452803376, -0.5228787452803376, -0.5228787452803376, -0.6989700043360187, -1.0, -0.5228787452803376, -0.6989700043360187, -0.5228787452803376, -0.6989700043360187, -0.6989700043360187, -0.5228787452803376, -0.6989700043360187, -0.3979400086720376, -Infinity, -1.0, -0.22184874961635637]
[3.0812500000000003, 3.2343749999999996, 3.6046875, 3.3125, 3.3125, 3.3765625, 3.40859375, 3.31953125, 3.23046875, 3.3765625000000004, 3.31953125, 3.3765625, 3.415625, 3.415625, 3.3765625000000004, 3.2875000000000005, 3.49765625, 3.20546875, 3.2304687500000004, 3.64375]
"Time taken:188.400626898"
