"RATE Vs FER REPORT Rateless Det Iter retro"
"------------------------------------------"
"Compound_plist:"
[0.03, 0.11, 0.17]
"sim ran :10"
"T:9"
"N=512"
"Rate vs Block_error="
0.07
[0.07, 0.07526315789473685, 0.0805263157894737, 0.08578947368421053, 0.09105263157894737, 0.09631578947368422, 0.10157894736842106, 0.1068421052631579, 0.11210526315789474, 0.1173684210526316, 0.12263157894736842, 0.12789473684210528, 0.13315789473684211, 0.13842105263157894, 0.1436842105263158, 0.14894736842105263, 0.15421052631578946, 0.15947368421052632, 0.16473684210526318, 0.17]
[2.2125, 2.2125, 2.43671875, 2.4046875, 2.596875, 2.7249999999999996, 2.6609375, 2.8851562499999996, 2.75703125, 2.8210937499999997, 2.7890624999999996, 2.75703125, 2.8210937499999997, 2.7890624999999996, 2.8210937499999997, 2.853125, 2.7890624999999996, 2.9492187499999996, 2.8851562499999996, 2.8210937499999997]
[0.0, 0.0, 0.0, 0.0, 0.0, 0.0, 0.0, 0.0, 0.0, 0.0, 0.0, 0.0, 0.0, 0.0, 0.0, 0.0, 0.0, 0.0, 0.0, 0.0]
[3.9999999999999996, 3.9999999999999996, 3.9999999999999996, 3.9999999999999996, 3.9999999999999996, 3.9999999999999996, 3.9999999999999996, 3.9999999999999996, 3.9999999999999996, 3.9999999999999996, 3.9999999999999996, 3.9999999999999996, 3.9999999999999996, 3.9999999999999996, 3.9999999999999996, 3.9999999999999996, 3.9999999999999996, 3.9999999999999996, 3.9999999999999996, 3.9999999999999996]
"Time taken:214.841319799"
