"RATE Vs FER REPORT Rateless Det Iter retro"
"------------------------------------------"
"Compound_plist:"
[0.03, 0.11, 0.17]
"sim ran :5"
"T:9"
"N=512"
"Rate vs Block_error="
0.11
[0.01, 0.02, 0.03, 0.04, 0.05, 0.060000000000000005, 0.06999999999999999, 0.08, 0.09, 0.09999999999999999, 0.11, 0.12, 0.13, 0.14, 0.15000000000000002, 0.16, 0.17, 0.18000000000000002, 0.19, 0.2]
[1.995703125, 2.091796875, 2.091796875, 1.995703125, 1.8996093750000003, 2.04375, 2.13984375, 1.995703125, 2.2839843749999997, 2.3000000000000003, 2.26796875, 2.316015625, 2.3000000000000003, 2.3, 2.027734375, 2.171875, 2.219921875, 2.3640624999999997, 2.3000000000000003, 2.0437499999999997]
[-0.6989700043360187, -Infinity, -Infinity, -Infinity, -0.3979400086720376, -0.6989700043360187, -Infinity, -0.22184874961635637, -0.6989700043360187, -Infinity, -0.22184874961635637, -0.3979400086720376, -0.22184874961635637, -0.3979400086720376, -0.22184874961635637, -0.3979400086720376, -0.22184874961635637, -0.22184874961635637, 0.0, 0.0]
