"RATE Vs FER REPORT Rateless Det Iter retro"
"------------------------------------------"
"Compound_plist:"
[0.03, 0.11, 0.17]
"sim ran :1000"
"T:9"
"N=512"
"Rate vs Block_error="
0.12
[0.01, 0.02, 0.03, 0.04, 0.05, 0.060000000000000005, 0.06999999999999999, 0.08, 0.09, 0.09999999999999999, 0.11, 0.12, 0.13, 0.14, 0.15000000000000002, 0.16, 0.17, 0.18000000000000002, 0.19, 0.2]
[2.057843750000033, 2.0535195312500325, 2.0589648437500325, 2.061126953125031, 2.0631289062500326, 2.0669726562500306, 2.096761718750022, 2.1379218750000084, 2.196619140624994, 2.2420234374999817, 2.284464843749973, 2.3004804687499694, 2.3195390624999663, 2.318498046874968, 2.316175781249965, 2.3197792968749678, 2.310169921874968, 2.3097695312499678, 2.3027226562499665, 2.3107304687499677]
[-1.0087739243075051, -1.0087739243075051, -1.0555173278498313, -1.1191864077192086, -1.0362121726544447, -0.7958800173440752, -0.6345120151091003, -0.5171264163912462, -0.4736607226101559, -0.494850021680094, -0.6536470255493614, -0.679853713888946, -0.7258421507363202, -0.632644078973981, -0.4934949675951279, -0.34008379993014975, -0.22257317761068865, -0.14266750356873156, -0.07623803917129975, -0.04383156952463668]
