"RATE Vs FER REPORT Rateless Det Iter retro"
"------------------------------------------"
"Compound_plist:"
[0.03, 0.11, 0.17]
"sim ran :1000"
"T:50"
"N=512"
"Rate vs Block_error="
[0.07, 0.03]
[0.01, 0.02, 0.03, 0.04, 0.05, 0.060000000000000005, 0.06999999999999999, 0.08, 0.09, 0.09999999999999999, 0.11, 0.12, 0.13, 0.14, 0.15000000000000002, 0.16, 0.17, 0.18000000000000002, 0.19, 0.2]
[2.557796874999975, 2.552031249999973, 2.5571562499999754, 2.554593749999978, 2.563882812499978, 2.5824609374999783, 2.6526093749999804, 2.7490234374999956, 2.878109375, 2.998867187500022, 3.0888750000000424, 3.13467968750005, 3.1462109375000527, 3.152937500000054, 3.1555000000000546, 3.153898437500054, 3.147812500000054, 3.1375625000000515, 3.1231484375000487, 3.0923984375000413]
[-0.48945498979338786, -0.4596705252091263, -0.4698003017969178, -0.4497716469449059, -0.4710832997223452, -0.42021640338318983, -0.40340290437353976, -0.40340290437353976, -0.41116827440579273, -0.4907974776688971, -0.5783960731301689, -0.6270879970298935, -0.6420651529995461, -0.6363880201078557, -0.6635402661514704, -0.638272163982407, -0.5934598195660448, -0.619788758288394, -0.5482135644757098, -0.48017200622428124]
[3.0539218749999746, 3.0820937499999768, 3.069203124999977, 3.089859374999981, 3.0737578124999776, 3.1412734374999802, 3.2138906249999883, 3.2872421875, 3.383187500000018, 3.3736640625000343, 3.3656406250000415, 3.3557578125000425, 3.351835937500046, 3.359312500000048, 3.348765625000045, 3.360984375000045, 3.376843750000046, 3.366046875000047, 3.400500000000047, 3.4458125000000446]
"Time taken:17474.786588"
