"RATE Vs FER REPORT Rateless Det Iter retro"
"------------------------------------------"
"Compound_plist:"
[0.03, 0.11, 0.17]
"sim ran :1000"
"T:9"
"N=512"
"Rate vs Block_error="
0.060000000000000005
[0.01, 0.02, 0.03, 0.04, 0.05, 0.060000000000000005, 0.06999999999999999, 0.08, 0.09, 0.09999999999999999, 0.11, 0.12, 0.13, 0.14, 0.15000000000000002, 0.16, 0.17, 0.18000000000000002, 0.19, 0.2]
[1.628625000000025, 1.6276640625000247, 1.628625000000025, 1.632468750000025, 1.6315078125000253, 1.6502460937500254, 1.6901250000000285, 1.7505039062500307, 1.872382812500032, 1.9983457031250345, 2.0641699218750302, 2.130314453125025, 2.1565000000000234, 2.1651484375000236, 2.164507812500025, 2.1424863281250284, 2.1031679687500286, 2.0749003906250283, 1.987775390625029, 1.91162109375003]
[-0.8632794328435931, -0.6840296545430823, -0.5816987086802545, -0.596879478824182, -0.6635402661514704, -0.6840296545430823, -0.6497519816658371, -0.5512936800949201, -0.4921441283041691, -0.5257837359237448, -0.5606673061697374, -0.595166283380062, -0.619788758288394, -0.640164517660112, -0.5606673061697374, -0.5346171485515817, -0.45345733652186904, -0.37059040089728107, -0.23807216157947098, -0.1624115617644887]
