"RATE Vs FER REPORT Rateless Det Iter retro"
"------------------------------------------"
"Compound_plist:"
[0.03, 0.11, 0.17]
"sim ran :1000"
"T:1000"
"N=8192"
"Rate vs Block_error="
0.17
[0.01, 0.02, 0.03, 0.04, 0.05, 0.060000000000000005, 0.06999999999999999, 0.08, 0.09, 0.09999999999999999, 0.11, 0.12, 0.13, 0.14, 0.15000000000000002, 0.16, 0.17, 0.18000000000000002, 0.19, 0.2]
[2.5957824707030945, 2.5992578124999683, 2.599614257812468, 2.598812255859344, 2.6008864746093447, 2.6422775878905944, 2.782403808593719, 2.843443359374965, 2.8506778564452744, 2.8496230468749633, 2.8548813476562125, 2.873217895507775, 2.9053931884765194, 2.928451660156209, 2.9363299560546503, 2.9496966552734043, 2.97010314941404, 2.9821777343749845, 2.9850738525390446, 2.985742187499983]
[1.4771212547196624, 1.505149978319906, 1.4471580313422192, 1.5314789170422551, 1.505149978319906, 2.100370545117563, 2.2095150145426308, 1.6232492903979006, 1.4913616938342726, 1.4913616938342726, 1.7708520116421442, 2.089905111439398, 2.143014800254095, 1.8750612633917, 1.9294189257142929, 2.0863598306747484, 2.060697840353612, 1.9294189257142929, 1.863322860120456, 1.8692317197309762]
"errorarray=[err_Y2X,err_Z2X,err_X2Y,err_Z2Y,err_Y2Z,err_X2Z]"
[[-1.5228787452803376, -1.5228787452803376, -Infinity, -Infinity, -Infinity, -Infinity], [-1.494850021680094, -1.494850021680094, -Infinity, -Infinity, -Infinity, -Infinity], [-1.5528419686577808, -1.5528419686577808, -Infinity, -Infinity, -Infinity, -Infinity], [-1.4685210829577449, -1.4685210829577449, -Infinity, -Infinity, -Infinity, -Infinity], [-1.5686362358410126, -1.5228787452803376, -Infinity, -2.5228787452803374, -2.6989700043360187, -3.0], [-1.5228787452803376, -1.136677139879544, -Infinity, -1.3665315444204136, -1.2441251443275085, -1.7695510786217261], [-1.4685210829577449, -0.9829666607012196, -Infinity, -1.136677139879544, -1.2218487496163564, -1.744727494896694], [-1.4685210829577449, -1.3979400086720375, -Infinity, -2.221848749616356, -2.6989700043360187, -2.6989700043360187], [-1.5086383061657274, -1.5086383061657274, -Infinity, -Infinity, -Infinity, -Infinity], [-1.5686362358410126, -1.5528419686577808, -Infinity, -3.0, -2.5228787452803374, -3.0], [-1.4685210829577449, -1.337242168318426, -2.5228787452803374, -1.9208187539523751, -1.9208187539523751, -2.0969100130080562], [-1.4685210829577449, -1.0757207139381184, -2.3010299956639813, -1.3010299956639813, -1.4685210829577449, -1.958607314841775], [-1.6020599913279623, -1.1191864077192086, -1.6382721639824072, -1.2924298239020637, -1.3872161432802645, -1.5086383061657274], [-1.6197887582883939, -1.4436974992327127, -1.6197887582883939, -1.9208187539523751, -1.8239087409443189, -1.6197887582883939], [-1.6382721639824072, -1.4202164033831899, -1.4559319556497243, -1.744727494896694, -1.853871964321762, -1.494850021680094], [-1.3665315444204136, -1.2596373105057561, -1.494850021680094, -1.5686362358410126, -1.3767507096020994, -1.5228787452803376], [-1.5086383061657274, -1.3979400086720375, -1.6020599913279623, -1.4814860601221125, -1.2676062401770314, -1.8860566476931633], [-1.5686362358410126, -1.853871964321762, -1.4814860601221125, -1.9208187539523751, -1.408935392973501, -2.221848749616356], [-1.494850021680094, -3.0, -1.4436974992327127, -3.0, -1.4436974992327127, -2.3979400086720375], [-1.3279021420642825, -Infinity, -1.5686362358410126, -Infinity, -1.3279021420642825, -Infinity]]
"Iter=[Iter_step_1,Iter_step_2 (continued)]"
[[0.0, 2.0], [0.0, 2.0], [0.0, 2.0], [0.0, 2.0], [0.014, 2.0], [0.176, 2.0], [0.739, 2.0], [0.991, 2.0], [1.001, 2.0], [1.014, 2.0], [1.076, 2.0], [1.297, 2.0], [1.692, 2.0], [1.952, 2.0], [2.0, 2.0], [2.0, 2.0], [2.0, 2.0], [2.0, 2.0], [2.0, 2.0], [2.0, 2.0]]
[[7827.0, 5816.984, 5180.661], [7827.0, 5773.288, 5117.848], [7827.0, 5773.288, 5106.924], [7827.0, 5808.791, 5096.0], [7827.0, 5868.871, 5124.672], [7827.0, 6079.129, 5456.448], [7827.0, 6954.31, 6609.472], [7827.0, 7333.88, 7125.568], [7827.0, 7309.286, 7144.683], [7827.0, 7331.825, 7153.562], [7827.0, 7361.194, 7195.908], [7827.0, 7465.01, 7346.851], [7827.0, 7668.544, 7616.636], [7827.0, 7802.412, 7794.216], [7827.0, 7827.0, 7827.0], [7827.0, 7827.0, 7827.0], [7827.0, 7827.0, 7827.0], [7827.0, 7827.0, 7827.0], [7827.0, 7827.0, 7827.0], [7827.0, 7827.0, 7827.0]]
"Time taken:967898.856993"
