"RATE Vs FER REPORT Rateless Det Iter retro"
"------------------------------------------"
"Compound_plist:"
[0.03, 0.11, 0.17]
"sim ran :1000"
"T:150"
"N=8192"
"Rate vs Block_error="
0.11
[0.01, 0.02, 0.03, 0.04, 0.05, 0.060000000000000005, 0.06999999999999999, 0.08, 0.09, 0.09999999999999999, 0.11, 0.12, 0.13, 0.14, 0.15000000000000002, 0.16, 0.17, 0.18000000000000002, 0.19, 0.2]
[2.0651032714844075, 2.0661037597656584, 2.066770751953158, 2.0691052246094075, 2.0687707519531577, 2.113104003906269, 2.254938720703118, 2.3155212402343666, 2.3157702636718662, 2.319271972656241, 2.3271925048828033, 2.3570404052734264, 2.4223880615234172, 2.477549926757782, 2.527535888671845, 2.595890869140601, 2.6979687499999847, 2.756376098632804, 2.7716534423828043, 2.774266967773431]
[-1.6777807052660807, -1.6197887582883939, -1.6575773191777938, -1.7695510786217261, -1.7212463990471711, -0.8696662315049939, -0.8210230527068306, -1.3872161432802645, -1.4436974992327127, -1.3767507096020994, -1.136677139879544, -0.8356471442155629, -0.8013429130455774, -1.0555173278498313, -1.2924298239020637, -1.1674910872937636, -1.1426675035687315, -1.3665315444204136, -1.4559319556497243, -1.5686362358410126]
"errorarray=[err_Y2X,err_Z2X,err_X2Y,err_Z2Y,err_Y2Z,err_X2Z]"
[[-1.6777807052660807, -1.6777807052660807, -2.3979400086720375, -Infinity, -Infinity, -2.3979400086720375], [-1.6197887582883939, -1.6197887582883939, -2.6989700043360187, -Infinity, -Infinity, -2.6989700043360187], [-1.6575773191777938, -1.6575773191777938, -2.5228787452803374, -Infinity, -Infinity, -2.5228787452803374], [-1.7695510786217261, -1.7695510786217261, -Infinity, -Infinity, -Infinity, -Infinity], [-1.958607314841775, -1.853871964321762, -2.6989700043360187, -2.5228787452803374, -2.3010299956639813, -2.0969100130080562], [-1.6777807052660807, -1.0757207139381184, -2.154901959985743, -1.193820026016113, -1.275724130399211, -1.2676062401770314], [-1.6777807052660807, -1.0969100130080565, -1.9208187539523751, -1.2218487496163564, -1.193820026016113, -1.1487416512809248], [-1.744727494896694, -1.6575773191777938, -1.7212463990471711, -2.3979400086720375, -2.3979400086720375, -1.6382721639824072], [-1.7695510786217261, -1.7695510786217261, -1.6777807052660807, -Infinity, -Infinity, -1.6777807052660807], [-1.6382721639824072, -1.537602002101044, -1.9208187539523751, -2.221848749616356, -2.5228787452803374, -1.8239087409443189], [-1.7212463990471711, -1.3872161432802645, -1.6989700043360187, -1.6575773191777938, -1.853871964321762, -1.4685210829577449], [-1.6777807052660807, -1.0915149811213503, -1.6989700043360187, -1.2218487496163564, -1.1307682802690238, -1.031517051446065], [-1.958607314841775, -1.0457574905606752, -1.7958800173440752, -1.1023729087095586, -1.1023729087095586, -1.0222763947111522], [-1.744727494896694, -1.3098039199714864, -1.6197887582883939, -1.5086383061657274, -1.494850021680094, -1.2596373105057561], [-1.7695510786217261, -1.8239087409443189, -1.6382721639824072, -3.0, -1.7212463990471711, -1.4559319556497243], [-1.8239087409443189, -1.8860566476931633, -1.7212463990471711, -2.5228787452803374, -1.3872161432802645, -1.3279021420642825], [-1.6989700043360187, -2.3010299956639813, -1.6989700043360187, -3.0, -1.3010299956639813, -1.4202164033831899], [-1.6989700043360187, -Infinity, -1.9208187539523751, -Infinity, -1.4559319556497243, -1.7958800173440752], [-1.7212463990471711, -3.0, -1.7695510786217261, -3.0, -1.6777807052660807, -2.6989700043360187], [-1.853871964321762, -Infinity, -1.853871964321762, -Infinity, -1.8239087409443189, -3.0]]
"Iter=[Iter_step_1,Iter_step_2 (continued)]"
[[0.0, 1.061], [0.0, 1.067], [0.0, 1.071], [0.0, 1.085], [0.008, 1.071], [0.186, 1.07], [0.742, 1.087], [0.991, 1.077], [1.0, 1.065], [1.002, 1.085], [1.009, 1.129], [1.021, 1.302], [1.049, 1.671], [1.071, 1.941], [1.062, 1.998], [1.056, 2.0], [1.06, 2.0], [1.081, 2.0], [1.065, 2.0], [1.075, 2.0]]
[[6335.663, 6294.703, 4286.96], [6339.761, 6321.329, 4264.432], [6342.493, 6338.397, 4250.096], [6352.055, 6352.055, 4246.0], [6342.493, 6342.493, 4262.384], [6341.81, 6341.81, 4626.928], [6353.421, 6353.421, 5765.616], [6346.591, 6346.591, 6275.568], [6338.395, 6338.395, 6294.0], [6344.542, 6351.372, 6303.562], [6343.859, 6382.107, 6338.395], [6347.274, 6500.266, 6461.335], [6341.127, 6749.561, 6738.633], [6346.591, 6918.262, 6932.605], [6336.346, 6867.72, 6975.634], [6332.248, 6721.558, 6977.0], [6334.98, 6500.266, 6977.0], [6349.323, 6388.254, 6977.0], [6338.395, 6341.81, 6977.0], [6345.225, 6345.908, 6977.0]]
[2.0849497070312806, 2.088785400390655, 2.087562255859405, 2.085171386718779, 2.0864770507812804, 2.2379375000000095, 2.387892578124994, 2.345769042968742, 2.3407927246093667, 2.3484648437499915, 2.3770987548828058, 2.4550186767578017, 2.52737316894529, 2.530712036132783, 2.552570556640596, 2.628266723632791, 2.7273221435546753, 2.771001464843742, 2.780569091796867, 2.7808192138671814]
"Time taken:340186.063331"
