"RATE Vs FER REPORT Rateless Det Iter retro"
"------------------------------------------"
"Compound_plist:"
[0.03, 0.11, 0.17]
"sim ran :1000"
"T:128"
"N=1024"
"Rate vs Block_error="
0.11
[0.01, 0.02, 0.03, 0.04, 0.05, 0.060000000000000005, 0.06999999999999999, 0.08, 0.09, 0.09999999999999999, 0.11, 0.12, 0.13, 0.14, 0.15000000000000002, 0.16, 0.17, 0.18000000000000002, 0.19, 0.2]
[2.3738398437499786, 2.3718359374999793, 2.372667968749979, 2.373667968749979, 2.37566796874998, 2.3997499999999854, 2.4446757812499955, 2.5265078125000215, 2.584503906250041, 2.6135859375000527, 2.6250937500000573, 2.6288398437500557, 2.639847656250052, 2.6567656250000478, 2.689349609375035, 2.7375996093750206, 2.788343750000001, 2.835169921874985, 2.8554199218749763, 2.8668359374999723]
[-2.3979400086720375, -2.0457574905606752, -2.6989700043360187, -2.0457574905606752, -1.6989700043360187, -1.0222763947111522, -0.8210230527068306, -0.7033348097384688, -0.8794260687941502, -1.193820026016113, -1.537602002101044, -1.853871964321762, -1.537602002101044, -1.2441251443275085, -1.0177287669604316, -0.9136401693252518, -0.8996294548824371, -1.1870866433571443, -1.408935392973501, -1.6382721639824072]
"errorarray=[err_Y2X,err_Z2X,err_X2Y,err_Z2Y,err_Y2Z,err_X2Z]"
[[-2.6989700043360187, -2.6989700043360187, -2.6989700043360187, -Infinity, -Infinity, -2.6989700043360187], [-2.221848749616356, -2.221848749616356, -2.5228787452803374, -Infinity, -Infinity, -2.5228787452803374], [-Infinity, -Infinity, -2.6989700043360187, -Infinity, -Infinity, -2.6989700043360187], [-2.221848749616356, -2.0969100130080562, -3.0, -3.0, -Infinity, -3.0], [-2.6989700043360187, -2.0457574905606752, -2.3979400086720375, -2.221848749616356, -2.3010299956639813, -2.0457574905606752], [-2.3979400086720375, -1.2839966563652008, -Infinity, -1.431798275933005, -1.494850021680094, -1.4436974992327127], [-2.3979400086720375, -1.1079053973095196, -2.6989700043360187, -1.207608310501746, -1.214670164989233, -1.1674910872937636], [-3.0, -1.0409586076789064, -2.3010299956639813, -1.1804560644581312, -1.1307682802690238, -1.0177287669604316], [-2.3979400086720375, -1.2006594505464183, -2.5228787452803374, -1.4202164033831899, -1.408935392973501, -1.1870866433571443], [-2.5228787452803374, -1.537602002101044, -Infinity, -1.8239087409443189, -1.6777807052660807, -1.494850021680094], [-2.221848749616356, -2.0, -2.3010299956639813, -2.6989700043360187, -2.0969100130080562, -1.8860566476931633], [-3.0, -2.3979400086720375, -3.0, -2.6989700043360187, -2.0969100130080562, -2.0457574905606752], [-3.0, -1.7958800173440752, -2.5228787452803374, -1.853871964321762, -2.0457574905606752, -1.9208187539523751], [-2.6989700043360187, -1.6575773191777938, -2.3979400086720375, -1.6575773191777938, -1.5228787452803376, -1.5086383061657274], [-2.221848749616356, -1.3767507096020994, -3.0, -1.3872161432802645, -1.275724130399211, -1.3187587626244128], [-2.3979400086720375, -1.2924298239020637, -2.5228787452803374, -1.3010299956639813, -1.1674910872937636, -1.1804560644581312], [-2.0969100130080562, -1.275724130399211, -2.6989700043360187, -1.275724130399211, -1.1487416512809248, -1.2006594505464183], [-2.3010299956639813, -1.408935392973501, -2.6989700043360187, -1.408935392973501, -1.6197887582883939, -1.7212463990471711], [-2.6989700043360187, -1.6989700043360187, -2.5228787452803374, -1.6989700043360187, -1.7695510786217261, -1.7958800173440752], [-2.6989700043360187, -1.9208187539523751, -2.3979400086720375, -1.9208187539523751, -2.154901959985743, -2.3010299956639813]]
"Iter=[Iter_step_1,Iter_step_2 (continued)]"
[[0.0, 1.001], [0.0, 0.995], [0.0, 0.996], [0.002, 0.997], [0.016, 0.994], [0.102, 0.999], [0.286, 1.001], [0.606, 1.004], [0.838, 1.002], [0.951, 1.004], [0.989, 1.014], [0.997, 1.02], [0.997, 1.066], [0.994, 1.137], [0.998, 1.266], [0.995, 1.46], [0.995, 1.662], [0.996, 1.846], [0.998, 1.926], [0.996, 1.973]]
