"RATE Vs FER REPORT Rateless Det Iter retro"
"------------------------------------------"
"Compound_plist:"
[0.03, 0.11, 0.17]
"sim ran :1000"
"T:128"
"N=1024"
"Rate vs Block_error="
0.2
[0.03, 0.11, 0.17]
[2.5394375000000036, 2.5594804687500097, 2.5732539062500153, 2.589621093750026, 2.604746093750035, 2.6265273437500407, 2.663871093750035, 2.715558593750021, 2.7602851562500095, 2.782175781250004, 2.792175781250001, 2.7877773437499997, 2.794818359375, 2.7937187500000014, 2.813140624999995, 2.829476562499996, 2.8483632812499953, 2.8694023437499934, 2.893675781250001, 2.911248046875004]
[-1.1135092748275182, -1.2006594505464183, -1.2006594505464183, -1.2596373105057561, -1.1804560644581312, -0.9393021596463883, -0.7328282715969863, -0.638272163982407, -0.721246399047171, -0.9172146296835499, -0.9746941347352298, -0.9244530386074693, -0.9172146296835499, -0.8068754016455384, -0.6882461389442457, -0.6420651529995461, -0.6615435063953952, -0.5917600346881504, -0.6439741428068773, -0.7235381958267558]
"errorarray=[err_Y2X,err_Z2X,err_X2Y,err_Z2Y,err_Y2Z,err_X2Z]"
[[-Infinity, -Infinity, -Infinity, -Infinity, -1.1135092748275182, -1.1135092748275182], [-Infinity, -Infinity, -Infinity, -Infinity, -1.2006594505464183, -1.2006594505464183], [-Infinity, -Infinity, -Infinity, -Infinity, -1.2006594505464183, -1.2006594505464183], [-3.0, -Infinity, -Infinity, -Infinity, -1.2596373105057561, -1.2676062401770314], [-2.5228787452803374, -2.6989700043360187, -2.0457574905606752, -2.3010299956639813, -1.2596373105057561, -1.2839966563652008], [-1.3979400086720375, -2.3010299956639813, -1.3565473235138126, -2.0457574905606752, -1.1739251972991736, -1.5528419686577808], [-1.1307682802690238, -1.958607314841775, -1.214670164989233, -1.8239087409443189, -0.9507819773298184, -1.408935392973501], [-1.136677139879544, -1.5528419686577808, -1.0861861476162833, -1.5228787452803376, -0.9208187539523752, -1.3187587626244128], [-1.3010299956639813, -1.494850021680094, -1.2839966563652008, -1.4685210829577449, -0.9625735020593764, -1.2291479883578558], [-2.0, -1.3098039199714864, -2.221848749616356, -1.3098039199714864, -1.1804560644581312, -1.2518119729937995], [-2.3979400086720375, -1.2839966563652008, -2.6989700043360187, -1.2839966563652008, -1.2839966563652008, -1.3098039199714864], [-2.0, -1.3279021420642825, -2.221848749616356, -1.3665315444204136, -1.1739251972991736, -1.214670164989233], [-1.9208187539523751, -1.3279021420642825, -1.7958800173440752, -1.3767507096020994, -1.207608310501746, -1.2365720064370627], [-1.6382721639824072, -1.214670164989233, -1.585026652029182, -1.2839966563652008, -1.1307682802690238, -1.154901959985743], [-1.3010299956639813, -1.1739251972991736, -1.3187587626244128, -1.2676062401770314, -1.0268721464003012, -1.1487416512809248], [-1.2291479883578558, -1.0705810742857071, -1.214670164989233, -1.1870866433571443, -1.0555173278498313, -1.1870866433571443], [-1.2924298239020637, -1.1079053973095196, -1.2006594505464183, -1.275724130399211, -1.0655015487564323, -1.1023729087095586], [-1.0915149811213503, -0.958607314841775, -1.2365720064370627, -1.1611509092627446, -1.013228265733755, -1.1739251972991736], [-1.207608310501746, -0.9829666607012196, -1.3872161432802645, -1.1426675035687315, -1.0457574905606752, -1.2518119729937995], [-1.4436974992327127, -1.031517051446065, -1.494850021680094, -1.1870866433571443, -1.1611509092627446, -1.3565473235138126]]
"Iter=[Iter_step_1,Iter_step_2 (continued)]"
[[0.0, 1.831], [0.0, 1.901], [0.0, 1.941], [0.002, 1.971], [0.019, 1.983], [0.085, 1.97], [0.303, 1.883], [0.601, 1.776], [0.836, 1.714], [0.972, 1.659], [0.997, 1.675], [1.013, 1.652], [1.029, 1.682], [1.087, 1.676], [1.171, 1.755], [1.287, 1.805], [1.399, 1.88], [1.526, 1.921], [1.593, 1.98], [1.637, 1.994]]
"Time taken:76502.9855211"
