"RATE Vs FER REPORT Rateless Det Iter retro"
"------------------------------------------"
"Compound_plist:"
[0.03, 0.11, 0.17]
"sim ran :1000"
"T:9"
"N=512"
"Rate vs Block_error="
0.08
[0.01, 0.02, 0.03, 0.04, 0.05, 0.060000000000000005, 0.06999999999999999, 0.08, 0.09, 0.09999999999999999, 0.11, 0.12, 0.13, 0.14, 0.15000000000000002, 0.16, 0.17, 0.18000000000000002, 0.19, 0.2]
[1.7165507812500298, 1.7410546875000317, 1.7290429687500297, 1.7468203125000303, 1.7448183593750306, 1.7571503906250319, 1.7941464843750303, 1.8636542968750271, 1.9536621093750268, 2.067533203125019, 2.1354394531250103, 2.1971796875000082, 2.199501953125011, 2.195658203125013, 2.177480468750014, 2.1634667968750128, 2.1058105468750123, 2.0560820312500163, 2.0094765625000157, 1.9700781250000132]
[-0.4497716469449059, -0.48280410205002566, -0.48678239993206096, -0.5767541260631921, -0.6020599913279624, -0.596879478824182, -0.48811663902112556, -0.41680122603137726, -0.35066514128785814, -0.36754270781527576, -0.39469495385889053, -0.4522252946121775, -0.4814860601221125, -0.4190750243243807, -0.3565473235138126, -0.32605800136591223, -0.24488773360492885, -0.16941133131485564, -0.1290111862394247, -0.0830199526796178]
