"LLR Lambda CHANNEL REPORT"
"---------------------------"
"N=1024"
"design_p=0.2"
"Capacity for 1024channels:284"
"design for rate:284"
"Z Construct--------------------------------------------------------"
"Good Channels:"
[1023, 511, 767, 895, 959, 991, 1007, 1015, 255, 383, 1019, 639, 447, 703, 831, 479, 735, 863, 927, 495, 751, 879, 943, 503, 759, 975, 1021, 887, 951, 983, 507, 127, 763, 191, 319, 891, 223, 575, 351, 607, 415, 955, 239, 671, 367, 999, 1022, 623, 799, 431, 687, 987, 815, 247, 463, 509, 375, 719, 765, 631, 439, 847, 893, 695, 823, 471, 1003, 911, 957, 727, 251, 379, 63, 855, 635, 95, 443, 159, 487, 510, 699, 989, 111, 287, 743, 766, 919, 175, 543, 827, 1011, 475, 303, 871, 894, 731, 207, 253, 559, 119, 335, 381, 183, 1005, 859, 591, 637, 935, 958, 311, 491, 399, 445, 215, 567, 747, 655, 701, 343, 923, 123, 967, 599, 990, 187, 477, 875, 783, 829, 1013, 231, 254, 407, 31, 315, 733, 499, 359, 382, 663, 219, 47, 571, 939, 755, 615, 638, 861, 1006, 493, 347, 79, 791, 125, 423, 446, 1017, 883, 749, 603, 55, 235, 679, 702, 971, 143, 189, 925, 411, 1014, 455, 87, 478, 877, 947, 363, 271, 317, 667, 807, 830, 501, 221, 711, 734, 619, 527, 573, 151, 757, 941, 795, 59, 427, 243, 979, 1018, 103, 126, 349, 494, 839, 862, 279, 885, 683, 505, 371, 605, 973, 237, 91, 750, 995, 167, 190, 535, 459, 413, 903, 926, 1020, 811, 761, 627, 949, 878, 502, 365, 435, 715, 669, 155, 295, 318, 889, 981, 758, 199, 222, 621, 691, 107, 942, 843, 15, 61, 797, 551, 574, 245, 429, 283, 953, 467, 886, 506, 997, 819, 327, 907, 350, 974, 685, 539, 373, 723, 171, 985, 762, 950, 93, 461, 583, 606, 238, 813, 483, 629, 23, 851, 391, 414, 1001]
"R order:"
[1023, 511, 767, 895, 959, 991, 1007, 1015, 255, 383, 1019, 639, 447, 703, 831, 479, 735, 863, 927, 495, 751, 879, 943, 503, 759, 975, 1021, 887, 951, 983, 507, 127, 763, 191, 319, 891, 223, 575, 351, 607, 415, 955, 239, 671, 367, 999, 1022, 623, 799, 431, 687, 987, 815, 247, 463, 509, 375, 719, 765, 631, 439, 847, 893, 695, 823, 471, 1003, 911, 957, 727, 251, 379, 63, 855, 635, 95, 443, 159, 487, 510, 699, 989, 111, 287, 743, 766, 919, 175, 543, 827, 1011, 475, 303, 871, 894, 731, 207, 253, 559, 119, 335, 381, 183, 1005, 859, 591, 637, 935, 958, 311, 491, 399, 445, 215, 567, 747, 655, 701, 343, 923, 123, 967, 599, 990, 187, 477, 875, 783, 829, 1013, 231, 254, 407, 31, 315, 733, 499, 359, 382, 663, 219, 47, 571, 939, 755, 615, 638, 861, 1006, 493, 347, 79, 791, 125, 423, 446, 1017, 883, 749, 603, 55, 235, 679, 702, 971, 143, 189, 925, 411, 1014, 455, 87, 478, 877, 947, 363, 271, 317, 667, 807, 830, 501, 221, 711, 734, 619, 527, 573, 151, 757, 941, 795, 59, 427, 243, 979, 1018, 103, 126, 349, 494, 839, 862, 279, 885, 683, 505, 371, 605, 973, 237, 91, 750, 995, 167, 190, 535, 459, 413, 903, 926, 1020, 811, 761, 627, 949, 878, 502, 365, 435, 715, 669, 155, 295, 318, 889, 981, 758, 199, 222, 621, 691, 107, 942, 843, 15, 61, 797, 551, 574, 245, 429, 283, 953, 467, 886, 506, 997, 819, 327, 907, 350, 974, 685, 539, 373, 723, 171, 985, 762, 950, 93, 461, 583, 606, 238, 813, 483, 629, 23, 851, 391, 414, 1001, 890, 508, 299, 982, 717, 249, 115, 437, 739, 366, 915, 647, 670, 203, 764, 954, 1009, 157, 555, 845, 998, 693, 867, 377, 622, 775, 798, 892, 469, 986, 246, 909, 821, 109, 179, 430, 331, 931, 285, 39, 62, 633, 725, 956, 1002, 441, 686, 587, 963, 541, 374, 485, 307, 853, 988, 1010, 395, 462, 697, 814, 173, 27, 630, 741, 563, 211, 917, 1004, 651, 473, 718, 825, 250, 438, 71, 869, 94, 1012, 729, 779, 846, 301, 117, 694, 339, 933, 1016, 489, 378, 857, 910, 557, 470, 205, 822, 595, 965, 227, 745, 634, 921, 726, 403, 135, 158, 252, 442, 497, 873, 43, 333, 486, 181, 854, 659, 355, 698, 753, 937, 589, 110, 742, 918, 263, 286, 787, 380, 474, 611, 826, 881, 969, 397, 309, 870, 519, 542, 636, 419, 730, 945, 121, 653, 565, 934, 213, 444, 675, 490, 858, 977, 781, 966, 174, 75, 700, 451, 803, 746, 922, 29, 993, 341, 476, 828, 707, 498, 874, 185, 302, 597, 732, 835, 754, 938, 118, 229, 51, 558, 405, 492, 860, 899, 882, 970, 139, 206, 313, 661, 748, 924, 946, 357, 569, 789, 500, 876, 978, 217, 267, 334, 613, 182, 75