"RATE Vs FER REPORT Rateless LTPT"
"--------------------------------"
"N=1024"
"p_design=0.04"
"p_channel=0.2"
"capacity*N:775.89279838"
"sim ran :10000"
"LTPTdict:"
{"0.15": [30, 50.5], "0.25": [0, 0], "0.2": [30, 44], "0.04": [30, 71]}
"Rate vs Block_error="

[0.07, 0.09, 0.1, 0.11, 0.12, 0.13, 0.14, 0.15, 0.17, 0.18, 0.19, 0.2, 0.22, 0.23, 0.25, 0.26, 0.29, 0.3, 0.34, 0.38, 0.6, 0.68, 0.75]
[-2.8788499364173865, -0.2808266095756942, -1.404507914292653, -1.5493745708346256, -0.5301985928482101, -0.19218205289336382, -0.7233869833296338, -0.11085390415491142, -0.003246609866353264, -0.018908007254002636, -0.027598566185034545, -0.00677956903573416, -0.09909273770246406, -0.0001498859313939593, 0.0, 0.0, 0.0, 0.0, 0.0, 0.0, 0.0, 0.0, 0.0]
