"MONTE _CARLO CHANNEL REPORT"
"---------------------------"
"N=128"
"p=0.1"
"Capacity for 128channels:67"
"No of good channels needed :5(valid if used)"
"tolerable error exponent:-5"
"Z Construct--------------------------------------------------------"
"Good Channels:"
[127, 63, 95, 111, 119, 123, 125, 31, 47, 79, 55, 87]
"Corresponding Error Exponents:"
[-28.396639950893608, -13.897289979782824, -13.596260018682868, -12.994445048567648, -11.819381138102866, -9.847368074362565, -7.323316837920472, -6.497100048241479, -6.1961925977284, -5.89540757144574, -5.608660840727413, -5.308112591581683]
"Number of good channels:"
12
"R=0.09375"
"Frozen channels:"
116
"Monte Carlo--------------------------------------------------------"
"sim ran :200000"
"Good Channels:"
[]
"Corresponding Error Exponents:"
[]
[-1.002045995930597, -0.7473411104993806, -0.7470741883342001, -0.7466983489701524, -0.7451137061110329, -0.7450291930553383, -0.7449446964425582, -0.743859773365467, -0.5318078024638995, -0.5316822144350872, -0.531637897917907, -0.5316231267503834, -0.5312097379003891, -0.5310843226741873, -0.5308704626055916, -0.5304872528973819, -0.5304798867927165, -0.5297291996518328, -0.5295601061953181, -0.5293690363150938, -0.5293249552010637, -0.5292735328890199, -0.5292661873414473, -0.529156019034141, -0.5291119595350767, -0.5290972740286369, -0.5290679045054282, -0.5282830060228412, -0.5277483274070607, -0.3833564723826005, -0.3825697733100737, -0.38250165978073836, -0.38218219273392307, -0.38217695752653225, -0.38208273458333963, -0.3817112766341051, -0.38154396277707314, -0.38147600993055825, -0.3814341980783661, -0.3813035619795176, -0.3811938580158387, -0.3810163008071329, -0.3809432101096478, -0.3808283781465507, -0.3808231592332243, -0.3807501010310328, -0.3806614040192171, -0.38056750927643934, -0.3805257847948448, -0.3803485004559114, -0.38022340212734596, -0.3802181904789068, -0.3801504447398283, -0.3798639450262425, -0.37981187446903086, -0.37980146110671836, -0.37977022251782494, -0.37962967666747194, -0.3795412081644387, -0.3794995821627388, -0.37919791290965565, -0.3786107791237306, -0.3785848180818067, -0.37854328364238204, -0.315473297673814, -0.3150559462788298, -0.3149258864349763, -0.3147689695111881, -0.3146838097753634, -0.3145762634458346, -0.31446874374190215, -0.3144105150147202, -0.31420901430034437, -0.3140120817358439, -0.3139449660398592, -0.31390022800408407, -0.3137973480080959, -0.3137794583224169, -0.3137079069480033, -0.31367660692818755, -0.31364530916403166, -0.3136229549990422, -0.31358719072817987, -0.3134218192752442, -0.31310466111138785, -0.31307786962361533, -0.3130466149766404, -0.31301536257879065, -0.3128859123121366, -0.31272080762709564, -0.3127163462093277, -0.3126985009965543, -0.3126405091186107, -0.3125780649859081, -0.312497792862927, -0.312497792862927, -0.31227043572105173, -0.31140667285723533, -0.3112999349065933, -0.3026878178004581, -0.302456822842497, -0.30243503720615095, -0.30222159578308716, -0.3021301529897902, -0.30197343869601817, -0.3019125095171764, -0.30186899390804367, -0.30180372866861643, -0.30175152353790047, -0.3017080240555072, -0.30167757701001713, -0.30160364307073056, -0.301407996317374, -0.30138191674160836, -0.30137322389769483, -0.3012776140966255, -0.3010690839263507, -0.30097788345282295, -0.30096051410525315, -0.3008172434878759, -0.3008042212296583, -0.3006262894900984, -0.3002056190583757, -0.30014493737372905, -0.30004093135058413, -0.29985031830808534, -0.2997940168249893, -0.29936549864633016]
"Number of good channels:"
0
"R=0.0"
"Frozen channels:"
128
