"MONTE _CARLO CHANNEL REPORT"
"---------------------------"
"N=128"
"p=0.05"
"Capacity for 128channels:91"
"No of good channels needed :5(valid if used)"
"tolerable error exponent:-5"
"Z Construct--------------------------------------------------------"
"Good Channels:"
[127, 63, 95, 111, 119, 123, 125, 31, 126, 47, 79, 55, 87, 103, 59, 91, 107, 61, 115, 93, 109, 117, 62]
"Corresponding Error Exponents:"
[-46.159769539018946, -22.77885477384549, -22.477824778182764, -21.875766262027717, -20.673909449752006, -18.389974847360694, -14.834170373695569, -10.937882393428653, -10.646776162025121, -10.636853135352384, -10.335824614859439, -10.035924729222018, -9.734897680056454, -9.135098649225677, -8.893957428154968, -8.592938404542966, -7.995238772629567, -7.116055199495107, -6.912143714154396, -6.81511016499975, -6.2251569552942145, -5.220621564904859, -5.022359116605202]
"Number of good channels:"
23
"R=0.1796875"
"Frozen channels:"
105
"Monte Carlo--------------------------------------------------------"
"sim ran :200000"
"Good Channels:"
[]
"Corresponding Error Exponents:"
[]
[-1.303774705843878, -1.030723904511068, -1.026156612293608, -1.0249820023671172, -1.023971159908874, -1.0227109064851698, -1.0226193941881652, -1.0212946282534794, -0.7693850565867182, -0.7689256342128081, -0.7683775158934205, -0.7678937073853424, -0.7678555349215904, -0.767118192669936, -0.7668642267073738, -0.7664835560099138, -0.7662046094102891, -0.7660018516315062, -0.765963845084153, -0.7659131748610291, -0.7659005082289163, -0.765305592857782, -0.7651791201925988, -0.7650021203139692, -0.7644210566698718, -0.7636643140460937, -0.7622929294881762, -0.7621924477844215, -0.7609884772116553, -0.5481752009332703, -0.5477840862499455, -0.5475311996063748, -0.5472784601312395, -0.5471253562440501, -0.5466969522814169, -0.5466740139906572, -0.5466434314874736, -0.5466204960232924, -0.546559340706441, -0.5464676238748931, -0.5464446976931387, -0.5463912079751476, -0.546375926408549, -0.5463453648883998, -0.5461467674118137, -0.5461238581612047, -0.5460551376593316, -0.5459024643532865, -0.5459024643532865, -0.5456735549807135, -0.545475264406903, -0.5451703786617103, -0.5450941906570408, -0.5450027826905399, -0.5448733209960008, -0.5448580927452926, -0.544743897882048, -0.544713450989025, -0.5445916847577144, -0.5442494001571297, -0.5439605697654358, -0.5436719313346293, -0.5431179793767515, -0.5424132816880545, -0.3921537518518402, -0.39172006503081214, -0.3913295821625611, -0.39131354242963656, -0.390896717167989, -0.39089137585088307, -0.39087001123935494, -0.39046961925098556, -0.39045361124693273, -0.39036291036769893, -0.39025622769701507, -0.39006959605867364, -0.3900002961577693, -0.38995232578030353, -0.3899363368318782, -0.3898830445880722, -0.38986172952147147, -0.38983508715926823, -0.389824430672005, -0.3897285340515528, -0.3896539624279163, -0.3895740784662626, -0.38946758936931547, -0.3892812962565101, -0.38918551947746155, -0.389084444675825, -0.38907912560098695, -0.3890259384353311, -0.38897275778260215, -0.38874415515251637, -0.38872821062136964, -0.388643183006957, -0.3881174444878842, -0.38803784262752944, -0.3862110152165081, -0.3181078089948178, -0.3181032918931436, -0.3180536068753211, -0.31700702668002056, -0.31681782890254734, -0.31666022702553215, -0.31631370408200477, -0.31629121214916545, -0.3162147482894016, -0.3161023258873865, -0.316039382051645, -0.3156574187596, -0.315473297673814, -0.31538799972953446, -0.3153700444021147, -0.31535657839369313, -0.31532515933103045, -0.3150873458705881, -0.3150559462788298, -0.31490795020246043, -0.31431646971348115, -0.30361739709916574, -0.3029625566308572, -0.3028273459626665, -0.30214321506723535, -0.30160799177758624, -0.3014471186176765, -0.30095617187690177, -0.3005698873275234]
"Number of good channels:"
0
"R=0.0"
"Frozen channels:"
128
