"MONTE _CARLO CHANNEL REPORT"
"---------------------------"
"N=128"
"p=0.2"
"Capacity for 128channels:35"
"No of good channels needed :5(valid if used)"
"tolerable error exponent:-5"
"Z Construct--------------------------------------------------------"
"Good Channels:"
[127, 63, 95, 111]
"Corresponding Error Exponents:"
[-12.404481665031215, -5.90121097315718, -5.600524992896328, -5.022743128878561]
"Number of good channels:"
4
"R=0.03125"
"Frozen channels:"
124
"Monte Carlo--------------------------------------------------------"
"sim ran :200000"
"Good Channels:"
[]
"Corresponding Error Exponents:"
[]
[-0.6949497310827772, -0.49276499257274453, -0.49198905082282013, -0.49186772445199345, -0.49182728985927265, -0.4917599072361152, -0.4906428802181453, -0.49017270457549444, -0.36152571897535957, -0.36136600234017247, -0.36133606200911667, -0.36097693894312666, -0.3608174239634182, -0.3603342518448253, -0.36031931694359776, -0.3599660074440792, -0.3599510852007798, -0.3599510852007798, -0.3598217805651283, -0.3597322845182592, -0.35964280691024336, -0.359637836472513, -0.359344681288855, -0.3591956951872555, -0.35905668759003667, -0.3582632108742211, -0.3581145952495435, -0.3578175164820828, -0.35734261274004553, -0.3091662413615897, -0.3089140853488172, -0.30871511817673036, -0.3087106977191883, -0.30869301633894164, -0.30853391630206967, -0.3084985686521613, -0.3084985686521613, -0.30838370865505726, -0.30822913738310304, -0.3081893993750626, -0.3081408356358734, -0.30811434861229897, -0.3080702071624858, -0.308004003398837, -0.30798635076617276, -0.3079686988510005, -0.3078539788872184, -0.30767313587735845, -0.3076466773619274, -0.3076202204583299, -0.30759817426978525, -0.30748796011097285, -0.30736014671756723, -0.3073425202356247, -0.30731167561354383, -0.3070429794465045, -0.3069813349218385, -0.3068580721160959, -0.3067832510489555, -0.30668644291641145, -0.30637416378814536, -0.3063258025975917, -0.3059698541110379, -0.3052676021201635, -0.30404576010003176, -0.3033597086962911, -0.3033073162021052, -0.302565767419828, -0.3023827561372713, -0.30230870206158994, -0.3023043463327066, -0.3022695020742287, -0.3022651467384794, -0.30225208099329115, -0.3022303056247902, -0.30198214356226494, -0.3018820481329692, -0.3018254826586682, -0.30178632626110075, -0.3017645742322716, -0.30175152353790047, -0.30169062548242614, -0.3015992944074193, -0.3015905972114261, -0.3015732033419334, -0.30148624444252825, -0.3014123430655978, -0.3013688775409858, -0.3012689233401636, -0.3012341620533365, -0.3011907143570775, -0.30118202533939276, -0.30116464782553476, -0.3011255509614681, -0.3010603973417856, -0.30104302469387473, -0.301008281482736, -0.30093880339763435, -0.30090406852278234, -0.300830266136576, -0.3008259252102876, -0.3007738374788943, -0.3007434558536644, -0.30070873659857233, -0.30065666291962456, -0.30065232372820616, -0.30050915472779555, -0.30050915472779555, -0.30046144221394305, -0.3004440935084429, -0.3004224086010908, -0.30039638814142616, -0.3003270078697922, -0.3001666084306491, -0.30010159850374096, -0.30010159850374096, -0.3000582639581694, -0.3000365983067702, -0.300019266563818, -0.2999629431756062, -0.29967277687671195, -0.2996641181753958, -0.2996511304470978, -0.2994953079953731, -0.29937847783539007, -0.2991751817578021, -0.2988423277542936, -0.2986436015634202]
"Number of good channels:"
0
"R=0.0"
"Frozen channels:"
128
