"P Vs FER REPORT derate"
"---------------------------"
"N=512"
"sim ran :1000"
"Z max :-0.3010299956639812"
"Rate vs Block_error="
[0.01, 0.02, 0.03, 0.04, 0.05, 0.060000000000000005, 0.06999999999999999, 0.08, 0.09, 0.09999999999999999, 0.11, 0.12, 0.13, 0.14, 0.15000000000000002, 0.16, 0.17, 0.18000000000000002, 0.19, 0.2]
[412, 369, 338, 312, 289, 268, 252, 233, 221, 205, 190, 180, 167, 156, 146, 134, 126, 117, 109, 100]
[-0.645891560852599, -0.7189666327522725, -0.7304870557820837, -0.7189666327522725, -0.7594507517174003, -0.6595558851598816, -0.5670307091255943, -0.5512936800949201, -0.44249279809434205, -0.44369749923271273, -0.5257837359237448, -0.3990271043132517, -0.4156687756324692, -0.41680122603137726, -0.30627305107635305, -0.2924298239020636, -0.2388241868442686, -0.16052195262580163, -0.1870866433571444, -0.28903688100472424]
"Time taken:945.678909063"
