"MONTE _CARLO CHANNEL REPORT"
"---------------------------"
"N=1024"
"p=0.2"
"Capacity for 1024channels:284"
"No of good channels needed :5(valid if used)"
"tolerable error exponent:-5"
"Z Construct--------------------------------------------------------"
"Good Channels:"
[1023, 511, 767, 895, 959, 991, 1007, 1015, 255, 383, 1019, 639, 447, 703, 831, 479, 735, 863, 927, 495, 751, 879, 943, 503, 759, 975, 1021, 887, 951, 983, 507, 127, 763, 191, 319, 891, 223, 575, 351, 607, 415, 955, 239, 671, 367, 999, 1022, 623, 799, 431, 687, 987, 815, 247, 463, 509, 375, 719, 765, 631, 439, 847, 893, 695, 823, 471, 1003, 911, 957, 727, 251, 379]
"Corresponding Error Exponents:"
[-99.23585332024972, -49.31689666446088, -49.015866668796896, -48.413806677469275, -47.20968778525744, -44.80419994317062, -40.18194503102849, -32.78724008132466, -24.206903338734467, -23.905873343070656, -23.82511167731039, -23.60484334740702, -23.303813896964737, -23.00278390130144, -22.400725000417054, -22.10106997592133, -21.800039980260085, -21.197982168091734, -19.996612674288613, -19.789942519850264, -19.488912524225395, -18.886860775609847, -17.688088141406855, -16.09259004499835, -15.791560052094782, -15.47005505331018, -15.431966117349198, -15.189569307715443, -14.000925874333237, -11.913450558282921, -11.61152584299148, -11.501391678039871, -11.310496327620514, -11.200361954987425, -10.899332504545914, -10.70934952639024, -10.598989994468795, -10.598303599324481, -10.297961088387353, -9.996933271878886, -9.697276341502125, -9.56111213527992, -9.443426266487828, -9.39625069724864, -9.142400392219164, -9.079855180548577, -9.077128683740973, -8.841378639208932, -8.796937931195508, -8.54301407535041, -8.242000514249684, -7.751718724161312, -7.64527554516542, -7.594750033143825, -7.433997534988041, -7.414953067186722, -7.293754663714129, -7.133026458385236, -7.113983296649893, -6.992793910858478, -6.699432963194228, -6.541054251622715, -6.522121963633056, -6.3985402194821095, -5.811853818442258, -5.655695523376877, -5.593916313424925, -5.519520520013269, -5.501565511157318, -5.355121887718404, -5.354218648439425, -5.053645727108585]
"Number of good channels:"
72
"R=0.0703125"
"Frozen channels:"
952
"Monte Carlo--------------------------------------------------------"
"sim ran :500000"
"Good Channels:"
[]
"Corresponding Error Exponents:"
[]
[-0.6726451531103818, -0.4771594743157568, -0.47668023552588135, -0.47595197228189456, -0.4757908790036022, -0.47532612213403946, -0.47517044893843163, -0.4750848524601332, -0.4750744782757239, -0.4750200178728808, -0.47491111755087007, -0.35271876843657196, -0.35249771310879885, -0.35241166889440045, -0.3523119571543451, -0.3521516842977348, -0.352124326549535, -0.35211064832166855, -0.35189576129708167, -0.351833268667431, -0.35177078502883824, -0.3517336896214355, -0.35171026257550275, -0.35166731627317827, -0.3516653642694301, -0.35166146028825446, -0.35160290478149125, -0.35159900136173655, -0.35157753318018553, -0.35154435716864635, -0.35154240571747747, -0.35145264844126406, -0.3514428933332574, -0.35136681101003225, -0.351343403745657, -0.35132584912525444, -0.3512439369442339, -0.351238086665296, -0.35123028641596654, -0.3512205363013138, -0.3511795882099335, -0.35112694633632324, -0.35089111109631654, -0.3508618842427532, -0.35076252765039273, -0.35072357048478503, -0.3507157794709911, -0.350633982263458, -0.3506222982056352, -0.3505171558282324, -0.35046264757815726, -0.35045680781425304, -0.3503750593636158, -0.3499334945872436, -0.34965750153964953, -0.3496186433668754, -0.30793251466771016, -0.3078901565274495, -0.30774369980007654, -0.30747032844087707, -0.3074333042634996, -0.30737160431447336, -0.30731343810436457, -0.3072535174287535, -0.3071548425700837, -0.3071513188826037, -0.3071442715934119, -0.30713722441857444, -0.30708613582057176, -0.30705442867881894, -0.307036814600276, -0.30701743993896385, -0.3069822154963013, -0.3069646043462716, -0.3069628432705464, -0.3069610822019624, -0.3069135360493482, -0.30690825346480316, -0.3068800807657113, -0.306853670520009, -0.3068413462882876, -0.3068307829394488, -0.3068149383979234, -0.3068008548462828, -0.30677973037511524, -0.3067691685248364, -0.3067304439379082, -0.30672692369212895, -0.30668820287168014, -0.30668820287168014, -0.30665652476800703, -0.30665652476800703, -0.3066318878403147, -0.3066283683933043, -0.30662660868049446, -0.3065790991296286, -0.3065579854418415, -0.3065562260141918, -0.3065509477740095, -0.3065421508495911, -0.30654039148608975, -0.3065368727804688, -0.3065368727804688, -0.30653511343834927, -0.3065122426393415, -0.30650344649887856, -0.306462986547238, -0.30645946846870276, -0.30645243239712744, -0.3064225303645958, -0.3064225303645958, -0.3064172537490366, -0.3064102183613497, -0.3064102183613497, -0.30640318308763126, -0.3063908716328495, -0.3063609738384518, -0.306355697970738, -0.30634866358015, -0.306322285630159, -0.30631876869120694, -0.306315251780735, -0.3062923925568384, -0.30628711752218835, -0.30627832594015075, -0.3062431613916043, -0.3062396450933434, -0.30622382210347576, -0.30621503180264414, -0.30620975770754516, -0.30619920970949, -0.3061956937670678, -0.3061869040355412, -0.30617635659252695, -0.3061675672523548, -0.3061675672523548, -0.3061412002990706, -0.3061201078889546, -0.3060585942099563, -0.30604629251962684, -0.3060304765726283, -0.30601817567871314, -0.3060076323326551, -0.3060041179408484, -0.3059953320857508, -0.3059847892942442, -0.3059285653948984, -0.3059197810680938, -0.3058723487733739, -0.30583897359703444, -0.3058266781259493, -0.3057897938011658, -0.3057845248676208, -0.30576520599150603, -0.30575642496826183, -0.3057423757003522, -0.30572481475456564, -0.30571779057507054, -0.3056914509137341, -0.30566862449935683, -0.30559313029030644, -0.3055773308374652, -0.3055738199259998, -0.3055281806595974, -0.30548781145998394, -0.30548430127213105, -0.3054351616209256, -0.30539129163025197, -0.30531058242421205, -0.3052947932468151, -0.305259708240967, -0.305259708240967, -0.3050983537109164, -0.3050054266790217, -0.3049826362925056, -0.30471450080306334, -0.3028125189668466, -0.3028107746476763, -0.3028072860303534, -0.30280030887977705, -0.30262242940238276, -0.3026137116931056, -0.30260499415881775, -0.30258058599369564, -0.3025561792002811, -0.30253874661614927, -0.3025143421738748, -0.3024881960788594, -0.30248122405269334, -0.30245333706724203, -0.3024481084568175, -0.3024219663488868, -0.30238711265263574, -0.30234006459921253, -0.30233657976096384, -0.3022877949613503, -0.3022773417886467, -0.3022651467384794, -0.30225643619801157, -0.3022494678914228, -0.30223901564117395, -0.3022198538357076, -0.302202434746182, -0.30219198362781413, -0.30219198362781413, -0.30217979097424685, -0.3021675986629741, -0.30215366501205965, -0.30214844000821683, -0.3021327653738504, -0.30213102378273093, -0.30212579905127634, -0.30211534977693016, -0.302104900753991, -0.302104900753991, -0.3020927105449631, -0.30208574486485573, -0.30207703792182916, -0.30206833115336, -0.3020648484948469, -0.30205614197074643, -0.3020300234456609, -0.30202479992913106, -0.3020160942078597, -0.30201087085886136, -0.30200390649125236, -0.30200390649125236, -0.3020021654168001, -0.3020004243493278, -0.3019952011887895, -0.3019952011887895, -0.3019917191166624, -0.30198475505616246, -0.30194993642863066, -0.301948195570529, -0.3019429730380928, -0.3019307873733019, -0.3019290465919569, -0.3019290465919569, -0.3019273058175895, -0.3019255650501995, -0.3019255650501995, -0.3019029357090556, -0.30189249179543776, -0.3018907511675858, -0.3018890105467101, -0.3018872699328106, -0.3018872699328106, -0.3018803075469742, -0.3018785669679552, -0.3018750858308448, -0.3018663831101447, -0.30185071865233787, -0.3018489781919019, -0.30184201641990704, -0.3018385355757583, -0.30183157397115595, -0.3018211317734837, -0.3018193914316145, -0.30181765109671943, -0.30181591076879827, -0.301814170447851, -0.30181068982687803, -0.30181068982687803, -0.30181068982687803, -0.30180894952685217, -0.30180894952685217, -0.30180024813132694, -0.3017985078731424, -0.3017967676219311, -0.30179502737769315, -0.30179502737769315, -0.3017915469101369, -0.3017915469101369, -0.30178806647047307, -0.301774144990734, -0.3017724048371438, -0.30177066469052605, -0.3017689245508807, -0.3017654442925073, -0.3017654442925073, -0.301763704173779, -0.3017602239572391, -0.30175500368472, -0.30175152353790047, -0.30174804341896827, -0.301744563327923, -0.301739343243642, -0.30173760322949134, -0.30173064324260196, -0.30173064324260196, -0.3017289032633077, -0.30172368336725136, -0.3017202034714019, -0.30171672360343577, -0.30171672360343577, -0.30171498367990884, -0.3017045442851292, -0.30170280441039576, -0.30169932468183963, -0.30169758482801684, -0.30169584498116414, -0.30169236530836885, -0.30169062548242614, -0.30168540604641714, -0.30167844689598095, -0.3016732276063336, -0.3016732276063336, -0.3016662686510408, -0.3016575701137292, -0.3016575701137292, -0.30165061140931904, -0.3016471320989258, -0.3016436528164065, -0.3016401735617607, -0.30163669433498796, -0.3016349547320539, -0.3016332151360879, -0.3016332151360879, -0.3016245172607774, -0.3016245172607774, -0.30162277770661877, -0.301617559085949, -0.30160886152418276, -0.3016053825482475, -0.30160364307073056, -0.30160364307073056, -0.301600164136598, -0.3015932063519362, -0.3015810304969961, -0.3015775517439971, -0.301574073018863, -0.3015705943215936, -0.3015671156521883, -0.30156537632793456, -0.3015584191005777, -0.3015566798111527, -0.3015566798111527, -0.3015549405286933, -0.3015532012531994, -0.3015532012531994, -0.30155146198467103, -0.30154624422087817, -0.30154276574650923, -0.30154102651977255, -0.3015375480871943, -0.30153580888135273, -0.30153406968247604, -0.3015271129566172, -0.3015236346354759, -0.30152015634219265, -0.3015149389545007, -0.3015149389545007, -0.30151319983919866, -0.30150798253507743, -0.30150624344763177, -0.3015045043671501, -0.30149928716748836, -0.301497548114862, -0.3014923309987649, -0.3014923309987649, -0.3014923309987649, -0.30149059197399297, -0.3014871139453395, -0.30148537494145783, -0.30148189695458427, -0.30148189695458427, -0.30148015797159233, -0.30147668002649775, -0.3014732021092552, -0.30147146316107837, -0.30146798528561314, -0.3014662463583247, -0.3014610296182352, -0.30145929071879707, -0.3014575518263215, -0.3014575518263215, -0.30145407406225744, -0.3014488574683785, -0.3014488574683785, -0.30144190210734273, -0.30144190210734273, -0.3014401632844887, -0.3014366856596662, -0.3014332080626905, -0.3014314692746452, -0.3014314692746452, -0.3014297304935614, -0.30142103669256415, -0.30142103669256415, -0.30142103669256415, -0.3014175592208943, -0.3014158204955011, -0.3014158204955011, -0.3014158204955011, -0.3014140817770689, -0.3014140817770689, -0.3014123430655978, -0.3014106043610876, -0.3014106043610876, -0.30140364961265537, -0.30140191094294916, -0.30140191094294916, -0.30140017228020355, -0.3013949563337299, -0.301391479070883, -0.301391479070883, -0.3013862632288145, -0.301384524628712, -0.301384524628712, -0.30138278603556956, -0.30138278603556956, -0.30138104744938715, -0.30138104744938715, -0.3013793088701647, -0.3013793088701647, -0.30137757029790213, -0.30137757029790213, -0.30137757029790213, -0.30137583173259935, -0.30137061607844967, -0.30137061607844967, -0.3013636619703512, -0.3013636619703512, -0.30136018495805855, -0.3013567079736031, -0.3013567079736031, -0.30135323101698425, -0.30135323101698425, -0.3013514925491135, -0.3013514925491135, -0.301346277187255, -0.3013428003141436, -0.3013358466514252, -0.301334108253142, -0.3013323698618172, -0.3013323698618172, -0.3013288931000428, -0.30132541636610155, -0.3013236780095682, -0.3013236780095682, -0.3013236780095682, -0.3013236780095682, -0.3013236780095682, -0.301321939659993, -0.3013202013173758, -0.30131846298171666, -0.30131498633127207, -0.30131498633127207, -0.3013132480164866, -0.3013132480164866, -0.3013097714077889, -0.3013080331138766, -0.3013062948269219, -0.3013062948269219, -0.3013045565469248, -0.30130281827388516, -0.3012993417486782, -0.30129760349651075, -0.30129760349651075, -0.30129238878175185, -0.30129065055741316, -0.30129065055741316, -0.3012889123400316, -0.3012889123400316, -0.3012889123400316, -0.301287174129607, -0.301287174129607, -0.301287174129607, -0.3012854359261393, -0.3012854359261393, -0.30128369772962854, -0.3012732686966555, -0.3012680542740825, -0.30126631614713756, -0.30126631614713756, -0.30126283991411645, -0.30126283991411645, -0.30126283991411645, -0.3012611018080402, -0.3012611018080402, -0.30125936370892004, -0.30125936370892004, -0.30125588753154786, -0.30125588753154786, -0.30125588753154786, -0.30125588753154786, -0.3012541494532957, -0.30125241138199943, -0.30124719720984544, -0.30124198310029243, -0.3012402450776858, -0.3012350310515985, -0.3012350310515985, -0.3012332930568133, -0.3012280791141889, -0.3012280791141889, -0.301217651416725, -0.3012141755732088, -0.30121243766188255, -0.30120896186009377, -0.30120896186009377, -0.30120548608612274, -0.30120374820956874, -0.30119853462163226, -0.30119505893111187, -0.3011915832684074, -0.3011915832684074, -0.30118636982650476, -0.30117941866798636, -0.30117941866798636, -0.30117941866798636, -0.30117768089574065, -0.30117768089574065, -0.3011759431304484, -0.3011742053721095, -0.3011742053721095, -0.3011689921388125, -0.3011689921388125, -0.3011689921388125, -0.301163778968094, -0.3011620412584272, -0.30115856585995243, -0.30115856585995243, -0.30115509048928896, -0.3011516151464363, -0.301149877485439, -0.30114813983139416, -0.30114813983139416, -0.30114813983139416, -0.30114292691097444, -0.30114292691097444, -0.30114118928473926, -0.3011394516654563, -0.30113076367332386, -0.30113076367332386, -0.30113076367332386, -0.30113076367332386, -0.3011290260957534, -0.3011272885251348, -0.3011272885251348, -0.3011272885251348, -0.3011255509614681, -0.3011238134047531, -0.3011238134047531, -0.30111860077631825, -0.3011151257254528, -0.3011151257254528, -0.30111338821044725, -0.30111165070239315, -0.30110643821993843, -0.30110470073968926, -0.30110470073968926, -0.30110470073968926, -0.301097750888203, -0.3010925385725728, -0.3010890637302396, -0.30108558891570886, -0.30108385151886924, -0.30108385151886924, -0.30107863937005275, -0.30107863937005275, -0.30107863937005275, -0.30107863937005275, -0.30107690200101456, -0.30107516463892653, -0.30106995259436325, -0.30106821526007554, -0.30106821526007554, -0.3010664779327378, -0.3010647406123499, -0.30106126599242355, -0.30106126599242355, -0.3010560541146567, -0.3010560541146567, -0.3010491050415943, -0.3010491050415943, -0.3010473677907022, -0.3010473677907022, -0.3010456305467593, -0.3010421560797211, -0.3010421560797211, -0.3010404188566257, -0.3010386816404793, -0.3010369444312819, -0.3010369444312819, -0.3010352072290335, -0.30103347003373393, -0.30103347003373393, -0.3010265213220233, -0.3010213098612009, -0.3010160984629143, -0.30101436134404874, -0.3010108871271622, -0.3010108871271622, -0.3010056758539429, -0.3010039387767658, -0.30099872758692137, -0.30099872758692137, -0.30099872758692137, -0.30099872758692137, -0.3009969905375355, -0.3009969905375355, -0.30099525349509715, -0.3009935164596065, -0.30099177943106326, -0.30099004240946764, -0.3009883053948193, -0.30098483138636495, -0.3009830943925587, -0.30097788345282295, -0.30097788345282295, -0.30097440952773447, -0.30097267257561056, -0.30097267257561056, -0.30097093563043364, -0.30096919869220345, -0.30096746176092015, -0.30096746176092015, -0.30096746176092015, -0.30096051410525315, -0.3009553034364412, -0.3009553034364412, -0.3009553034364412, -0.30095356656073, -0.30095182969196504, -0.30095182969196504, -0.30095182969196504, -0.30095182969196504, -0.30095182969196504, -0.3009500928301463, -0.3009500928301463, -0.30094835597527364, -0.3009448822863667, -0.30094140862524366, -0.300939671805101, -0.300939671805101, -0.300939671805101, -0.30093793499190413, -0.3009344613863477, -0.3009344613863477, -0.3009344613863477, -0.30093098780857397, -0.30093098780857397, -0.3009101469253411, -0.3009101469253411, -0.30090667354203327, -0.30090320018650435, -0.30089972685875416, -0.30089972685875416, -0.30089799020529584, -0.3008962535587821, -0.3008945169192127, -0.3008945169192127, -0.3008945169192127, -0.3008927802865878, -0.3008910436609071, -0.3008893070421707, -0.3008875704303785, -0.3008858338255305, -0.3008858338255305, -0.30088409722762666, -0.30088409722762666, -0.30088236063666673, -0.30087888747557895, -0.3008771509054509, -0.3008771509054509, -0.30087541434226656, -0.30087541434226656, -0.30087541434226656, -0.30087194123672933, -0.30087194123672933, -0.3008702046943763, -0.30086846815896673, -0.30086673163050076, -0.30086673163050076, -0.3008580490923221, -0.30085457612565353, -0.30085283965273396, -0.30085283965273396, -0.30085283965273396, -0.30084763027563316, -0.30084589383048543, -0.3008441573922804, -0.3008441573922804, -0.30084242096101826, -0.30084068453669877, -0.30084068453669877, -0.30084068453669877, -0.3008372117088878, -0.30083547530539617, -0.30083547530539617, -0.30083373890884707, -0.30082852976085384, -0.30082852976085384, -0.30082852976085384, -0.30082679339207413, -0.3008198479863766, -0.3008146390049946, -0.3008111663854491, -0.300809430086089, -0.300809430086089, -0.30080769379367045, -0.30080769379367045, -0.3008059575081936, -0.3008059575081936, -0.30080248495806444, -0.300800748693412, -0.300800748693412, -0.300800748693412, -0.30079727618493124, -0.30079553994110286, -0.30079206747426956, -0.3007903312512646, -0.3007868588260778, -0.3007868588260778, -0.3007851226238958, -0.3007851226238958, -0.30078338642865476, -0.30078338642865476, -0.30078338642865476, -0.3007816502403544, -0.30077817788457606, -0.30077644171709794, -0.30077296940296344, -0.3007712332563069, -0.3007712332563069, -0.30076949711659084, -0.30076949711659084, -0.30076776098381514, -0.30076776098381514, -0.3007660248579798, -0.3007642887390847, -0.30076255262712986, -0.3007608165221151, -0.3007573443329059, -0.300752136101142, -0.300750400037767, -0.3007469279318364, -0.3007469279318364, -0.3007469279318364, -0.30074519188928067, -0.30074519188928067, -0.3007434558536644, -0.3007417198249879, -0.3007417198249879, -0.3007417198249879, -0.30073998380325073, -0.30073824778845304, -0.30073824778845304, -0.30073651178059474, -0.30073651178059474, -0.30073303978569604, -0.3007313037986555, -0.30072956781855414, -0.30072956781855414, -0.3007260958791687, -0.30071915208366534, -0.30071915208366534, -0.3007156802275465, -0.300713944309895, -0.300713944309895, -0.300713944309895, -0.3007122083991823, -0.3007122083991823, -0.3007122083991823, -0.300710472495408, -0.300710472495408, -0.300710472495408, -0.3007070007086749, -0.30070352894969543, -0.30070352894969543, -0.30070005721846893, -0.30068964219130384, -0.30068964219130384, -0.30068964219130384, -0.3006861705710853, -0.3006861705710853, -0.3006844347713826, -0.3006826989786177, -0.30068096319279025, -0.30067228436771554, -0.30067228436771554, -0.300665341432527, -0.3006583986083313, -0.30065666291962456, -0.30065319156302145, -0.30065319156302145, -0.300649720234165, -0.300649720234165, -0.30064798458014164, -0.3006462489330547, -0.3006427776596903, -0.3006427776596903, -0.30064104203341246, -0.3006340995976638, -0.30063236400606697, -0.3006288928436811, -0.3006254217090388, -0.3006236861521213, -0.30062021505909353, -0.3006132729562648, -0.3006132729562648, -0.30060980194646303, -0.3006045954837748, -0.30060112454332494, -0.30059938908350253, -0.30059938908350253, -0.3005976536306151, -0.3005976536306151, -0.30059418274564487, -0.30059244731356194, -0.30058724105892115, -0.30058724105892115, -0.30058203486669155, -0.30058029948315046, -0.3005785641065438, -0.3005785641065438, -0.3005750933741332, -0.3005698873275234, -0.30056815199252157, -0.3005664166644536, -0.3005612107218531, -0.3005612107218531, -0.30055426956212433, -0.3005438580305351, -0.3005438580305351, -0.30054038757547136, -0.30053865235833915, -0.30053691714813985, -0.30053691714813985, -0.30053344674854016, -0.30052303571612743, -0.30052303571612743, -0.30052303571612743, -0.3005195654274505, -0.3005195654274505, -0.3005195654274505, -0.300512624933285, -0.300512624933285, -0.30051088982707425, -0.30051088982707425, -0.30050915472779555, -0.30050915472779555, -0.3005039494715517, -0.30050221440000086, -0.30050221440000086, -0.30049874427769496, -0.30049874427769496, -0.30049006909323417, -0.30048659906797043, -0.30048659906797043, -0.30048659906797043, -0.3004848640657357, -0.3004796591006187, -0.30047792412610874, -0.3004727192441649, -0.3004727192441649, -0.30046924935752367, -0.3004675144245993, -0.3004675144245993, -0.3004675144245993, -0.3004657794986056, -0.3004588398639371, -0.3004553700881859, -0.30045363521070584, -0.30045363521070584, -0.300451900340156, -0.30044669577008787, -0.3004432260913596, -0.3004432260913596, -0.3004380216252417, -0.300436286817062, -0.30043455201581215, -0.3004328172214919, -0.3004328172214919, -0.30042761288010883, -0.30042414335383416, -0.3004224086010908, -0.30041893911639206, -0.30041893911639206, -0.3004172043844366, -0.30041026552590505, -0.30040506145476015, -0.30039465349954503, -0.30039118423656785, -0.30038944961547165, -0.3003842457937526, -0.3003842457937526, -0.30037730746178665, -0.30037383833737097, -0.3003721037855548, -0.30037036924066635, -0.3003686347027055, -0.3003634311303882, -0.3003599621168139, -0.3003582276204177, -0.3003582276204177, -0.30035649313094875, -0.30035128970410496, -0.30034782078751093, -0.3003443518986245, -0.3003443518986245, -0.3003356797976267, -0.300333945398207, -0.3003304766201469, -0.30032874224150635, -0.3003270078697922, -0.3003218047962069, -0.30032007045219744, -0.3003096645335851, -0.30030793023805663, -0.3003061959494539, -0.3003009931251988, -0.300299258864298, -0.300292321889948, -0.30028365082782593, -0.30028191663617626, -0.30027844827365147, -0.3002767141027762, -0.30026977748852085, -0.3002507023705733, -0.30024896831048564, -0.30024896831048564, -0.30023509607903587, -0.30022816012947245, -0.30022642615938955, -0.3002229582399927, -0.3002194903482876, -0.30021602248427376, -0.3002125546479508, -0.3002125546479508, -0.3002125546479508, -0.3002108207401733, -0.3002073529453858, -0.3002056190583757, -0.30020388517828805, -0.3002021513051226, -0.30019694972716, -0.30019521588168335, -0.3001934820431288, -0.3001917482114962, -0.3001882805689968, -0.30017961158387946, -0.3001761440382838, -0.30016400784672137, -0.3001484046701688, -0.30013973648097275, -0.30013453565049897, -0.30012760130674854, -0.300124134176393, -0.30012066707371654, -0.3001189335327579, -0.3001137329513994, -0.30010853243231583, -0.30010506545419, -0.30010506545419, -0.30010506545419, -0.300092931248701, -0.3000911978184495, -0.3000911978184495, -0.30008426416663064, -0.3000738638964567, -0.3000703971950781, -0.300068663854766, -0.300068663854766, -0.30006519719489566, -0.3000634638753374, -0.30005999725697435, -0.3000582639581694, -0.30005133083212615, -0.3000461310602273, -0.3000339985012328, -0.3000339985012328, -0.30003053211805886, -0.3000253325951739, -0.3000253325951739, -0.3000235994347122, -0.3000218662811671, -0.3000149337361515, -0.29999760285774607, -0.2999958698079431, -0.2999906707000281, -0.2999906707000281, -0.29998893767788765, -0.29997680671653415, -0.2999698748907513, -0.2999594773595218, -0.2999560115710956, -0.2999560115710956, -0.29993001903945776, -0.299926553486108, -0.299926553486108, -0.2999126915492444, -0.29989363210846465, -0.2998797712223384, -0.29987457350409064, -0.29986764330985904, -0.2998659107785803, -0.29981740270866813, -0.29981740270866813, -0.2998070088271213, -0.2998035442552171, -0.29980181197962946, -0.299787954023666, -0.29977409650988357, -0.29975157899300386, -0.29973599062674794, -0.2997255986934141, -0.2997065474614401, -0.2997065474614401, -0.29970308369086773, -0.29968576525237983, -0.29966671576766435, -0.29963554568581413, -0.2996268877267518, -0.29961996148377334, -0.2995974519569383, -0.2994606883750433, -0.2993776125440516, -0.29936030707931405, -0.2992391881304369, -0.2992184282732679, -0.29869457048077497]
"Number of good channels:"
0
"R=0.0"
"Frozen channels:"
1024
