"MONTE _CARLO CHANNEL REPORT"
"---------------------------"
"N=1024"
"p=0.2"
"Capacity for 1024channels:284"
"No of good channels needed :5(valid if used)"
"tolerable error exponent:-5"
"Z Construct--------------------------------------------------------"
"Good Channels:"
[1023, 511, 767, 895, 959, 991, 1007, 1015, 255, 383, 1019, 639, 447, 703, 831, 479, 735, 863, 927, 495, 751, 879, 943, 503, 759, 975, 1021, 887, 951, 983, 507, 127, 763, 191, 319, 891, 223, 575, 351, 607, 415, 955, 239, 671, 367, 999, 1022, 623, 799, 431, 687, 987, 815, 247, 463, 509, 375, 719, 765, 631, 439, 847, 893, 695, 823, 471, 1003, 911, 957, 727, 251, 379]
"Corresponding Error Exponents:"
[-99.23585332024972, -49.31689666446088, -49.015866668796896, -48.413806677469275, -47.20968778525744, -44.80419994317062, -40.18194503102849, -32.78724008132466, -24.206903338734467, -23.905873343070656, -23.82511167731039, -23.60484334740702, -23.303813896964737, -23.00278390130144, -22.400725000417054, -22.10106997592133, -21.800039980260085, -21.197982168091734, -19.996612674288613, -19.789942519850264, -19.488912524225395, -18.886860775609847, -17.688088141406855, -16.09259004499835, -15.791560052094782, -15.47005505331018, -15.431966117349198, -15.189569307715443, -14.000925874333237, -11.913450558282921, -11.61152584299148, -11.501391678039871, -11.310496327620514, -11.200361954987425, -10.899332504545914, -10.70934952639024, -10.598989994468795, -10.598303599324481, -10.297961088387353, -9.996933271878886, -9.697276341502125, -9.56111213527992, -9.443426266487828, -9.39625069724864, -9.142400392219164, -9.079855180548577, -9.077128683740973, -8.841378639208932, -8.796937931195508, -8.54301407535041, -8.242000514249684, -7.751718724161312, -7.64527554516542, -7.594750033143825, -7.433997534988041, -7.414953067186722, -7.293754663714129, -7.133026458385236, -7.113983296649893, -6.992793910858478, -6.699432963194228, -6.541054251622715, -6.522121963633056, -6.3985402194821095, -5.811853818442258, -5.655695523376877, -5.593916313424925, -5.519520520013269, -5.501565511157318, -5.355121887718404, -5.354218648439425, -5.053645727108585]
"Number of good channels:"
72
"R=0.0703125"
"Frozen channels:"
952
"Monte Carlo--------------------------------------------------------"
"sim ran :500000"
"Good Channels:"
[]
"Corresponding Error Exponents:"
[]
[-0.6743817271899709, -0.47725069376264506, -0.47712820348696316, -0.4771177803777046, -0.4766516021265014, -0.4766047515446712, -0.47643561095430575, -0.47634976478233165, -0.47602994209950233, -0.4758896065048638, -0.4755831049648328, -0.35275594808391214, -0.3526776788449286, -0.3526013799157598, -0.3525250943887968, -0.3525172709897828, -0.35237647390138543, -0.35237451870762204, -0.3523647428708371, -0.3523471469191339, -0.3523432368044588, -0.35204812476551106, -0.3519680296116009, -0.35195630960849034, -0.35194263667125836, -0.35193091735338017, -0.3518430325480758, -0.35171026257550275, -0.35170050167932465, -0.35168488470173365, -0.35160290478149125, -0.3515677752666503, -0.3515228916880476, -0.3515228916880476, -0.35151118369124856, -0.35150532981120897, -0.35148971985018224, -0.35148191508006615, -0.35147020818787456, -0.3513629097116918, -0.3513356016045427, -0.35132779960359206, -0.3513238986556766, -0.35128879170111804, -0.35116788946435423, -0.3511542413261266, -0.3511152490086719, -0.3510645642291911, -0.3510158344420027, -0.3508677294561169, -0.35085019405203455, -0.35082291816402206, -0.35050352812432606, -0.3504490215845283, -0.3503594899746513, -0.35000543708242354, -0.30819381452973643, -0.3078919213674797, -0.30757260209304793, -0.30746680219275446, -0.30738923197689966, -0.3073416389303064, -0.3071090368626944, -0.30710199025957324, -0.30707732804899024, -0.30706852045603245, -0.30705442867881894, -0.30705442867881894, -0.3070280078288936, -0.3070192012360944, -0.30699630493053315, -0.3069822154963013, -0.3069364279915775, -0.30693114512857833, -0.30691881869814924, -0.3068343040271804, -0.3068131779289918, -0.3068061361246275, -0.3067832510489555, -0.30677620972981556, -0.30677444941786836, -0.3067691685248364, -0.3067550864573453, -0.30674100484645267, -0.30672868381145185, -0.30669524276407706, -0.3066811630933977, -0.306665324009474, -0.30666356414691803, -0.30664244635247484, -0.3066336475745153, -0.30662660868049446, -0.3066230892762651, -0.3065790991296286, -0.3065615043185245, -0.30655446659366997, -0.30654039148608975, -0.3065368727804688, -0.3065122426393415, -0.3065087241617776, -0.30650696493368507, -0.30650696493368507, -0.3064682637184768, -0.306461227504408, -0.3064207714856194, -0.30641901261376636, -0.3064102183613497, -0.3063627324752658, -0.30635393936240923, -0.30633987075213737, -0.3063275610919884, -0.306317010232411, -0.30627305107635305, -0.3062712928026577, -0.30626601802428205, -0.3062642597790602, -0.3062625015409565, -0.30622382210347576, -0.3062079996900785, -0.3062079996900785, -0.3061956937670678, -0.30619393580653076, -0.30618514611058323, -0.30618163028201417, -0.30617635659252695, -0.3061658094056658, -0.30616053590828873, -0.30614647356166536, -0.3061394425591008, -0.3061165925868605, -0.30607265371131004, -0.30606738134496425, -0.30606738134496425, -0.306049807252736, -0.3060410204732961, -0.3060287192807377, -0.3059883035296428, -0.305958433435132, -0.30595316245523785, -0.30594964850418216, -0.3059320791753705, -0.30591451055729507, -0.3059057265147655, -0.3058969426498984, -0.3058881589626866, -0.3058653222073113, -0.3058547825713716, -0.30585302599024894, -0.305842486652711, -0.30582843460050646, -0.3058266781259493, -0.3058196522987595, -0.30581262658522856, -0.30580384460314225, -0.3057722309379353, -0.30571779057507054, -0.30571252251500314, -0.3056791596184497, -0.30567038033479177, -0.3056405320977879, -0.3056352649747889, -0.30560541915101674, -0.30555802117563324, -0.3055527550532255, -0.3055474889946723, -0.30554397832444424, -0.30552993592731414, -0.305522914899012, -0.30546148574260745, -0.3054562207906217, -0.3054351616209256, -0.30542638726826365, -0.30541059388018976, -0.3050404911476093, -0.3050352312968372, -0.3048389091040729, -0.30298000623537186, -0.3028997438591674, -0.30283868459515106, -0.3027096161211176, -0.3026904335411689, -0.3025823293885694, -0.3025544359103791, -0.3024934251719369, -0.3024759951065197, -0.3024306802100194, -0.3024097672370223, -0.3024027964698042, -0.3023783996656077, -0.3023766570891783, -0.3023156713186704, -0.30231044436537524, -0.30229999064750834, -0.30229127940816347, -0.3022825683435484, -0.302275599617657, -0.3022442417348538, -0.3022442417348538, -0.30222682166714765, -0.30221114420361217, -0.30220766039968067, -0.302202434746182, -0.3021850163552895, -0.30216934040077126, -0.3021675986629741, -0.3021675986629741, -0.30216237349149366, -0.30215889007876534, -0.30215889007876534, -0.3021466983542385, -0.30213973180816994, -0.30213973180816994, -0.3021362485770418, -0.3021362485770418, -0.3021170913051953, -0.30211534977693016, -0.3021136082556485, -0.3021014178022107, -0.30209793487836284, -0.30208922769094404, -0.3020840034622855, -0.3020840034622855, -0.3020752965541709, -0.3020718138398012, -0.30207007249308954, -0.30205614197074643, -0.30205091814006607, -0.30205091814006607, -0.3020422118952273, -0.3020352470250178, -0.3020282822665036, -0.30202479992913106, -0.3020160942078597, -0.3019986832888352, -0.30199346014923617, -0.3019917191166624, -0.3019917191166624, -0.30198997809106826, -0.30198475505616246, -0.30198475505616246, -0.30197605013757206, -0.30197082727016694, -0.30197082727016694, -0.3019656044655717, -0.3019551590448051, -0.30194993642863066, -0.3019412322079034, -0.30193600975920276, -0.3019307873733019, -0.3019307873733019, -0.3019307873733019, -0.3019273058175895, -0.3019273058175895, -0.3019255650501995, -0.3019238242897869, -0.3019186020504134, -0.3019116391622625, -0.30190815776004915, -0.3019046763857433, -0.3018977137208523, -0.3018942324302662, -0.3018890105467101, -0.3018872699328106, -0.3018820481329692, -0.3018803075469742, -0.3018785669679552, -0.30187682639591207, -0.30187682639591207, -0.30186812364033344, -0.30186812364033344, -0.3018663831101447, -0.3018663831101447, -0.30186116156143133, -0.3018524591197489, -0.30185071865233787, -0.30185071865233787, -0.3018489781919019, -0.30184723773844085, -0.30184723773844085, -0.30184375685244347, -0.3018367951641459, -0.30183505475950806, -0.30183157397115595, -0.30181765109671943, -0.301814170447851, -0.3018124301338776, -0.30181068982687803, -0.3018054689477214, -0.3017985078731424, -0.3017967676219311, -0.30178980668681843, -0.30178110567482125, -0.30178110567482125, -0.3017776253188323, -0.30177588515129683, -0.3017724048371438, -0.3017654442925073, -0.301761964062023, -0.301761964062023, -0.3017567437685877, -0.3017567437685877, -0.30175500368472, -0.3017463033699598, -0.3017428232928578, -0.3017410832647641, -0.301739343243642, -0.30173760322949134, -0.30173760322949134, -0.30173586322231205, -0.30173064324260196, -0.3017289032633077, -0.3017219434158412, -0.30171672360343577, -0.30171498367990884, -0.3017097639511518, -0.3017045442851292, -0.30170280441039576, -0.30169758482801684, -0.30169062548242614, -0.30169062548242614, -0.30168714585145034, -0.3016819264572598, -0.3016801866731356, -0.3016801866731356, -0.30167670712579575, -0.3016732276063336, -0.30166104950774697, -0.30165930980725364, -0.3016575701137292, -0.3016575701137292, -0.3016540907475867, -0.3016523510749685, -0.30164887175063815, -0.3016401735617607, -0.30163843394489026, -0.30163669433498796, -0.3016332151360879, -0.3016332151360879, -0.30162625682190375, -0.30162277770661877, -0.30162277770661877, -0.3016158195596609, -0.3016123405279871, -0.30161060102260123, -0.30161060102260123, -0.30160886152418276, -0.3016071220327315, -0.3016071220327315, -0.3016053825482475, -0.30160364307073056, -0.30160364307073056, -0.30159668523033334, -0.3015914669231878, -0.301587988086591, -0.3015862486787425, -0.3015810304969961, -0.3015792911170134, -0.30157581237794695, -0.3015723336667453, -0.3015705943215936, -0.3015705943215936, -0.3015705943215936, -0.30156015839696826, -0.3015584191005777, -0.3015566798111527, -0.3015549405286933, -0.3015549405286933, -0.3015532012531994, -0.3015532012531994, -0.30155146198467103, -0.30154972272310804, -0.30154798346851047, -0.30154276574650923, -0.30154102651977255, -0.30154102651977255, -0.30153406968247604, -0.3015236346354759, -0.3015236346354759, -0.30152015634219265, -0.30152015634219265, -0.30151841720599765, -0.3015114607308608, -0.3015114607308608, -0.3015114607308608, -0.30150798253507743, -0.30150798253507743, -0.30150624344763177, -0.3015045043671501, -0.3015045043671501, -0.3015010262270785, -0.3015010262270785, -0.30149580906919937, -0.30149580906919937, -0.3014940700305003, -0.3014923309987649, -0.3014871139453395, -0.3014871139453395, -0.30148537494145783, -0.30147668002649775, -0.30147668002649775, -0.30147146316107837, -0.30147146316107837, -0.30146798528561314, -0.3014645074379989, -0.3014645074379989, -0.3014627685246357, -0.3014627685246357, -0.3014627685246357, -0.3014610296182352, -0.3014610296182352, -0.30145407406225744, -0.30145407406225744, -0.30145233519066894, -0.3014505963260426, -0.3014488574683785, -0.3014453797739366, -0.3014453797739366, -0.3014453797739366, -0.30144190210734273, -0.3014366856596662, -0.3014366856596662, -0.3014349468576975, -0.3014314692746452, -0.3014297304935614, -0.3014297304935614, -0.3014297304935614, -0.3014262529522784, -0.3014227754388409, -0.3014227754388409, -0.3014227754388409, -0.3014192979532486, -0.3014175592208943, -0.3014140817770689, -0.3014106043610876, -0.3014071269729499, -0.3014071269729499, -0.3014071269729499, -0.30140191094294916, -0.30139321769882627, -0.30139321769882627, -0.30139321769882627, -0.30139321769882627, -0.3013897404498999, -0.3013897404498999, -0.3013880018358771, -0.3013880018358771, -0.30138278603556956, -0.30138104744938715, -0.30138104744938715, -0.3013793088701647, -0.30137583173259935, -0.30137409317425645, -0.3013688775409858, -0.30136713901048146, -0.3013654004869366, -0.3013636619703512, -0.3013584464623512, -0.3013549694918141, -0.30135323101698425, -0.30135323101698425, -0.30135323101698425, -0.3013514925491135, -0.3013445387472199, -0.3013375850566669, -0.3013375850566669, -0.3013358466514252, -0.3013323698618172, -0.3013306314774508, -0.3013271547295931, -0.3013236780095682, -0.3013236780095682, -0.3013236780095682, -0.3013202013173758, -0.3013167246530154, -0.30131498633127207, -0.3013132480164866, -0.3013097714077889, -0.3013045565469248, -0.3013045565469248, -0.3012993417486782, -0.30129412701304764, -0.30129238878175185, -0.30129238878175185, -0.30129065055741316, -0.30129065055741316, -0.30129065055741316, -0.301287174129607, -0.30128369772962854, -0.30128369772962854, -0.3012767450131532, -0.3012767450131532, -0.3012750068514261, -0.3012750068514261, -0.3012750068514261, -0.3012750068514261, -0.3012750068514261, -0.3012732686966555, -0.3012732686966555, -0.30127153054884137, -0.30126979240798374, -0.3012645780271489, -0.3012645780271489, -0.30126283991411645, -0.30126283991411645, -0.30126283991411645, -0.30125588753154786, -0.30125588753154786, -0.3012541494532957, -0.30124893526027435, -0.30124719720984544, -0.30124719720984544, -0.3012454591663722, -0.30124372112985454, -0.30124372112985454, -0.3012385070620347, -0.3012367690533389, -0.3012332930568133, -0.3012332930568133, -0.3012332930568133, -0.30123155506898336, -0.3012298170881086, -0.3012298170881086, -0.30122286523416, -0.30122112728806016, -0.30122112728806016, -0.30121938934891523, -0.301217651416725, -0.301217651416725, -0.3012159134914896, -0.3012159134914896, -0.30121243766188255, -0.30121243766188255, -0.3012106997575109, -0.30120896186009377, -0.30120548608612274, -0.30120548608612274, -0.30120374820956874, -0.30120027247732356, -0.30120027247732356, -0.301196796772895, -0.301196796772895, -0.301196796772895, -0.30119505893111187, -0.30119505893111187, -0.30119332109628266, -0.30118984544748606, -0.30118636982650476, -0.30118463202644474, -0.30117941866798636, -0.3011759431304484, -0.3011759431304484, -0.30117072987629157, -0.30117072987629157, -0.30116725440828657, -0.3011620412584272, -0.3011533528143863, -0.3011516151464363, -0.30114813983139416, -0.30114466454416194, -0.30114466454416194, -0.30114466454416194, -0.30114292691097444, -0.30114292691097444, -0.30114118928473926, -0.30114118928473926, -0.3011394516654563, -0.3011394516654563, -0.3011394516654563, -0.3011377140531256, -0.3011377140531256, -0.3011290260957534, -0.3011272885251348, -0.3011272885251348, -0.3011272885251348, -0.3011255509614681, -0.30112207585498985, -0.30111860077631825, -0.3011151257254528, -0.30111338821044725, -0.30111165070239315, -0.30110817570713877, -0.30110817570713877, -0.30110643821993843, -0.30110470073968926, -0.30110122580004417, -0.30110122580004417, -0.301097750888203, -0.3010925385725728, -0.3010925385725728, -0.3010925385725728, -0.30108732631949897, -0.30108385151886924, -0.3010803767460412, -0.30107863937005275, -0.30107516463892653, -0.3010734272837887, -0.30107168993560096, -0.30106995259436325, -0.30106995259436325, -0.30106821526007554, -0.3010664779327378, -0.3010664779327378, -0.3010664779327378, -0.3010664779327378, -0.3010647406123499, -0.3010647406123499, -0.30106300329891184, -0.30106300329891184, -0.30105952869288494, -0.30105952869288494, -0.30105779140029604, -0.3010560541146567, -0.3010560541146567, -0.30105431683596695, -0.30105084229943585, -0.3010491050415943, -0.3010473677907022, -0.3010456305467593, -0.3010421560797211, -0.3010369444312819, -0.30103347003373393, -0.30103173284538315, -0.30103173284538315, -0.3010265213220233, -0.3010265213220233, -0.30102478416146733, -0.30102478416146733, -0.3010213098612009, -0.3010213098612009, -0.3010195727214903, -0.3010195727214903, -0.30101436134404874, -0.30101436134404874, -0.3010091500291411, -0.301007412938068, -0.301007412938068, -0.30100220170653647, -0.30099872758692137, -0.3009969905375355, -0.3009969905375355, -0.30099525349509715, -0.3009935164596065, -0.30099177943106326, -0.3009883053948193, -0.3009865683871185, -0.30098483138636495, -0.30098483138636495, -0.30098483138636495, -0.3009830943925587, -0.3009830943925587, -0.3009813574056997, -0.30097614648680515, -0.30097440952773447, -0.30097093563043364, -0.30097093563043364, -0.30097093563043364, -0.30096919869220345, -0.3009657248365834, -0.30096398791919343, -0.30096398791919343, -0.30096225100875, -0.30096051410525315, -0.30096051410525315, -0.30095877720870273, -0.30095704031909887, -0.30095704031909887, -0.30095704031909887, -0.3009553034364412, -0.30095356656073, -0.3009448822863667, -0.30093793499190413, -0.3009361981856531, -0.30092751425858233, -0.3009257774940046, -0.3009257774940046, -0.3009257774940046, -0.30092404073637236, -0.30092404073637236, -0.3009223039856854, -0.30092056724194377, -0.30091709377529596, -0.3009153570523897, -0.3009136203364286, -0.3009136203364286, -0.30091188362741234, -0.3009101469253411, -0.3009101469253411, -0.30090841023021475, -0.30090320018650435, -0.3009014635191569, -0.30089972685875416, -0.30089972685875416, -0.30089799020529584, -0.3008962535587821, -0.3008945169192127, -0.3008927802865878, -0.3008927802865878, -0.3008893070421707, -0.3008875704303785, -0.3008858338255305, -0.3008736777860262, -0.30086673163050076, -0.30086152208676353, -0.3008580490923221, -0.30085457612565353, -0.30085283965273396, -0.30084763027563316, -0.30084589383048543, -0.30084589383048543, -0.30084242096101826, -0.30084242096101826, -0.30084242096101826, -0.30084068453669877, -0.3008372117088878, -0.3008372117088878, -0.30082852976085384, -0.30082679339207413, -0.30082505703023654, -0.30082332067534123, -0.3008181116523074, -0.3008111663854491, -0.300809430086089, -0.30080769379367045, -0.3008059575081936, -0.3008042212296583, -0.30080248495806444, -0.300800748693412, -0.300799012435701, -0.30079553994110286, -0.30079206747426956, -0.3007903312512646, -0.3007851226238958, -0.30078338642865476, -0.3007816502403544, -0.30077817788457606, -0.30077644171709794, -0.30077644171709794, -0.3007747055565604, -0.3007747055565604, -0.3007747055565604, -0.3007712332563069, -0.30076949711659084, -0.30076776098381514, -0.3007660248579798, -0.30076255262712986, -0.30076255262712986, -0.3007573443329059, -0.3007573443329059, -0.3007556082487114, -0.300752136101142, -0.30074866398133193, -0.30074866398133193, -0.3007469279318364, -0.3007434558536644, -0.3007417198249879, -0.3007417198249879, -0.30073998380325073, -0.30073998380325073, -0.30073824778845304, -0.3007347757796757, -0.30072956781855414, -0.30072956781855414, -0.30072956781855414, -0.30072783184539187, -0.3007260958791687, -0.3007226239675393, -0.30072088802213287, -0.3007122083991823, -0.300710472495408, -0.300710472495408, -0.3007070007086749, -0.300705264825716, -0.3007017930806131, -0.3007017930806131, -0.3007017930806131, -0.3006965855149952, -0.3006913780118198, -0.30068964219130384, -0.30068790637772563, -0.3006861705710853, -0.3006861705710853, -0.3006844347713826, -0.30067749164194807, -0.30067575587693324, -0.3006740201188557, -0.3006740201188557, -0.3006740201188557, -0.3006740201188557, -0.30067228436771554, -0.30067228436771554, -0.30067228436771554, -0.3006705486235126, -0.3006705486235126, -0.300665341432527, -0.3006583986083313, -0.30065666291962456, -0.30065666291962456, -0.30065145589512493, -0.30065145589512493, -0.30064798458014164, -0.3006462489330547, -0.3006393064140711, -0.3006393064140711, -0.3006393064140711, -0.3006375708016658, -0.3006340995976638, -0.3006340995976638, -0.30063236400606697, -0.30063236400606697, -0.3006288928436811, -0.3006288928436811, -0.30062195060213964, -0.30062195060213964, -0.30062021505909353, -0.30062021505909353, -0.3006184795229831, -0.3006150084715688, -0.3006132729562648, -0.30060980194646303, -0.3006080664519651, -0.3006080664519651, -0.3006063309644023, -0.3006045954837748, -0.3005976536306151, -0.3005976536306151, -0.3005976536306151, -0.3005959181846626, -0.30059418274564487, -0.30059244731356194, -0.30059244731356194, -0.30059244731356194, -0.3005907118884137, -0.3005907118884137, -0.30058724105892115, -0.30058550565457687, -0.30058550565457687, -0.3005837702571669, -0.30058029948315046, -0.3005698873275234, -0.30056815199252157, -0.3005629460291195, -0.3005629460291195, -0.3005612107218531, -0.30055947542152045, -0.30054732851333155, -0.30054559326846675, -0.30053865235833915, -0.30053171155913966, -0.30053171155913966, -0.3005299763766718, -0.3005282412011368, -0.30052650603253434, -0.30052303571612743, -0.3005178302935107, -0.3005160951665032, -0.300514360046428, -0.300512624933285, -0.300512624933285, -0.30050915472779555, -0.30050741963544897, -0.30050741963544897, -0.3004970092269395, -0.30049353914622373, -0.3004918041162632, -0.30048139408205987, -0.3004761891585298, -0.3004761891585298, -0.3004744541978819, -0.3004744541978819, -0.3004727192441649, -0.30046924935752367, -0.3004675144245993, -0.3004640445795426, -0.3004623096674102, -0.3004623096674102, -0.3004623096674102, -0.3004623096674102, -0.3004623096674102, -0.30045363521070584, -0.300451900340156, -0.30044843061984716, -0.30044669577008787, -0.3004414912623904, -0.3004414912623904, -0.3004397564403511, -0.3004397564403511, -0.3004328172214919, -0.30042934765364027, -0.30042934765364027, -0.30042761288010883, -0.30042761288010883, -0.3004224086010908, -0.30041893911639206, -0.30041893911639206, -0.3004172043844366, -0.3004172043844366, -0.3004154696594101, -0.3004137349413128, -0.3004137349413128, -0.30041026552590505, -0.30041026552590505, -0.30040506145476015, -0.3004033267782361, -0.30040159210864076, -0.300399857445974, -0.30039812279023587, -0.30039465349954503, -0.3003929188645922, -0.30039118423656785, -0.30038771500130385, -0.30038077661391366, -0.30037730746178665, -0.30037557289611483, -0.30037383833737097, -0.30037383833737097, -0.30037383833737097, -0.30037036924066635, -0.3003669001716722, -0.30036169662013734, -0.30034608633960425, -0.3003443518986245, -0.3003443518986245, -0.3003426174645715, -0.3003426174645715, -0.3003408830374454, -0.30033914861724587, -0.30033741420397303, -0.3003252735050042, -0.3003252735050042, -0.3003218047962069, -0.30032007045219744, -0.30032007045219744, -0.30031833611511394, -0.30031833611511394, -0.30031660178495645, -0.30031486746172487, -0.3003131331454192, -0.3003096645335851, -0.3003061959494539, -0.30030446166777675, -0.300299258864298, -0.300299258864298, -0.3002975246103226, -0.3002957903632725, -0.3002957903632725, -0.30028885344432404, -0.30028711923189977, -0.30028538502640034, -0.3002732457817994, -0.30027151163169785, -0.30027151163169785, -0.3002559045923791, -0.30025243643758465, -0.3002333620812602, -0.3002298941064786, -0.30022122429067866, -0.3002194903482876, -0.3002073529453858, -0.3002073529453858, -0.3002073529453858, -0.30019868357955865, -0.3001934820431288, -0.3001917482114962, -0.30017961158387946, -0.3001674752954188, -0.3001674752954188, -0.30016054042570817, -0.300158806725583, -0.300158806725583, -0.3001553393460953, -0.3001484046701688, -0.3001414701049711, -0.30013973648097275, -0.30012933488230625, -0.3001189335327579, -0.3001171999987188, -0.3001154664715993, -0.3001137329513994, -0.30011199943811884, -0.30010853243231583, -0.30010679893979336, -0.30010679893979336, -0.30010506545419, -0.30010159850374096, -0.3000998650388951, -0.3000998650388951, -0.30009813158096815, -0.30009813158096815, -0.30009639812996025, -0.30009639812996025, -0.30008946439511686, -0.3000825307709724, -0.30005479738131263, -0.30005479738131263, -0.3000530641032607, -0.3000530641032607, -0.30004786431060954, -0.30003053211805886, -0.30003053211805886, -0.3000183999948265, -0.3000132006171885, -0.2999906707000281, -0.2999698748907513, -0.29992828625932616, -0.2999230879604122, -0.2999144242671561, -0.2999092261341601, -0.29989536475033596, -0.29986417825421313, -0.2998607132262132, -0.29985031830808534, -0.29984858584591983, -0.2998104734266643, -0.29979488294637335, -0.29974811486325964, -0.2997411866866645, -0.299727330665035, -0.29967191099881196, -0.29966844750447497, -0.2996511304470978, -0.29941741773008407, -0.2992772504461223, -0.29903509262039374, -0.2987740593745314]
"Number of good channels:"
0
"R=0.0"
"Frozen channels:"
1024
