"MONTE _CARLO CHANNEL REPORT"
"---------------------------"
"N=1024"
"p=0.05"
"Capacity for 1024channels:730"
"No of good channels needed :5(valid if used)"
"tolerable error exponent:-5"
"Z Construct--------------------------------------------------------"
"Good Channels:"
[1023, 511, 767, 895, 959, 991, 1007, 1015, 1019, 1021, 255, 383, 639, 447, 703, 831, 479, 735, 863, 927, 495, 751, 879, 1022, 943, 975, 503, 759, 887, 951, 983, 507, 999, 763, 891, 955, 987, 1003, 509, 765, 893, 957, 1011, 989, 1005, 127, 191, 319, 223, 575, 351, 607, 415, 239, 671, 367, 623, 799, 510, 431, 766, 687, 1013, 894, 815, 463, 247, 719, 375, 958, 631, 847, 439, 695, 823, 911, 471, 727, 990, 855, 919, 487, 251, 743, 379, 635, 871, 443, 699, 827, 935, 475, 731, 1006, 859, 923, 967, 491, 747, 1017, 875, 939, 253, 381, 637, 445, 701, 499, 829, 971, 755, 477, 733, 1014, 883, 861, 947, 925, 493, 749, 877, 979, 941, 63, 95, 159, 111, 287, 254, 175, 543, 501, 382, 303, 757, 973, 638, 207, 559, 446, 119, 335, 885, 702, 183, 591, 311, 399, 995, 830, 215, 567, 655, 1018, 478, 343, 949, 734, 599, 783, 407, 862, 231, 663, 123, 359, 187, 615, 791, 315, 423, 219, 571, 926, 679, 494, 347, 981, 750, 603, 807, 411, 455, 878, 235, 667, 505, 711, 363, 761, 619, 795, 839, 427, 889, 942, 683, 125, 189, 811, 903, 317, 459, 953, 243, 221, 573, 715, 502, 371, 997, 349, 758, 627, 605, 843, 435, 974, 413, 886, 691, 1020, 237, 669, 365, 819, 621, 907, 797, 985, 467, 429, 950, 723, 685, 851, 813, 31, 245, 461, 126, 47, 373, 717, 190, 79, 629, 483, 318, 55, 143, 915, 506, 982, 437, 739, 845, 222, 574, 87, 271, 762, 693, 350, 151, 527, 1001, 867, 606, 103, 279, 890, 821, 59, 414, 167, 535, 469, 909, 238, 91, 670, 295, 725, 366, 155, 199, 551, 249, 931, 622, 107, 954, 283, 798, 327, 853, 377, 430, 171, 539, 583, 633, 998, 686, 299, 391, 441, 61, 203, 555, 485, 647, 697, 246, 115, 814, 93, 331, 917, 741, 462, 374, 179, 1009, 508, 963, 157, 587, 775, 986, 718, 825, 630, 307, 764, 109, 395, 285, 473, 869, 438, 211, 563, 173, 651, 541, 729]
"Corresponding Error Exponents:"
[-Infinity, -184.3380481604118, -184.03701816474782, -183.43495817341986, -182.23083819076393, -179.82259822546212, -175.00613009622174, -165.39127559801605, -147.11979877888555, -118.67336298956455, -91.71747908670993, -91.41644909104595, -91.11541909538197, -90.81438909971799, -90.513359104054, -89.91129911272604, -89.61026911706708, -89.3092391214031, -88.70717913007513, -87.50305914742923, -87.20203505244689, -86.9010050567829, -86.29894506545494, -85.17420929620097, -85.09482508281907, -82.68659691887551, -82.39460780334404, -82.09357780768006, -81.4915178163521, -80.28739783377614, -77.87918144045163, -73.2588693937788, -73.08078919380542, -72.95783939811481, -72.35577940678685, -71.15165942523974, -68.74350723634373, -63.96191018103654, -59.035651499118295, -58.73462150345431, -58.13256151212636, -56.928441595960855, -55.29714971323517, -54.520881319998, -49.801255642353716, -45.256679552027, -44.95564955636302, -44.65461956069905, -44.353589565037566, -44.353589565035065, -44.052559569373585, -43.751529573709604, -43.45049957805063, -43.14947253272747, -43.14946958238665, -42.84844253706349, -42.54741254139951, -42.547409591068714, -42.286074652436504, -42.246382545745554, -41.98504465677252, -41.94535255008157, -41.764972519238874, -41.38298466546415, -41.343292558773655, -41.04226846377377, -40.74575890817605, -40.74123846810979, -40.44472891251207, -40.17887293284161, -40.14369891684809, -40.13917847682192, -39.84266892122409, -39.54163892556011, -38.93957893431211, -38.935070295504225, -38.638560724561835, -38.33753072889785, -37.77820031640174, -37.73547073772982, -36.5313743269413, -36.23936460123873, -36.177889703393426, -35.938334605574745, -35.876859707729444, -35.57582971206546, -35.33627461488316, -35.27479971695589, -34.97376972129191, -34.371709731072755, -34.13220165324652, -34.070723622507884, -33.76969362684391, -33.28237287553741, -33.16763363773351, -31.96360142983026, -31.742014105560813, -31.679925094854287, -31.378895099190306, -31.29360217711797, -30.776835116643984, -29.572889802250295, -29.066280756063176, -28.765250760399198, -28.464220764735217, -28.163190802316446, -27.86216080665247, -27.347544860953604, -27.260100881814928, -27.199401702957104, -27.04651486528963, -26.959410664335017, -26.658380668671047, -26.498785483720003, -26.444454980295284, -26.056320810297915, -25.240942760922955, -24.852880417274847, -24.599597825512877, -24.29856782984905, -23.696508355719622, -22.897389520332265, -22.493728611464803, -21.87576478685355, -21.57473479119082, -21.273704795529344, -20.972676275035774, -20.972674799870376, -20.69149233272228, -20.671646279376805, -20.671644804216417, -20.581456263955456, -20.390462337068094, -20.370616283722846, -20.2804262683072, -20.181337242601565, -20.089432341423702, -20.069589238390915, -20.069586288078906, -19.788406470756826, -19.770819462760063, -19.768559242746978, -19.678371503252198, -19.487376475132024, -19.469789467116073, -19.467529247123082, -19.168759471492073, -19.16650515208813, -19.000027177702496, -18.885324733808062, -18.867735368784945, -18.867729475908057, -18.86547515650432, -18.75884701850684, -18.588070162536887, -18.56670537320093, -18.478510125303398, -18.287040167028948, -18.265675377696873, -18.26342696645446, -17.964657167806667, -17.684996639771192, -17.66813730712339, -17.66362717246253, -17.48688486036875, -17.3671073117776, -17.185854864981973, -17.066077316749997, -17.061590752762083, -16.884824869872396, -16.765070830959278, -16.583816817757974, -16.583794875317224, -16.4884316577907, -16.46404083656802, -16.340156442104725, -16.282786823202773, -16.240248225035657, -16.03912644851657, -15.981756829756353, -15.862027865304803, -15.680770719251148, -15.569977057116425, -15.437126506798625, -15.388417553931172, -15.379740728022067, -15.345771092895006, -15.268947066490705, -15.08738756265801, -15.044741103753069, -14.786357575775666, -14.777768508120605, -14.666980626683085, -14.485414905461166, -14.442787551411431, -14.247420864563411, -14.184384927358694, -13.931080386703629, -13.630050407662255, -13.582499591121836, -13.480842893365073, -13.329020445243488, -13.298670855814576, -13.257845200557835, -13.22222743698084, -13.028160338671551, -13.027990516069927, -12.997640929005339, -12.948362746196032, -12.921197494483673, -12.888948478447931, -12.727130409484996, -12.647332853591523, -12.620167605153297, -12.426100546775832, -12.395926754301039, -12.31944138479755, -12.148966880360462, -12.125410212973524, -12.045695933243618, -12.018411601726376, -11.870185334161071, -11.848253919260697, -11.824380483115151, -11.547224182196139, -11.416959214237359, -11.246194703730463, -11.226299211631979, -11.222999882065762, -11.205839657366953, -11.147664764502924, -10.945834310069651, -10.879707505307145, -10.846635588127194, -10.64480534800424, -10.245768187818094, -10.04408481987732, -10.034792406454248, -9.83918313850534, -9.789638625654424, -9.743686175067461, -9.733763148395514, -9.538155755993564, -9.488612542442443, -9.44265824194121, -9.432734627937645, -9.237130986578961, -9.198983593255933, -9.141632371318408, -9.13283474237001, -9.13170758266835, -9.105439729327538, -9.078393513680082, -8.969252667620136, -8.938225067112887, -8.897961320406147, -8.889157633575115, -8.842490088006532, -8.840610625599657, -8.83180769334438, -8.83068348772359, -8.777372391013177, -8.637205498324054, -8.541468324533689, -8.530783590887129, -8.529665293217457, -8.47308110231472, -8.299560253693768, -8.240454792705862, -8.232008663347395, -8.229765381356735, -8.179234043349625, -8.039396291431425, -7.99086744310344, -7.943185834468849, -7.930990423892752, -7.928758956840512, -7.819094118500607, -7.778928814140342, -7.71853323067013, -7.689848421431758, -7.6421886232773995, -7.629983939533728, -7.518101942076888, -7.417533261886698, -7.388840372781954, -7.3334435426196345, -7.32900096202551, -7.221340562734598, -7.206454349687443, -7.116563312719211, -7.09214880100549, -7.08998459204376, -7.087854267265228, -7.047659043128986, -7.032460327753, -6.92412866366131, -6.920363793084226, -6.822680452949894, -6.791162485576876, -6.7869120363760675, -6.731523876052781, -6.619440226624701, -6.591656362934506, -6.52176955387422, -6.490219835012897, -6.439391490494533, -6.327892655645662, -6.212965328861404, -6.197790537693435, -6.189364468103049, -6.14344432159331, -6.138546646358019, -6.027073168843389, -6.022636534191259, -6.009053913246279, -5.934034565452173, -5.912020410678762, -5.896933519141227, -5.883886580781722, -5.842674630691764, -5.773453627440366, -5.721818176976438, -5.708176017792041, -5.696215033833374, -5.634062923568181, -5.630606490151353, -5.611160511699244, -5.596249236859883, -5.554330004277848, -5.527801347895594, -5.472822145203829, -5.444032880554859, -5.4212110977785395, -5.4074500363431435, -5.333500793387216, -5.3220678733997095, -5.312120139333899, -5.31047047656471, -5.301890374814202, -5.261751987296887, -5.138824545669826, -5.122288617688252, -5.107027325851702, -5.021373711937324, -5.011767847704698, -5.010119472782335, -5.001546108839675]
"Number of good channels:"
348
"R=0.33984375"
"Frozen channels:"
676
"Monte Carlo--------------------------------------------------------"
"sim ran :500000"
"Good Channels:"
[]
"Corresponding Error Exponents:"
[]
[-1.290170566813492, -1.0145914909000162, -1.0128523384161225, -1.0126108425750018, -1.0125482544566513, -1.0123337350737254, -1.011271638893035, -1.0097766171728433, -1.0095368251194023, -1.0082867242869105, -1.0080654502810522, -0.7582244795099534, -0.7576374941521166, -0.7572151567530562, -0.7570910179934704, -0.7567833069026247, -0.7566840917508664, -0.7564857294189703, -0.7563667554938622, -0.75624285897007, -0.7561784467435241, -0.7561536753537863, -0.7560050766792704, -0.7559506032355148, -0.7557773240842434, -0.7555793753886466, -0.7554309730538188, -0.7553518458719557, -0.7550947820511873, -0.7550848980191901, -0.7550601889233042, -0.7550354812331572, -0.7548625667493885, -0.7546650344609366, -0.7546354123652367, -0.754605792289845, -0.7545909830096786, -0.7543886401090925, -0.7543442359904604, -0.7541222834727745, -0.7540581849688492, -0.7539595903552372, -0.7538462342138994, -0.7537575413457998, -0.75360483496416, -0.7535752850912558, -0.7534275658783, -0.7532897399299683, -0.7529945458171883, -0.7529896276148305, -0.7529306135304589, -0.7529207786293204, -0.7528421074370389, -0.7523458241809761, -0.7522279788314489, -0.7514676634599571, -0.540405491663527, -0.5403512334894771, -0.5401704218509205, -0.5400649831484751, -0.5400047439526086, -0.5399384904863653, -0.5399384904863653, -0.5398060138679139, -0.5397006635891838, -0.5395863122144078, -0.5395712682221413, -0.5394870314944822, -0.5394028111023985, -0.539276511129621, -0.5392735044350409, -0.5391742951897843, -0.5391532537176452, -0.5391292075691605, -0.5390991517557071, -0.5390450565326473, -0.5390360413171882, -0.5389699354547186, -0.5389549127982742, -0.5389489038811949, -0.5389188605428294, -0.53890383965298, -0.5388257393994169, -0.5387987079682384, -0.5387416471381602, -0.5387296352870744, -0.5386665785189038, -0.5386635760440124, -0.5386545687438808, -0.538651566352017, -0.5386125371464954, -0.5385945248499517, -0.5385585024978811, -0.5385555007700726, -0.5385194816545564, -0.5385104773424267, -0.538495470570394, -0.5384714608136728, -0.5384384495653737, -0.5383484316396071, -0.5382884300531862, -0.5382794305301707, -0.5382764307306073, -0.5382674314562378, -0.538210440381953, -0.5381864463773804, -0.538108475016363, -0.5381024777991471, -0.5380784897584109, -0.5380754913464785, -0.5380275195707276, -0.5379885464042959, -0.5379795530933105, -0.5379166051303749, -0.5378926273537435, -0.5378836360287966, -0.5378566631708024, -0.537847672590394, -0.5378386821961009, -0.5378356854393609, -0.5378296919879154, -0.537814708721158, -0.5378057190092218, -0.5378027224799278, -0.5377907365695009, -0.5377907365695009, -0.53778774014358, -0.5377757546466315, -0.5377667657409837, -0.5377637694804451, -0.5377308119787757, -0.5377248199744447, -0.5376738912752479, -0.537625963836927, -0.5375690568727373, -0.5375660619759055, -0.5375570774093255, -0.537539108833757, -0.5375121573642679, -0.5374971850483407, -0.5374612535959525, -0.537443288984496, -0.5374402949548317, -0.5374223312102913, -0.5374223312102913, -0.5373504836615607, -0.5373295303652814, -0.537299598838425, -0.537251712685826, -0.5371948547366028, -0.5371170611826708, -0.5371170611826708, -0.5371050941803306, -0.5370632122687398, -0.5370303078857042, -0.5370063789910722, -0.5369585251567701, -0.5368957250002145, -0.53687479363255, -0.5368598432732636, -0.5368448934286179, -0.5368389136348509, -0.536791078248569, -0.5367791202252079, -0.5366087541584172, -0.5365908247753244, -0.5365878366167711, -0.5364772892014867, -0.5364085847179197, -0.5363697565562029, -0.5363309318656134, -0.5361935800537352, -0.5353674003898612, -0.5352541841584385, -0.5352512051824572, -0.5351826943740161, -0.38779700320021315, -0.3875213158675505, -0.3873814184789476, -0.3873792991680769, -0.38723097310113275, -0.38722249885577226, -0.3871314111598312, -0.38704669556765714, -0.3868921321975062, -0.38685191239533934, -0.38681169631756396, -0.38680746326284543, -0.38677360031035507, -0.38671434649615216, -0.38669107042369116, -0.3866593323351554, -0.3866445220208878, -0.3866297122116644, -0.3866170184914208, -0.38659163216392967, -0.38658105496542694, -0.3865704780245245, -0.38656836266725497, -0.386553555454858, -0.38655144018001286, -0.386530287998189, -0.3865281728366671, -0.3865239425445277, -0.3865133669944503, -0.3864985616569728, -0.3864964466499629, -0.38648164188928813, -0.38646683763327894, -0.3864583782849878, -0.3864562634736608, -0.38644991910146786, -0.386445689571495, -0.3864414600827125, -0.3864372306351196, -0.3864330012287155, -0.3864330012287155, -0.3864118548144981, -0.3863928239220123, -0.3863928239220123, -0.38637167946394685, -0.3863463074730784, -0.38633785047216973, -0.38632093696438485, -0.3863167086903574, -0.38629556793769276, -0.3862723142983078, -0.3862680864976399, -0.3862680864976399, -0.38625751717602896, -0.386253289519406, -0.38624694811163485, -0.3862448343296209, -0.38620890160937776, -0.38620256084970467, -0.38619199312263613, -0.38617297186189525, -0.38616874502819787, -0.3861476114767629, -0.38610112128324514, -0.3860736521443134, -0.3860567489223479, -0.38605041038371984, -0.38603562082001, -0.3860335080663077, -0.3860250571542783, -0.385963792959529, -0.385963792959529, -0.3859553434039599, -0.3859553434039599, -0.38594478169067103, -0.3859236590346207, -0.3859194346266882, -0.3859130980918343, -0.3859004252994775, -0.38589831320336976, -0.3858940890419693, -0.38588352881821697, -0.38586663299429846, -0.3858180611616697, -0.38580750278641296, -0.3857842752643592, -0.3857842752643592, -0.3857842752643592, -0.3857589375661327, -0.385754714760144, -0.38572726752200737, -0.38571037777607786, -0.3856892665173103, -0.385687155447875, -0.38566393436133584, -0.38565337973243125, -0.38565337973243125, -0.38564704707821035, -0.38564704707821035, -0.38564282536002886, -0.38563227124411625, -0.38563227124411625, -0.38562382813605034, -0.3856196066435699, -0.38561538519212346, -0.38561116378171023, -0.3856006104351919, -0.3855921679426146, -0.3855773939755024, -0.3855773939755024, -0.38557528344979897, -0.38556473097512534, -0.38556473097512534, -0.3855583996133928, -0.3855520683439606, -0.3855520683439606, -0.3855457371668261, -0.385541516433345, -0.3855372957408831, -0.3855246339096047, -0.3855183031323959, -0.385509862239669, -0.3855077520421208, -0.3854972012081758, -0.38548243047126396, -0.38547821035298735, -0.38546977023945506, -0.38546766023670076, -0.3854655502441978, -0.3854528905044521, -0.3854423410032236, -0.38542757213200596, -0.3854233525467615, -0.3854022552354768, -0.3853980358962018, -0.3853495164406474, -0.3853284227158073, -0.3853220947981323, -0.38531998551272967, -0.3852925657346947, -0.3852904565927039, -0.38528412922818867, -0.3852567117138246, -0.38525249378831755, -0.38522086065270816, -0.38519555580306347, -0.3851681438796958, -0.385159709789811, -0.385157601292932, -0.38513862528166015, -0.38513440850286274, -0.3851196500994877, -0.3851070004386144, -0.38509013479723386, -0.38507959410396336, -0.3850395418025564, -0.38502057094894815, -0.38501003194389516, -0.3850016009239886, -0.3850016009239886, -0.38499949319458554, -0.3849784164631468, -0.38494048092400807, -0.38492783648062884, -0.38491519240538064, -0.3849109777954344, -0.38486251272056077, -0.38484565657090053, -0.38483722874140147, -0.38483512180958096, -0.38483512180958096, -0.3848266941845128, -0.38482458730379876, -0.3847929853195531, -0.3847845585121096, -0.38477613186817194, -0.38476559879317046, -0.38475927907078905, -0.3847466399019077, -0.384744533409522, -0.384744533409522, -0.384744533409522, -0.38473610754215076, -0.384723469047597, -0.3847192562978101, -0.38469398065720883, -0.38467502489207106, -0.3846644942689324, -0.3846265861397325, -0.3846265861397325, -0.38461605669104026, -0.38459289280248476, -0.38457604711405613, -0.38457394144894547, -0.3845697301493517, -0.3845507798065145, -0.3845486742639078, -0.384456040493754, -0.38442446531493024, -0.3843971020167596, -0.3843949972190786, -0.3843802639209286, -0.38437184511781897, -0.38429818755121686, -0.3842666238465158, -0.3842434785876062, -0.38407308329054457, -0.3839448050234139, -0.383835482966746, -0.38313395426323427, -0.31665932660769835, -0.31650268232018863, -0.3162723198257333, -0.3161877642587052, -0.3161697758363068, -0.31612480803975773, -0.3161194122170459, -0.3160546675730471, -0.3159449833997395, -0.315937791962644, -0.31593239846296906, -0.3159144206144616, -0.3158730743869246, -0.3158712768141468, -0.31582633991261905, -0.315813758413367, -0.3158029745612441, -0.315785002069398, -0.3157670303212803, -0.31572030725638084, -0.3157041350588399, -0.3156843698574151, -0.31567897950404966, -0.3156556220792113, -0.3156484354319843, -0.31563046933419064, -0.315619690032254, -0.3156143004816135, -0.3156089109978559, -0.31559992867355074, -0.3155981322309828, -0.3155963357958458, -0.3155963357958458, -0.3155711864841357, -0.3155675938442033, -0.3155514273322776, -0.3155460386286984, -0.31554424240903034, -0.3155316690793633, -0.3155011353655669, -0.3154849713273074, -0.31548317536019227, -0.31547419563601947, -0.31546701199036126, -0.3154544408963735, -0.31541672979756075, -0.3154113427650322, -0.3154041601589367, -0.3153987732823199, -0.31539697767162916, -0.31535927156197485, -0.3153449081907915, -0.3153449081907915, -0.3153413174222191, -0.31530541136927703, -0.31530361614455316, -0.31528566430544946, -0.31526412307798607, -0.3152605329772842, -0.31525873793806225, -0.31524976285324074, -0.3152461728712454, -0.31523360816795226, -0.31522642850070565, -0.3152228387115917, -0.3152138643686216, -0.3152138643686216, -0.3152138643686216, -0.31520130060000706, -0.3151977110185883, -0.3151977110185883, -0.3151761741531028, -0.31517437946252075, -0.3151707901036059, -0.3151402817505085, -0.31513848720824283, -0.31512951460814076, -0.31512592562000447, -0.31512413113705845, -0.31512413113705845, -0.31512413113705845, -0.3151223366615271, -0.3151205421934104, -0.3151133643950886, -0.31510618671539575, -0.31508824303514005, -0.31508465438805233, -0.31508465438805233, -0.3150738886247073, -0.31507030009623005, -0.3150380046741878, -0.315016475726962, -0.315016475726962, -0.3150146816961995, -0.31500032971688857, -0.31499315390508603, -0.31498777212404155, -0.31498239040968734, -0.31497162718104305, -0.31497162718104305, -0.3149644518434706, -0.3149644518434706, -0.3149626580276007, -0.31495548283821223, -0.31493933909550437, -0.31493395798128804, -0.3149285769337455, -0.31492319595287493, -0.31492319595287493, -0.31490705341027936, -0.31489629204854563, -0.3148944985141812, -0.3148891179555288, -0.3148855309534606, -0.31488015050590723, -0.3148765635779035, -0.314874770125011, -0.3148693898107704, -0.3148693898107704, -0.31483890262237646, -0.314833522752464, -0.3148227632125661, -0.31481917675850263, -0.31481917675850263, -0.3148155903340563, -0.3148048312384151, -0.3147940724093101, -0.3147922792970383, -0.3147922792970383, -0.31478510692198397, -0.3147779346653795, -0.3147779346653795, -0.3147779346653795, -0.3147564186062261, -0.31475462564941203, -0.3147492468233819, -0.3147456609763714, -0.31474386806396887, -0.314742075158968, -0.31470980413457533, -0.3147044258636368, -0.3147044258636368, -0.31469904765930157, -0.3146954622267457, -0.31469008413341226, -0.3146864987748561, -0.3146847061066777, -0.3146811207925199, -0.31465781697193057, -0.31465781697193057, -0.3146488542969639, -0.3146363068627446, -0.3146165901985126, -0.31461121308179757, -0.31461121308179757, -0.31461121308179757, -0.31460045904809, -0.31459866673502795, -0.31457895177951845, -0.31457357512879175, -0.3145646141921646, -0.3145646141921646, -0.3145538613122661, -0.31455206919150003, -0.3145466928735726, -0.31452698027724074, -0.3145180203019585, -0.3145162283290843, -0.3145036847259925, -0.31450189281226826, -0.31449830900700015, -0.31449472523130534, -0.31449472523130534, -0.31449472523130534, -0.31449293335454787, -0.3144911414851835, -0.3144911414851835, -0.3144857659214488, -0.3144750149935865, -0.31447322319815035, -0.31447322319815035, -0.3144696396294556, -0.3144553056503663, -0.3144230559270677, -0.3144033489416822, -0.3144015574418981, -0.31437289445035843, -0.3143693117094245, -0.3143549810412418, -0.3143549810412418, -0.31435318974096776, -0.3143496071625847, -0.3143496071625847, -0.31434065084592094, -0.314335277144579, -0.3143191564394873, -0.3143191564394873, -0.31431199187373987, -0.3143084096351884, -0.3143048274261845, -0.31429945416807914, -0.3142904988856342, -0.3142869168243606, -0.3142815437878461, -0.31427437984256346, -0.3142546796023466, -0.3142528887157293, -0.3142242355341706, -0.31421886327308046, -0.3142009562160532, -0.3141991655509592, -0.3141848404959963, -0.31417409701484833, -0.31417051591352485, -0.3141651443169059, -0.3141561918035137, -0.31410964170852956, -0.31410964170852956, -0.3140935293765356, -0.31408994893949166, -0.3140630966025085, -0.3140595164163504, -0.3140416159282554, -0.31401297668186295, -0.3139986577668587, -0.3139968679356774, -0.3139485452818209, -0.3139395972322255, -0.3139234912075324, -0.3139127541895607, -0.3139127541895607, -0.3139091752425583, -0.3138948597494761, -0.31383044586943615, -0.31383044586943615, -0.31382150025276334, -0.31377677493312334, -0.31376604154174564, -0.3137570972515639, -0.31374457555477014, -0.3137374204615507, -0.31371774456300294, -0.31366051065348627, -0.3136229549990422, -0.3136229549990422, -0.31353354984352566, -0.3135228224615887, -0.31352103459036024, -0.3134799155833838, -0.31346203896850094, -0.31342450047225107, -0.31327437892545784, -0.303369314672532, -0.30329596532806524, -0.30305504752497336, -0.30295557698535774, -0.30288404208563, -0.3028805528797144, -0.3026590456923899, -0.3026433526186469, -0.302599763722237, -0.30257361248418524, -0.3025666390866473, -0.30256489575475815, -0.3025352601832906, -0.30250911282894305, -0.30249691126896694, -0.30247773808158235, -0.3024498513199647, -0.3024463656006645, -0.30243590861062264, -0.30239756846781507, -0.30236794431190933, -0.30235051928173867, -0.30234354946542424, -0.30222159578308716, -0.3021937254634101, -0.30219198362781413, -0.3021832745546229, -0.302160631781637, -0.30215889007876534, -0.3021554066939767, -0.30215192333712737, -0.3021362485770418, -0.3021327653738504, -0.30213102378273093, -0.30212231593189276, -0.3021205743826766, -0.3021014178022107, -0.3020805206780925, -0.30206833115336, -0.3020648484948469, -0.30206136586426136, -0.3020404706672033, -0.30203698823209857, -0.3020178353381531, -0.3020178353381531, -0.30200564757268455, -0.3020021654168001, -0.30199694223532253, -0.30198475505616246, -0.30196908632832303, -0.3019656044655717, -0.30196212263073524, -0.3019551590448051, -0.30195167729371053, -0.301948195570529, -0.30193600975920276, -0.30191512059238373, -0.30190989845766736, -0.30190641706940785, -0.30189249179543776, -0.3018907511675858, -0.3018750858308448, -0.30186464258693146, -0.3018629020706937, -0.3018524591197489, -0.3018367951641459, -0.3018228721223269, -0.3018211317734837, -0.3018124301338776, -0.3018054689477214, -0.30180372866861643, -0.30180024813132694, -0.30179502737769315, -0.3017915469101369, -0.3017915469101369, -0.30178458605870134, -0.30177588515129683, -0.301774144990734, -0.301763704173779, -0.301761964062023, -0.3017602239572391, -0.3017532636078243, -0.30174804341896827, -0.30174804341896827, -0.301744563327923, -0.3017428232928578, -0.3017428232928578, -0.301739343243642, -0.30173586322231205, -0.30173064324260196, -0.3017115038537669, -0.30170106454263257, -0.30169236530836885, -0.30168714585145034, -0.30168714585145034, -0.30167496736258, -0.3016697481147488, -0.30165930980725364, -0.30164887175063815, -0.3016436528164065, -0.3016401735617607, -0.3016401735617607, -0.30163843394489026, -0.30163669433498796, -0.3016349547320539, -0.3016245172607774, -0.30161929861920467, -0.3016140800403403, -0.3016053825482475, -0.301600164136598, -0.3015914669231878, -0.3015914669231878, -0.3015845092778606, -0.30158276988394517, -0.30158276988394517, -0.3015810304969961, -0.3015810304969961, -0.3015723336667453, -0.3015723336667453, -0.30156885498340796, -0.3015584191005777, -0.30154624422087817, -0.30154276574650923, -0.3015392873000009, -0.30153233049056416, -0.3015236346354759, -0.30151841720599765, -0.301516678076767, -0.301516678076767, -0.3015045043671501, -0.301497548114862, -0.301497548114862, -0.3014923309987649, -0.30149059197399297, -0.30149059197399297, -0.3014888529561845, -0.30148537494145783, -0.30148015797159233, -0.3014784189955635, -0.3014784189955635, -0.3014732021092552, -0.30146798528561314, -0.3014645074379989, -0.3014558129408083, -0.3014558129408083, -0.3014453797739366, -0.3014436409371587, -0.30144190210734273, -0.30142451419207894, -0.3014227754388409, -0.3014140817770689, -0.3014071269729499, -0.30139669497559396, -0.301391479070883, -0.3013897404498999, -0.3013897404498999, -0.3013897404498999, -0.301384524628712, -0.30138278603556956, -0.3013793088701647, -0.3013723546228732, -0.3013723546228732, -0.30137061607844967, -0.3013688775409858, -0.3013688775409858, -0.30136018495805855, -0.3013514925491135, -0.3013514925491135, -0.3013428003141436, -0.3013428003141436, -0.30133932346886716, -0.3013375850566669, -0.301334108253142, -0.30132541636610155, -0.3013236780095682, -0.3013236780095682, -0.3013202013173758, -0.3013115097086589, -0.3013097714077889, -0.3013080331138766, -0.30130281827388516, -0.3012993417486782, -0.3012993417486782, -0.3012889123400316, -0.301278483181837, -0.3012767450131532, -0.3012767450131532, -0.3012732686966555, -0.3012611018080402, -0.30125936370892004, -0.30125936370892004, -0.30125067331765903, -0.3012385070620347, -0.3012367690533389, -0.3012298170881086, -0.30122112728806016, -0.3012159134914896, -0.30121243766188255, -0.30121243766188255, -0.30121243766188255, -0.30120548608612274, -0.30120374820956874, -0.301202010339969, -0.30119853462163226, -0.30118636982650476, -0.30118463202644474, -0.3011742053721095, -0.30116725440828657, -0.3011568281711443, -0.30115509048928896, -0.3011533528143863, -0.3011533528143863, -0.3011377140531256, -0.30113423884932067, -0.30113423884932067, -0.30113423884932067, -0.30112207585498985, -0.30111686324740977, -0.3011099132012903, -0.30110817570713877, -0.30110643821993843, -0.30110470073968926, -0.3010942760041654, -0.3010803767460412, -0.3010803767460412, -0.3010803767460412, -0.3010734272837887, -0.30107168993560096, -0.30106995259436325, -0.30106995259436325, -0.30106821526007554, -0.3010664779327378, -0.30105952869288494, -0.3010491050415943, -0.3010404188566257, -0.3010404188566257, -0.3010386816404793, -0.3010352072290335, -0.3010126242321313, -0.3010126242321313, -0.3010039387767658, -0.3010039387767658, -0.3010039387767658, -0.30100046464325514, -0.3009969905375355, -0.3009935164596065, -0.30099004240946764, -0.30098483138636495, -0.3009830943925587, -0.3009813574056997, -0.30097962042578774, -0.30097440952773447, -0.30096051410525315, -0.30095356656073, -0.30095182969196504, -0.3009500928301463, -0.30094314545233225, -0.30094314545233225, -0.30094140862524366, -0.30093793499190413, -0.3009344613863477, -0.30093098780857397, -0.30092925103010537, -0.30092925103010537, -0.30092056724194377, -0.30091709377529596, -0.30091709377529596, -0.30091188362741234, -0.30090841023021475, -0.30090667354203327, -0.30090320018650435, -0.30089972685875416, -0.30089799020529584, -0.3008962535587821, -0.30088409722762666, -0.3008806240526509, -0.3008806240526509, -0.3008649951089783, -0.30085978558607124, -0.3008563126055163, -0.30084936672772383, -0.30084589383048543, -0.300830266136576, -0.3008198479863766, -0.30080769379367045, -0.30080248495806444, -0.300799012435701, -0.3007903312512646, -0.30078859503520067, -0.30077817788457606, -0.30077644171709794, -0.3007747055565604, -0.30075908042404054, -0.3007556082487114, -0.3007347757796757, -0.3007313037986555, -0.3007313037986555, -0.30072956781855414, -0.3007174161521365, -0.3007017930806131, -0.30069484967366544, -0.30068096319279025, -0.30068096319279025, -0.30068096319279025, -0.30067749164194807, -0.30067575587693324, -0.30067575587693324, -0.3006705486235126, -0.3006601343039748, -0.3006601343039748, -0.30065319156302145, -0.30065145589512493, -0.30064798458014164, -0.30064798458014164, -0.30062195060213964, -0.30062021505909353, -0.3006184795229831, -0.3006167439938081, -0.30059244731356194, -0.3005785641065438, -0.30057682873687136, -0.3005646813433197, -0.3005577401281215, -0.30054559326846675, -0.30054212279953674, -0.3005299763766718, -0.30052477087086465, -0.3005213005683228, -0.30051088982707425, -0.30051088982707425, -0.30050221440000086, -0.30050221440000086, -0.3004918041162632, -0.3004918041162632, -0.3004727192441649, -0.30046924935752367, -0.3004588398639371, -0.30044843061984716, -0.3004432260913596, -0.3004310824341014, -0.30042414335383416, -0.3004154696594101, -0.3004085308285946, -0.30040506145476015, -0.300399857445974, -0.30039812279023587, -0.30039638814142616, -0.3003929188645922, -0.30037730746178665, -0.30034608633960425, -0.3003408830374454, -0.3003270078697922, -0.30030793023805663, -0.30028538502640034, -0.30026457510053595, -0.30026110687650076, -0.30025243643758465, -0.3002507023705733, -0.3002420321393724, -0.3002368300837349, -0.3002316280904077, -0.3002316280904077, -0.3002298941064786, -0.30018481295418475, -0.30017961158387946, -0.30016054042570817, -0.3001553393460953, -0.3001414701049711, -0.30013973648097275, -0.30010853243231583, -0.300077330625508, -0.3000703971950781, -0.3000582639581694, -0.30005133083212615, -0.2999941367650558, -0.29997853969026755, -0.2999369502291209, -0.299926553486108, -0.29989363210846465, -0.2998520507771621, -0.2998451209423216, -0.29983126160436024, -0.29977582867492564, -0.29966152059866386, -0.29961476687402905, -0.29957148087560154]
"Number of good channels:"
0
"R=0.0"
"Frozen channels:"
1024
