"MONTE _CARLO CHANNEL REPORT"
"---------------------------"
"N=1024"
"p=0.1"
"Capacity for 1024channels:543"
"No of good channels needed :5(valid if used)"
"tolerable error exponent:-5"
"Z Construct--------------------------------------------------------"
"Good Channels:"
[1023, 511, 767, 895, 959, 991, 1007, 1015, 1019, 1021, 255, 383, 639, 447, 703, 831, 479, 735, 863, 927, 495, 751, 879, 943, 975, 503, 759, 887, 951, 983, 507, 763, 1022, 891, 999, 955, 987, 1003, 509, 765, 893, 127, 191, 319, 957, 223, 575, 351, 607, 415, 239, 671, 367, 623, 799, 989, 431, 687, 1011, 815, 463, 247, 719, 375, 631, 847, 439, 695, 823, 911, 471, 727, 1005, 855, 251, 510, 919, 379, 766, 487, 635, 743, 443, 894, 699, 871, 827, 475, 958, 731, 935, 859, 1013, 923, 990, 491, 747, 967, 253, 875, 381, 637, 445, 63, 701, 939, 95, 159, 829, 111, 287, 477, 175, 543, 733, 1006, 499, 303, 755, 207, 559, 861, 119, 335, 971, 883, 183, 591, 311, 399, 1017, 215, 567, 655, 493, 925, 343, 749, 947, 599, 783, 407, 254, 877, 123, 231, 663, 382, 187, 359, 638, 315, 615, 791, 446, 1014, 219, 571, 423, 941, 702, 347, 979, 679, 603, 501, 830, 411, 478, 757, 807, 235, 455, 667, 734, 363, 711, 885, 125, 619, 973, 795, 862, 189, 427, 839, 317, 683, 31, 995, 221, 573, 494, 949, 243, 47, 349, 926, 750, 811, 1018, 459, 371]
"Corresponding Error Exponents:"
[-227.17311960714886, -113.28552980791045, -112.98449981224647, -112.3824398209185, -111.1783198382626, -108.77008014946294, -103.95556038854119, -94.55504910482293, -78.77894459490052, -58.586534703363775, -56.19121991045925, -55.89018991479527, -55.58915991913129, -55.28812992346732, -54.987099927803335, -54.38503993647538, -54.08401007906749, -53.78298008340351, -53.18092009207557, -51.97680038593183, -51.67675019860661, -51.37572020294263, -50.773660211614754, -49.5695407818272, -47.16326057156592, -46.97649455674748, -46.6754645610835, -46.07340456975686, -44.86928672581931, -42.46490073265346, -39.08844230178628, -38.7874123061223, -38.76900553631657, -38.18535231491777, -37.87797692412914, -36.98125304125436, -34.58499861789973, -30.170934179491052, -28.992237356017906, -28.691207360353925, -28.089147410282944, -27.493549963901664, -27.192519968237686, -26.89148997257371, -26.885406011597745, -26.590460046037773, -26.59045997690974, -26.289430050373802, -25.988400054709846, -25.687370197301934, -25.386830105807334, -25.386340201637996, -25.085800110143396, -24.784770114479503, -24.784280486822187, -24.52826912333807, -24.48374039524962, -24.18271039958581, -23.714650213230083, -23.58065096112609, -23.28060029011898, -23.03670228487777, -22.9795702944557, -22.73567228921445, -22.434642293551782, -22.37751140824051, -22.133613367245673, -21.832583371584324, -21.230525518972758, -21.175350351799935, -20.93142037066275, -20.630390375009277, -20.53132784157339, -20.028334656369317, -19.092676157397168, -19.083472772494307, -18.828065441333706, -18.791646161794905, -18.782442776918536, -18.63795846640059, -18.490616166254362, -18.33692847088394, -18.1895965249632, -18.180395164633463, -17.88856652954609, -17.73488447753753, -17.28652724702549, -16.991469313285883, -16.982827151863706, -16.6904393186026, -16.538211903731618, -16.08842060201218, -15.350252841708796, -14.896255204355807, -14.784843619548386, -14.784437094081547, -14.483407110864166, -14.353927683184104, -14.044573684512983, -13.881494157389882, -13.743543709477493, -13.442513755070493, -13.1416730101349, -12.9941999927909, -12.840643096966899, -12.699903697904402, -12.693170031690963, -12.392140105155061, -12.23896162773767, -12.091355061575857, -12.091110247747201, -11.963104566005171, -11.7903252041291, -11.790080528595308, -11.662074890759223, -11.590427073042001, -11.556295110951362, -11.489295484899415, -11.25526562711254, -11.188755151564573, -11.188266042103407, -11.060760811139673, -10.916291151113226, -10.88772570845768, -10.677045274697475, -10.65414831773066, -10.615261690130813, -10.586696817905414, -10.314232763827663, -10.286645180241598, -10.208993294981392, -10.014165191851166, -10.013204906876128, -9.985617392308697, -9.964633925134493, -9.907184175754951, -9.713137332541695, -9.663607128008781, -9.506799090503911, -9.412111609549953, -9.3855146713926, -9.11300272508657, -9.0901913928835, -9.063902749132914, -8.944278087586637, -8.867434239925318, -8.811981255824875, -8.789167586829173, -8.643253269355936, -8.566412243399439, -8.488149970075762, -8.342233628342495, -8.265398245496021, -8.213765637238327, -8.190383580968263, -8.075246667282245, -8.044189664618015, -8.041224341115576, -7.968075957370381, -7.949120879096232, -7.889378249749839, -7.743180307303409, -7.701976981154957, -7.667077820063118, -7.442191584905998, -7.374096429778464, -7.293851729327871, -7.147097614251887, -7.091391822907171, -7.07312955968546, -7.072441342739736, -6.940673572214703, -6.875933860375497, -6.84614959709694, -6.790449235317866, -6.639717107919949, -6.575015879248118, -6.481510203539511, -6.420226923128248, -6.338834131442906, -6.291194390736439, -6.2559826997465295, -6.200668525674399, -6.119291635315452, -6.048921950295095, -5.986850143830221, -5.818450983124952, -5.7481821803050694, -5.594010545145804, -5.5535981411866455, -5.530007770133723, -5.517799385869619, -5.4941838888263375, -5.463067536907066, -5.3266033297175985, -5.293103578255872, -5.229351050192186, -5.197514148298538, -5.193703484827544, -5.168433953300716, -5.039734221829069, -5.0374936376224655, -5.026045185742202]
"Number of good channels:"
203
"R=0.1982421875"
"Frozen channels:"
821
"Monte Carlo--------------------------------------------------------"
"sim ran :500000"
"Good Channels:"
[]
"Corresponding Error Exponents:"
[]
[-0.9788768841794895, -0.7285440881233464, -0.7277405570597776, -0.7273602113431641, -0.727323122271712, -0.7271238227615702, -0.7270867538715242, -0.7266792047676892, -0.7265264724004026, -0.72598077748067, -0.7238968091329164, -0.5181104072604247, -0.5177783471845249, -0.5176667633021111, -0.5174722753356785, -0.5174522594591038, -0.5174122304732325, -0.5174007942977528, -0.5173693463678799, -0.5173350421322209, -0.5172750162391104, -0.5171721340061001, -0.5171635615867196, -0.517109273526357, -0.5171035593884303, -0.5171007023476601, -0.5169864361262397, -0.5169493060765659, -0.5167066108773939, -0.5165382315628921, -0.5164383763701423, -0.5163927359277298, -0.5163471002812132, -0.5163442482125218, -0.5163128766930262, -0.5162615463669243, -0.5162501404516379, -0.5161959664444432, -0.516158903911706, -0.516156053078653, -0.5160733870595119, -0.5160021358769737, -0.5159850373324371, -0.5159081022115846, -0.515885309237347, -0.5157200959394264, -0.5156403602844896, -0.5156318180468148, -0.5156261233150408, -0.5155891093785475, -0.5154126247600214, -0.5153329455310636, -0.5148523346162975, -0.5141054579385396, -0.5140969458376282, -0.5140827593735116, -0.37531371359938237, -0.37498816013548053, -0.3744179996379946, -0.37421646132948855, -0.3740663966123702, -0.3740458438392967, -0.37401296142535684, -0.37397802658827783, -0.37396569731668977, -0.37393898509561163, -0.3738937835409789, -0.3738896745420158, -0.37387940221468974, -0.3738752933517901, -0.3738752933517901, -0.3738732389349179, -0.37383626109296064, -0.3738013404662707, -0.37370275620379945, -0.3736452590501771, -0.37363909909232323, -0.3736226729651844, -0.37361240695120657, -0.373575451310079, -0.3735097601561706, -0.3734912863092932, -0.3734810234005753, -0.3734625507760241, -0.37344407893716874, -0.3734338171439449, -0.37342766018439527, -0.37340508541280387, -0.3733968766958803, -0.37337840765006874, -0.3733722514759996, -0.37336814740843327, -0.37334147191455297, -0.3733209534187586, -0.37330659104847863, -0.37327786773275595, -0.3732717129836767, -0.3732306835520566, -0.37322863218222246, -0.37322863218222246, -0.3732122215723637, -0.3732040164999678, -0.3732040164999678, -0.3731999140219006, -0.373189657996275, -0.37318760682021357, -0.37318145335015485, -0.37317529996728277, -0.37317324885903314, -0.3731568403417614, -0.3731363305669333, -0.3731342796427216, -0.3731322287281953, -0.3731240251669409, -0.3731117201156026, -0.37310351694173083, -0.3731014661724729, -0.3730871110588096, -0.37308095901248933, -0.37305430115209315, -0.3730419980760887, -0.3730112419108202, -0.37300304063459405, -0.372998940054558, -0.37299483951323903, -0.37293333603900214, -0.37292718617059784, -0.3729066872381803, -0.37289848793612257, -0.3728861892732777, -0.3728800400724587, -0.372836998104426, -0.372836998104426, -0.37282470118274635, -0.3728001083838892, -0.3727673201515556, -0.3727652709692246, -0.37276322179656257, -0.3727488778586479, -0.37274273060170815, -0.37273863247875433, -0.3727242893529426, -0.37271404455308976, -0.3726997022392891, -0.3726730677702067, -0.3726710190325484, -0.3726587268095534, -0.37265053218750677, -0.3726423377200801, -0.37263209485322196, -0.3726259492490629, -0.3726095613964553, -0.37258907745026304, -0.37257678754628193, -0.3725337756209598, -0.3725194392590985, -0.37251124726479656, -0.3724518599268808, -0.3724170504350372, -0.3723945281328423, -0.3723781490102866, -0.37237405432616577, -0.3723720069985825, -0.3723003566128752, -0.37228398104148264, -0.3722512317509603, -0.3722389514036697, -0.372230764698386, -0.3722287180461781, -0.3722164383354717, -0.37221029861031973, -0.37216732296444976, -0.372114120913274, -0.37188092728634703, -0.37187683728750626, -0.37166625440153445, -0.31282968042523496, -0.31262445119836696, -0.3126119621153161, -0.31244250291913966, -0.31243358584544884, -0.3124050524399285, -0.3123872200134081, -0.3123533404201295, -0.31232124640113, -0.3122374565313076, -0.312232108790568, -0.3122214135066351, -0.31221963098492017, -0.3122178484705213, -0.3122125009712212, -0.31218576446233826, -0.31215011834405143, -0.312142989471473, -0.3121322963820118, -0.3121198214437244, -0.3121198214437244, -0.31207883488358723, -0.31206814337358796, -0.31204497933815534, -0.31204497933815534, -0.31204319754044957, -0.3120378521911934, -0.3120307251611922, -0.3120289434219665, -0.31201112643173606, -0.31201112643173606, -0.3120075631214016, -0.311996873365813, -0.311996873365813, -0.3119950917654622, -0.31196836863719984, -0.31196658715377956, -0.31196480567766693, -0.3119238337438487, -0.3119202711496606, -0.311913146048957, -0.31190602106514687, -0.31189355262474283, -0.31187574118795874, -0.3118650546765123, -0.31185793048163346, -0.3118525874121664, -0.31185080640361845, -0.31185080640361845, -0.3118240921518152, -0.3118240921518152, -0.311806283563482, -0.3118027219334443, -0.31179203721858056, -0.3117849142213743, -0.3117493009876346, -0.3117421786913182, -0.3117243734615256, -0.3117208125031629, -0.3117208125031629, -0.3117172515739978, -0.31169410624608107, -0.31169054553588205, -0.3116585004577388, -0.31163535826061395, -0.31163179803204566, -0.3116228975883106, -0.31159797731620836, -0.3115944173940645, -0.31158195789635434, -0.3115801779972894, -0.3115766182210433, -0.3115712786113831, -0.31156593906737207, -0.31156415923395686, -0.3115605995890086, -0.31155881977747557, -0.31155881977747557, -0.31155526017629115, -0.31155526017629115, -0.31152500474412675, -0.3115178861252201, -0.3115072084156357, -0.3115072084156357, -0.3115072084156357, -0.3114983105248515, -0.31148051529016846, -0.3114680590597265, -0.31146627962739887, -0.3114520444312423, -0.31144314767058284, -0.3114360303932765, -0.3114360303932765, -0.31142891323260713, -0.31142179618857097, -0.31142179618857097, -0.3114093416421448, -0.3114057832659099, -0.3114004457562234, -0.31139332917868173, -0.31137731730557733, -0.31137731730557733, -0.31136664305146333, -0.31135774804010796, -0.31134173747875604, -0.3113221698164083, -0.3113203909817302, -0.3113203909817302, -0.31131861215433804, -0.31131149691762744, -0.3113026030356655, -0.3113008242811294, -0.31129904553387855, -0.3112972667939129, -0.3112830371364482, -0.31127947979493004, -0.31127058656861334, -0.311268807945203, -0.31125635778528504, -0.3112367939693578, -0.31123145853614476, -0.3112279016170843, -0.3112225662931146, -0.3112101174587421, -0.31120656071446234, -0.3111994473132878, -0.3111994473132878, -0.31119411233886674, -0.3111532130454134, -0.3111496567671317, -0.31114610051797076, -0.31114432240431045, -0.3111212075891872, -0.3111212075891872, -0.3111123176032517, -0.31110698369903833, -0.31110342779929007, -0.3110927602747311, -0.31109098237944566, -0.3110856487372585, -0.31105898150882866, -0.31105720375181956, -0.3110554260020875, -0.31103231591776115, -0.31103231591776115, -0.3110216501397505, -0.3110216501397505, -0.31101987253554814, -0.31101987253554814, -0.3109843219793508, -0.3109843219793508, -0.31097898964690873, -0.3109701025716609, -0.31096477041380294, -0.31096477041380294, -0.3109612156782678, -0.31095943832141104, -0.31095766097182814, -0.3109523289667219, -0.3109434424370158, -0.31093633334417065, -0.31093100160090403, -0.3108954583184778, -0.3108865729523703, -0.3108616948943405, -0.3108599179447266, -0.31085281021897554, -0.31085103330571356, -0.31085103330571356, -0.3108457026095486, -0.3108030593955809, -0.31079595260031645, -0.31079595260031645, -0.310790622580186, -0.31078884592134565, -0.31078173935866477, -0.3107515377645418, -0.3107426553424318, -0.3107408788798097, -0.31073377310198613, -0.3107284438449145, -0.31072489104319734, -0.31069646967572095, -0.31066982633283524, -0.3106520650122742, -0.31064140856859135, -0.310625424393328, -0.31057569960992265, -0.3105703722922167, -0.3105597178528451, -0.31053840975821806, -0.3105277561029369, -0.3105153271687434, -0.3105064495763755, -0.31048336868546494, -0.3104798178880428, -0.31047804250021843, -0.3104602890211397, -0.31043366016321483, -0.3104265594101802, -0.3104194587732417, -0.31037508242244016, -0.31027569584796827, -0.3102419805698902, -0.31023665734418554, -0.31023488295011675, -0.31023488295011675, -0.31016213903452133, -0.31016036494488475, -0.3094920490022847, -0.30328898032226453, -0.3031824729015557, -0.3028508957612076, -0.30267473933321687, -0.3026590456923899, -0.30262940369580166, -0.3025474628207472, -0.3025404898430743, -0.3025143421738748, -0.3025003973939802, -0.30246030864573004, -0.302439394245994, -0.30241150994630916, -0.3024027964698042, -0.3023662017774307, -0.30235923170943174, -0.30235051928173867, -0.30233832217659284, -0.30233657976096384, -0.3023313525560205, -0.3022860527484273, -0.302275599617657, -0.3022686310035846, -0.30225643619801157, -0.3022303056247902, -0.302202434746182, -0.3022006928756552, -0.30219546730599217, -0.3021937254634101, -0.30218153276094206, -0.30217979097424685, -0.3021710821455537, -0.30216585693216214, -0.30216411520833536, -0.3021466983542385, -0.3021466983542385, -0.30214321506723535, -0.30213799018911375, -0.30213450697195404, -0.302108383733704, -0.3020840034622855, -0.3020840034622855, -0.3020718138398012, -0.30206833115336, -0.3020648484948469, -0.3020631071760632, -0.30204395313023247, -0.3020300234456609, -0.30202131761968104, -0.3020195764754268, -0.3020195764754268, -0.30200564757268455, -0.30200390649125236, -0.3019864960608183, -0.3019812730677887, -0.3019777911073318, -0.30197430917479134, -0.301967345393458, -0.30196386354466415, -0.30196212263073524, -0.30194993642863066, -0.301948195570529, -0.3019429730380928, -0.301939491384692, -0.301939491384692, -0.3019307873733019, -0.3019290465919569, -0.30191686131791, -0.30191686131791, -0.30191512059238373, -0.30190641706940785, -0.3019046763857433, -0.3019011950393445, -0.3018977137208523, -0.3018890105467101, -0.30188378872594024, -0.3018750858308448, -0.3018698641774978, -0.3018629020706937, -0.3018576805638327, -0.301854199594135, -0.30185071865233787, -0.30184723773844085, -0.3018402759943453, -0.3018385355757583, -0.30183505475950806, -0.30183505475950806, -0.30183157397115595, -0.30182983358744153, -0.30182461247814424, -0.30181765109671943, -0.30181591076879827, -0.301814170447851, -0.301814170447851, -0.3018124301338776, -0.3018072092338, -0.30179502737769315, -0.3017932871404284, -0.3017932871404284, -0.30178980668681843, -0.30178980668681843, -0.30178632626110075, -0.30178284586327486, -0.30178110567482125, -0.3017776253188323, -0.301774144990734, -0.3017689245508807, -0.3017654442925073, -0.301761964062023, -0.3017584838594274, -0.3017532636078243, -0.30175152353790047, -0.30175152353790047, -0.30173760322949134, -0.30173586322231205, -0.30173064324260196, -0.3017289032633077, -0.30171324376335257, -0.3017115038537669, -0.3017115038537669, -0.301706284166833, -0.30170106454263257, -0.30169932468183963, -0.30169758482801684, -0.30169062548242614, -0.30168366624835363, -0.30167844689598095, -0.30167670712579575, -0.30167148785705655, -0.30167148785705655, -0.3016697481147488, -0.3016680083794102, -0.3016662686510408, -0.3016645289296405, -0.3016627892152092, -0.3016575701137292, -0.30165061140931904, -0.3016436528164065, -0.3016401735617607, -0.30163669433498796, -0.30163669433498796, -0.30162973596506, -0.30162625682190375, -0.3016245172607774, -0.301617559085949, -0.3016140800403403, -0.30160886152418276, -0.30160886152418276, -0.30159668523033334, -0.30159494578765134, -0.3015792911170134, -0.3015775517439971, -0.30157581237794695, -0.301574073018863, -0.30156885498340796, -0.30156015839696826, -0.3015549405286933, -0.30154972272310804, -0.30154972272310804, -0.30154972272310804, -0.30154276574650923, -0.3015392873000009, -0.3015392873000009, -0.3015392873000009, -0.3015375480871943, -0.30153580888135273, -0.30153406968247604, -0.30153233049056416, -0.3015305913056171, -0.3015236346354759, -0.30151841720599765, -0.3015114607308608, -0.3015114607308608, -0.301497548114862, -0.30149580906919937, -0.30149580906919937, -0.30149580906919937, -0.3014940700305003, -0.3014888529561845, -0.3014871139453395, -0.30148537494145783, -0.3014784189955635, -0.30147668002649775, -0.30147146316107837, -0.30147146316107837, -0.30147146316107837, -0.30146798528561314, -0.3014662463583247, -0.3014645074379989, -0.30145929071879707, -0.30145929071879707, -0.3014505963260426, -0.3014488574683785, -0.3014471186176765, -0.3014453797739366, -0.3014436409371587, -0.3014436409371587, -0.3014401632844887, -0.3014384244685966, -0.3014384244685966, -0.3014366856596662, -0.3014332080626905, -0.3014279917194392, -0.3014262529522784, -0.30142451419207894, -0.3014227754388409, -0.30142103669256415, -0.3014175592208943, -0.3014088656635383, -0.3014088656635383, -0.3014088656635383, -0.3014071269729499, -0.3014053882893223, -0.30140017228020355, -0.30139669497559396, -0.301391479070883, -0.3013862632288145, -0.301384524628712, -0.301384524628712, -0.30137583173259935, -0.30137409317425645, -0.30137409317425645, -0.3013723546228732, -0.3013723546228732, -0.30136713901048146, -0.3013654004869366, -0.3013654004869366, -0.3013654004869366, -0.3013584464623512, -0.3013549694918141, -0.30135323101698425, -0.301346277187255, -0.3013445387472199, -0.30134106188802606, -0.30133932346886716, -0.3013358466514252, -0.301334108253142, -0.3013271547295931, -0.3013271547295931, -0.3013271547295931, -0.30132541636610155, -0.3013236780095682, -0.3013167246530154, -0.30131498633127207, -0.3013115097086589, -0.3013097714077889, -0.3013062948269219, -0.3013045565469248, -0.3013045565469248, -0.3013045565469248, -0.301301080007803, -0.301301080007803, -0.3012854359261393, -0.301278483181837, -0.3012767450131532, -0.3012767450131532, -0.3012750068514261, -0.3012750068514261, -0.3012750068514261, -0.3012750068514261, -0.3012680542740825, -0.3012645780271489, -0.3012645780271489, -0.3012645780271489, -0.30126283991411645, -0.30125936370892004, -0.30125762561675595, -0.3012541494532957, -0.3012541494532957, -0.3012541494532957, -0.30125241138199943, -0.30125067331765903, -0.30124719720984544, -0.3012454591663722, -0.30124198310029243, -0.3012385070620347, -0.3012332930568133, -0.30123155506898336, -0.3012298170881086, -0.30121938934891523, -0.30121938934891523, -0.30121938934891523, -0.3012159134914896, -0.30120722396963107, -0.301202010339969, -0.30119853462163226, -0.301196796772895, -0.301196796772895, -0.30118810763351855, -0.30118810763351855, -0.30118636982650476, -0.30117941866798636, -0.30117941866798636, -0.30117941866798636, -0.30117768089574065, -0.30117768089574065, -0.3011759431304484, -0.30116551668471375, -0.301163778968094, -0.3011568281711443, -0.3011568281711443, -0.3011568281711443, -0.3011568281711443, -0.30115509048928896, -0.3011533528143863, -0.3011533528143863, -0.301149877485439, -0.30114813983139416, -0.30114466454416194, -0.30114466454416194, -0.30114292691097444, -0.30114292691097444, -0.30114118928473926, -0.3011377140531256, -0.3011359764477471, -0.3011290260957534, -0.3011238134047531, -0.30111686324740977, -0.3011151257254528, -0.3011099132012903, -0.3011099132012903, -0.3011099132012903, -0.30110296326639113, -0.30110122580004417, -0.301097750888203, -0.301097750888203, -0.301097750888203, -0.3010890637302396, -0.30108558891570886, -0.3010803767460412, -0.3010803767460412, -0.3010803767460412, -0.30107516463892653, -0.30107516463892653, -0.3010734272837887, -0.30106995259436325, -0.30106995259436325, -0.30106821526007554, -0.3010647406123499, -0.30106300329891184, -0.30106300329891184, -0.30105952869288494, -0.30105431683596695, -0.30105084229943585, -0.30105084229943585, -0.3010456305467593, -0.3010386816404793, -0.3010386816404793, -0.3010386816404793, -0.3010386816404793, -0.3010352072290335, -0.30103173284538315, -0.30103173284538315, -0.30102825848952797, -0.30102825848952797, -0.3010265213220233, -0.3010265213220233, -0.30102478416146733, -0.30102478416146733, -0.3010230470078598, -0.3010213098612009, -0.3010213098612009, -0.3010178355887282, -0.3010160984629143, -0.3010160984629143, -0.3010126242321313, -0.3010091500291411, -0.3010056758539429, -0.30100220170653647, -0.30099872758692137, -0.3009969905375355, -0.30099177943106326, -0.30099004240946764, -0.30099004240946764, -0.3009883053948193, -0.3009830943925587, -0.30097788345282295, -0.30097614648680515, -0.30097614648680515, -0.30097614648680515, -0.30096746176092015, -0.30096746176092015, -0.30096746176092015, -0.3009657248365834, -0.3009657248365834, -0.30096398791919343, -0.30096398791919343, -0.30096051410525315, -0.30095877720870273, -0.30095877720870273, -0.30095356656073, -0.30095182969196504, -0.3009500928301463, -0.3009500928301463, -0.30094835597527364, -0.30094835597527364, -0.3009448822863667, -0.30094140862524366, -0.300939671805101, -0.30093793499190413, -0.30093793499190413, -0.30093272459398807, -0.30093098780857397, -0.30092925103010537, -0.30091883050514723, -0.30091709377529596, -0.30091188362741234, -0.30090841023021475, -0.30090667354203327, -0.3008962535587821, -0.3008945169192127, -0.3008945169192127, -0.3008910436609071, -0.3008893070421707, -0.3008875704303785, -0.30088409722762666, -0.3008806240526509, -0.3008806240526509, -0.3008736777860262, -0.30086152208676353, -0.30086152208676353, -0.3008563126055163, -0.30085457612565353, -0.30084936672772383, -0.30084763027563316, -0.30084763027563316, -0.30084242096101826, -0.30083894811932205, -0.3008372117088878, -0.30083547530539617, -0.30083373890884707, -0.30083373890884707, -0.30082679339207413, -0.30082679339207413, -0.3008146390049946, -0.30081290269175104, -0.30081290269175104, -0.300809430086089, -0.300809430086089, -0.300809430086089, -0.300809430086089, -0.30080769379367045, -0.3008059575081936, -0.3008059575081936, -0.3008042212296583, -0.3008042212296583, -0.30080248495806444, -0.300800748693412, -0.300800748693412, -0.300799012435701, -0.3007938037042156, -0.3007903312512646, -0.3007903312512646, -0.3007868588260778, -0.3007851226238958, -0.3007851226238958, -0.30078338642865476, -0.30078338642865476, -0.3007816502403544, -0.30077296940296344, -0.3007608165221151, -0.3007556082487114, -0.3007556082487114, -0.3007538721714567, -0.3007538721714567, -0.3007538721714567, -0.300752136101142, -0.30074866398133193, -0.3007417198249879, -0.30073998380325073, -0.30073303978569604, -0.3007313037986555, -0.30072956781855414, -0.30072783184539187, -0.3007260958791687, -0.3007226239675393, -0.3007226239675393, -0.3007226239675393, -0.30072088802213287, -0.3007156802275465, -0.3007070007086749, -0.30070352894969543, -0.3006913780118198, -0.3006913780118198, -0.3006826989786177, -0.3006826989786177, -0.30067922741390046, -0.30067922741390046, -0.30067922741390046, -0.30067575587693324, -0.3006705486235126, -0.300665341432527, -0.30066360571607265, -0.30066187000655525, -0.3006601343039748, -0.30065666291962456, -0.30064798458014164, -0.30064451329290426, -0.3006427776596903, -0.30064104203341246, -0.3006375708016658, -0.3006375708016658, -0.3006358351961968, -0.3006358351961968, -0.3006340995976638, -0.3006288928436811, -0.3006045954837748, -0.3006028600100823, -0.30060112454332494, -0.30059938908350253, -0.30059938908350253, -0.30059418274564487, -0.30058897647020016, -0.30058550565457687, -0.3005837702571669, -0.30058203486669155, -0.30058029948315046, -0.3005750933741332, -0.30057335801832913, -0.30055947542152045, -0.30055600484165607, -0.30055426956212433, -0.30055426956212433, -0.30055079902386117, -0.30055079902386117, -0.3005490637651297, -0.3005490637651297, -0.30054212279953674, -0.30054212279953674, -0.3005299763766718, -0.3005213005683228, -0.3005213005683228, -0.3005213005683228, -0.3005160951665032, -0.300514360046428, -0.300512624933285, -0.300512624933285, -0.30051088982707425, -0.30050741963544897, -0.30050047933538204, -0.3004918041162632, -0.30048659906797043, -0.30048659906797043, -0.3004727192441649, -0.30046924935752367, -0.3004675144245993, -0.3004657794986056, -0.30045363521070584, -0.300451900340156, -0.30045016547653647, -0.30044843061984716, -0.30044669577008787, -0.30044496092725875, -0.3004414912623904, -0.300436286817062, -0.3004310824341014, -0.30042587811350674, -0.3004137349413128, -0.30041026552590505, -0.30040159210864076, -0.30039812279023587, -0.30038771500130385, -0.30037383833737097, -0.3003686347027055, -0.3003634311303882, -0.30035128970410496, -0.3003443518986245, -0.3003408830374454, -0.30033914861724587, -0.30033741420397303, -0.30032874224150635, -0.3003218047962069, -0.30031660178495645, -0.30031486746172487, -0.3002940561231477, -0.30028365082782593, -0.30028191663617626, -0.30027844827365147, -0.30027844827365147, -0.30026284098505635, -0.30026110687650076, -0.30025243643758465, -0.30024896831048564, -0.30024376617176535, -0.30023856409535726, -0.3002229582399927, -0.3002142885626509, -0.3002125546479508, -0.3002108207401733, -0.3001934820431288, -0.30016400784672137, -0.30015013832876947, -0.30014493737372905, -0.30012933488230625, -0.30012933488230625, -0.3001189335327579, -0.3001171999987188, -0.3001137329513994, -0.3001102659317577, -0.30010159850374096, -0.30006519719489566, -0.3000634638753374, -0.30005479738131263, -0.30004959756790917, -0.3000339985012328, -0.3000218662811671, -0.3000080013017968, -0.29998893767788765, -0.29997853969026755, -0.2999473472210314, -0.2999230879604122, -0.29991615699198093, -0.29990402806338046, -0.29990229538694624, -0.29989016684545955, -0.2998867016101038, -0.2998607132262132, -0.2998537832531498, -0.2998537832531498, -0.29983126160436024, -0.2998191350464441, -0.2998035442552171, -0.2997983474491826, -0.29974465076114665, -0.29973772263981263, -0.2996996199479209, -0.2996805698554997, -0.2996442038174824, -0.299640740544102, -0.29962342459145486, -0.2996009148851305, -0.29950223225061423, -0.299476266862681, -0.2994745358920142, -0.29942260997985126, -0.2993724208322244, -0.29929628285498067, -0.299268599626905]
"Number of good channels:"
0
"R=0.0"
"Frozen channels:"
1024
