"MONTE _CARLO CHANNEL REPORT"
"---------------------------"
"N=1024"
"p=0.05"
"Capacity for 1024channels:730"
"No of good channels needed :5(valid if used)"
"tolerable error exponent:-5"
"Z Construct--------------------------------------------------------"
"Good Channels:"
[1023, 511, 767, 895, 959, 991, 1007, 1015, 1019, 1021, 255, 383, 639, 447, 703, 831, 479, 735, 863, 927, 495, 751, 879, 1022, 943, 975, 503, 759, 887, 951, 983, 507, 999, 763, 891, 955, 987, 1003, 509, 765, 893, 957, 1011, 989, 1005, 127, 191, 319, 223, 575, 351, 607, 415, 239, 671, 367, 623, 799, 510, 431, 766, 687, 1013, 894, 815, 463, 247, 719, 375, 958, 631, 847, 439, 695, 823, 911, 471, 727, 990, 855, 919, 487, 251, 743, 379, 635, 871, 443, 699, 827, 935, 475, 731, 1006, 859, 923, 967, 491, 747, 1017, 875, 939, 253, 381, 637, 445, 701, 499, 829, 971, 755, 477, 733, 1014, 883, 861, 947, 925, 493, 749, 877, 979, 941, 63, 95, 159, 111, 287, 254, 175, 543, 501, 382, 303, 757, 973, 638, 207, 559, 446, 119, 335, 885, 702, 183, 591, 311, 399, 995, 830, 215, 567, 655, 1018, 478, 343, 949, 734, 599, 783, 407, 862, 231, 663, 123, 359, 187, 615, 791, 315, 423, 219, 571, 926, 679, 494, 347, 981, 750, 603, 807, 411, 455, 878, 235, 667, 505, 711, 363, 761, 619, 795, 839, 427, 889, 942, 683, 125, 189, 811, 903, 317, 459, 953, 243, 221, 573, 715, 502, 371, 997, 349, 758, 627, 605, 843, 435, 974, 413, 886, 691, 1020, 237, 669, 365, 819, 621, 907, 797, 985, 467, 429, 950, 723, 685, 851, 813, 31, 245, 461, 126, 47, 373, 717, 190, 79, 629, 483, 318, 55, 143, 915, 506, 982, 437, 739, 845, 222, 574, 87, 271, 762, 693, 350, 151, 527, 1001, 867, 606, 103, 279, 890, 821, 59, 414, 167, 535, 469, 909, 238, 91, 670, 295, 725, 366, 155, 199, 551, 249, 931, 622, 107, 954, 283, 798, 327, 853, 377, 430, 171, 539, 583, 633, 998, 686, 299, 391, 441, 61, 203, 555, 485, 647, 697, 246, 115, 814, 93, 331, 917, 741, 462, 374, 179, 1009, 508, 963, 157, 587, 775, 986, 718, 825, 630, 307, 764, 109, 395, 285, 473, 869, 438, 211, 563, 173, 651, 541, 729]
"Corresponding Error Exponents:"
[-Infinity, -184.3380481604118, -184.03701816474782, -183.43495817341986, -182.23083819076393, -179.82259822546212, -175.00613009622174, -165.39127559801605, -147.11979877888555, -118.67336298956455, -91.71747908670993, -91.41644909104595, -91.11541909538197, -90.81438909971799, -90.513359104054, -89.91129911272604, -89.61026911706708, -89.3092391214031, -88.70717913007513, -87.50305914742923, -87.20203505244689, -86.9010050567829, -86.29894506545494, -85.17420929620097, -85.09482508281907, -82.68659691887551, -82.39460780334404, -82.09357780768006, -81.4915178163521, -80.28739783377614, -77.87918144045163, -73.2588693937788, -73.08078919380542, -72.95783939811481, -72.35577940678685, -71.15165942523974, -68.74350723634373, -63.96191018103654, -59.035651499118295, -58.73462150345431, -58.13256151212636, -56.928441595960855, -55.29714971323517, -54.520881319998, -49.801255642353716, -45.256679552027, -44.95564955636302, -44.65461956069905, -44.353589565037566, -44.353589565035065, -44.052559569373585, -43.751529573709604, -43.45049957805063, -43.14947253272747, -43.14946958238665, -42.84844253706349, -42.54741254139951, -42.547409591068714, -42.286074652436504, -42.246382545745554, -41.98504465677252, -41.94535255008157, -41.764972519238874, -41.38298466546415, -41.343292558773655, -41.04226846377377, -40.74575890817605, -40.74123846810979, -40.44472891251207, -40.17887293284161, -40.14369891684809, -40.13917847682192, -39.84266892122409, -39.54163892556011, -38.93957893431211, -38.935070295504225, -38.638560724561835, -38.33753072889785, -37.77820031640174, -37.73547073772982, -36.5313743269413, -36.23936460123873, -36.177889703393426, -35.938334605574745, -35.876859707729444, -35.57582971206546, -35.33627461488316, -35.27479971695589, -34.97376972129191, -34.371709731072755, -34.13220165324652, -34.070723622507884, -33.76969362684391, -33.28237287553741, -33.16763363773351, -31.96360142983026, -31.742014105560813, -31.679925094854287, -31.378895099190306, -31.29360217711797, -30.776835116643984, -29.572889802250295, -29.066280756063176, -28.765250760399198, -28.464220764735217, -28.163190802316446, -27.86216080665247, -27.347544860953604, -27.260100881814928, -27.199401702957104, -27.04651486528963, -26.959410664335017, -26.658380668671047, -26.498785483720003, -26.444454980295284, -26.056320810297915, -25.240942760922955, -24.852880417274847, -24.599597825512877, -24.29856782984905, -23.696508355719622, -22.897389520332265, -22.493728611464803, -21.87576478685355, -21.57473479119082, -21.273704795529344, -20.972676275035774, -20.972674799870376, -20.69149233272228, -20.671646279376805, -20.671644804216417, -20.581456263955456, -20.390462337068094, -20.370616283722846, -20.2804262683072, -20.181337242601565, -20.089432341423702, -20.069589238390915, -20.069586288078906, -19.788406470756826, -19.770819462760063, -19.768559242746978, -19.678371503252198, -19.487376475132024, -19.469789467116073, -19.467529247123082, -19.168759471492073, -19.16650515208813, -19.000027177702496, -18.885324733808062, -18.867735368784945, -18.867729475908057, -18.86547515650432, -18.75884701850684, -18.588070162536887, -18.56670537320093, -18.478510125303398, -18.287040167028948, -18.265675377696873, -18.26342696645446, -17.964657167806667, -17.684996639771192, -17.66813730712339, -17.66362717246253, -17.48688486036875, -17.3671073117776, -17.185854864981973, -17.066077316749997, -17.061590752762083, -16.884824869872396, -16.765070830959278, -16.583816817757974, -16.583794875317224, -16.4884316577907, -16.46404083656802, -16.340156442104725, -16.282786823202773, -16.240248225035657, -16.03912644851657, -15.981756829756353, -15.862027865304803, -15.680770719251148, -15.569977057116425, -15.437126506798625, -15.388417553931172, -15.379740728022067, -15.345771092895006, -15.268947066490705, -15.08738756265801, -15.044741103753069, -14.786357575775666, -14.777768508120605, -14.666980626683085, -14.485414905461166, -14.442787551411431, -14.247420864563411, -14.184384927358694, -13.931080386703629, -13.630050407662255, -13.582499591121836, -13.480842893365073, -13.329020445243488, -13.298670855814576, -13.257845200557835, -13.22222743698084, -13.028160338671551, -13.027990516069927, -12.997640929005339, -12.948362746196032, -12.921197494483673, -12.888948478447931, -12.727130409484996, -12.647332853591523, -12.620167605153297, -12.426100546775832, -12.395926754301039, -12.31944138479755, -12.148966880360462, -12.125410212973524, -12.045695933243618, -12.018411601726376, -11.870185334161071, -11.848253919260697, -11.824380483115151, -11.547224182196139, -11.416959214237359, -11.246194703730463, -11.226299211631979, -11.222999882065762, -11.205839657366953, -11.147664764502924, -10.945834310069651, -10.879707505307145, -10.846635588127194, -10.64480534800424, -10.245768187818094, -10.04408481987732, -10.034792406454248, -9.83918313850534, -9.789638625654424, -9.743686175067461, -9.733763148395514, -9.538155755993564, -9.488612542442443, -9.44265824194121, -9.432734627937645, -9.237130986578961, -9.198983593255933, -9.141632371318408, -9.13283474237001, -9.13170758266835, -9.105439729327538, -9.078393513680082, -8.969252667620136, -8.938225067112887, -8.897961320406147, -8.889157633575115, -8.842490088006532, -8.840610625599657, -8.83180769334438, -8.83068348772359, -8.777372391013177, -8.637205498324054, -8.541468324533689, -8.530783590887129, -8.529665293217457, -8.47308110231472, -8.299560253693768, -8.240454792705862, -8.232008663347395, -8.229765381356735, -8.179234043349625, -8.039396291431425, -7.99086744310344, -7.943185834468849, -7.930990423892752, -7.928758956840512, -7.819094118500607, -7.778928814140342, -7.71853323067013, -7.689848421431758, -7.6421886232773995, -7.629983939533728, -7.518101942076888, -7.417533261886698, -7.388840372781954, -7.3334435426196345, -7.32900096202551, -7.221340562734598, -7.206454349687443, -7.116563312719211, -7.09214880100549, -7.08998459204376, -7.087854267265228, -7.047659043128986, -7.032460327753, -6.92412866366131, -6.920363793084226, -6.822680452949894, -6.791162485576876, -6.7869120363760675, -6.731523876052781, -6.619440226624701, -6.591656362934506, -6.52176955387422, -6.490219835012897, -6.439391490494533, -6.327892655645662, -6.212965328861404, -6.197790537693435, -6.189364468103049, -6.14344432159331, -6.138546646358019, -6.027073168843389, -6.022636534191259, -6.009053913246279, -5.934034565452173, -5.912020410678762, -5.896933519141227, -5.883886580781722, -5.842674630691764, -5.773453627440366, -5.721818176976438, -5.708176017792041, -5.696215033833374, -5.634062923568181, -5.630606490151353, -5.611160511699244, -5.596249236859883, -5.554330004277848, -5.527801347895594, -5.472822145203829, -5.444032880554859, -5.4212110977785395, -5.4074500363431435, -5.333500793387216, -5.3220678733997095, -5.312120139333899, -5.31047047656471, -5.301890374814202, -5.261751987296887, -5.138824545669826, -5.122288617688252, -5.107027325851702, -5.021373711937324, -5.011767847704698, -5.010119472782335, -5.001546108839675]
"Number of good channels:"
348
"R=0.33984375"
"Frozen channels:"
676
"Monte Carlo--------------------------------------------------------"
"sim ran :500000"
"Good Channels:"
[]
"Corresponding Error Exponents:"
[]
[-1.2905265111838888, -1.0147981416354281, -1.0134969846132595, -1.0125840179912293, -1.0125661358558058, -1.012387354986369, -1.0122801217804158, -1.0121729150452619, -1.0111201226800701, -1.0110933900112604, -1.0090931150725269, -0.7577418996328802, -0.7572995913824969, -0.7572101905213235, -0.7570612299704194, -0.7568031526531664, -0.7568031526531664, -0.7565204362874229, -0.7565006034515389, -0.7563816254522139, -0.7563171926428066, -0.7561982648726644, -0.7560546039215811, -0.7560248868984254, -0.7560199342589199, -0.7558614796084391, -0.7557921738741945, -0.7557773240842434, -0.7557624748020323, -0.7557377271265643, -0.7555892706809049, -0.7555447436411464, -0.7554705420516848, -0.7553469009017373, -0.7553370111302109, -0.7553073431668218, -0.7552331821239847, -0.7551046663081384, -0.7550206572937572, -0.7549811292622469, -0.7548576273470387, -0.754630475545713, -0.7546255387823078, -0.7545811104367776, -0.7544823970493236, -0.7544675919762196, -0.7544281142485401, -0.7544281142485401, -0.7543590368588917, -0.7541617334087074, -0.7540138146227826, -0.7538610181197396, -0.7537132017032426, -0.7535506617329556, -0.753220843354791, -0.7527683661348854, -0.539977639040221, -0.5399113897085028, -0.5398812797164011, -0.5395712682221413, -0.5395502075084198, -0.5395441903492268, -0.539541181800893, -0.5395080891446893, -0.5394990643124342, -0.5394479271384419, -0.5393817585560687, -0.539354692495967, -0.5393366493929695, -0.5392554647046793, -0.5392464451204912, -0.539207362420141, -0.5391863193458797, -0.5391712892027767, -0.5391382247188202, -0.5391231962400639, -0.5390721033019223, -0.5390540719352508, -0.5389428950472541, -0.5389008355373524, -0.5388978314425045, -0.538870795523928, -0.538870795523928, -0.5388227358239762, -0.5387836912334448, -0.5387776846849112, -0.5387536593214827, -0.5387506562445039, -0.538714620940397, -0.5387056125815395, -0.5386966044095339, -0.5386725835309597, -0.5386605735898782, -0.5386365547040349, -0.5386215435749215, -0.538591522873157, -0.5385885209171127, -0.5385585024978811, -0.5385524990630113, -0.5385104773424267, -0.5385074759465359, -0.5385014732169813, -0.5384714608136728, -0.538468459687411, -0.5384114422284607, -0.5384084415169182, -0.5383934382701941, -0.5383874371166272, -0.538381436045984, -0.5383754350582624, -0.5383634333315744, -0.5383604329517249, -0.5382974297626951, -0.5382434343028892, -0.5382344357122252, -0.538231436223437, -0.5382284367553648, -0.5381684517438534, -0.5380634979057579, -0.5380545030425691, -0.5380245215106766, -0.5379975399015178, -0.537985548613275, -0.5379375867709398, -0.5379136078358978, -0.5379106105621065, -0.5378956245034263, -0.537886633116429, -0.5378806389618473, -0.537862656994476, -0.537862656994476, -0.5378596600722989, -0.5378207019658299, -0.5378177053331556, -0.5378057190092218, -0.5378027224799278, -0.537784743738333, -0.5377667657409837, -0.5377128362137936, -0.5376858739613, -0.5375690568727373, -0.537539108833757, -0.537539108833757, -0.5375271301963842, -0.5375211410015928, -0.5375181464351698, -0.5375121573642679, -0.5374852075672308, -0.5374702361803537, -0.5374642477701098, -0.5373834123126235, -0.5373744315238167, -0.53736545092072, -0.5373594639551575, -0.5373025918982829, -0.5372427346199987, -0.5372038318126651, -0.5370931275077324, -0.537090135891103, -0.5370751781170621, -0.5370691951516899, -0.5370602208581722, -0.5370572294682092, -0.5370572294682092, -0.5370273167017718, -0.5370123610911274, -0.5369585251567701, -0.5368957250002145, -0.5368090159009893, -0.5367671625310945, -0.5367611838074999, -0.5367522158764294, -0.536387676814865, -0.5363817033131504, -0.536101041371521, -0.5359607783878729, -0.38760400369342823, -0.38742380686832917, -0.3873326769452586, -0.38726487173622304, -0.38718013010911995, -0.38707422632256516, -0.38705093095481924, -0.38702975443204607, -0.3870106964443685, -0.38696623105851996, -0.38694505866527346, -0.38689636607757466, -0.38687731394230285, -0.3868201625507815, -0.3868138128603956, -0.3867841821993772, -0.38677360031035507, -0.38674185619021145, -0.3867291591918067, -0.38671857864335746, -0.3867164625645996, -0.3866762590270699, -0.38666567976731264, -0.386606440674626, -0.3866043251421831, -0.3865577860354563, -0.3865577860354563, -0.38652605768544673, -0.38651548208386377, -0.3865133669944503, -0.3864879867249224, -0.3864562634736608, -0.38642031325662757, -0.3864033965371044, -0.3864012819934952, -0.3863695650747594, -0.38635265033183486, -0.3863505360352897, -0.3863484217490376, -0.3863463074730784, -0.3863082522657994, -0.3862807700231168, -0.3862236970753093, -0.3862131288339249, -0.3862131288339249, -0.3862110152165081, -0.3862004472837192, -0.38619622018260613, -0.38619622018260613, -0.3861898796080796, -0.3861835391261222, -0.3861666316267759, -0.38616240485478504, -0.38615817812393083, -0.38614972478562914, -0.3861476114767629, -0.38613915834413154, -0.38612436575792086, -0.3861222525724496, -0.3861053474588327, -0.386094782096973, -0.38606520045109416, -0.3860461847426956, -0.38603773358399035, -0.38603562082001, -0.3860313953228835, -0.3860250571542783, -0.38600393059362736, -0.3860018179940856, -0.38599970540482037, -0.3859828050606429, -0.3859659053741079, -0.385963792959529, -0.3859595681611953, -0.3859595681611953, -0.3859553434039599, -0.38594266937883526, -0.38594055707727326, -0.38591521025984643, -0.3859088737866269, -0.38590676164943155, -0.38590676164943155, -0.38589831320336976, -0.38589831320336976, -0.3858940890419693, -0.38587930480061355, -0.38587930480061355, -0.385877192807218, -0.38586874493634166, -0.3858412904908249, -0.3858243963100374, -0.3858222845836468, -0.38582017286752424, -0.38581383778076406, -0.3858117261057128, -0.38579905627102085, -0.3857927214922803, -0.3857863868059398, -0.38577582920069853, -0.3857589375661327, -0.3857568261580059, -0.38574626927134437, -0.38573360134607726, -0.3857209337903097, -0.38569559978718726, -0.3856850443887014, -0.3856829333397893, -0.38567660025462175, -0.385674489246755, -0.3856597124789929, -0.38564493621398976, -0.38564493621398976, -0.38564282536002886, -0.3856301604517114, -0.38562382813605034, -0.3856196066435699, -0.3856006104351919, -0.38559849979666144, -0.38559638916838845, -0.3855921679426146, -0.38558794675786945, -0.3855858361808825, -0.3855816150576791, -0.3855520683439606, -0.3855499579413273, -0.3855457371668261, -0.3855183031323959, -0.3855119724474705, -0.385499311354459, -0.385499311354459, -0.3854908708308422, -0.38547399027571794, -0.3854550004354493, -0.3854465607729639, -0.3854423410032236, -0.38542546233425906, -0.38542546233425906, -0.38540858432125125, -0.38540858432125125, -0.38540647461574473, -0.3853874877273531, -0.3853853781243263, -0.38538326853154703, -0.3853727207213584, -0.3853642826576511, -0.38535373530856115, -0.38535162586948135, -0.3853452976137166, -0.3853410788277681, -0.3853368600828009, -0.385334750725685, -0.38532631339967105, -0.38531576697265735, -0.38530943923937966, -0.3853010024050896, -0.3852651476877358, -0.38526092968029707, -0.38524827590377514, -0.38523351363046193, -0.385222969456734, -0.38521875185892196, -0.3851850125508567, -0.3851660353418691, -0.38516392681427947, -0.38509856753605287, -0.3850606215007478, -0.3850479735590539, -0.3850395418025564, -0.3850311102097569, -0.38501213972444587, -0.3849889547010069, -0.3849826317276054, -0.3849784164631468, -0.3849763088462599, -0.38495523323992265, -0.38492572910919004, -0.3849194070562279, -0.38490676322638845, -0.3848751552621602, -0.3848709410407346, -0.3848519775503555, -0.3848203735730336, -0.3848182667229823, -0.3847950920469625, -0.38477823851382803, -0.38473610754215076, -0.3847192562978101, -0.38470661829363134, -0.3846644942689324, -0.3846644942689324, -0.38461605669104026, -0.3846034216895778, -0.3845781527893761, -0.3845360412226329, -0.3845149869704253, -0.3845065655553281, -0.38450446022706913, -0.3844707763628672, -0.3844413051246205, -0.3844202554645315, -0.38439289243159847, -0.3843529034074958, -0.3843192312955289, -0.3843192312955289, -0.38430870929591354, -0.3843023962185061, -0.38428135328990237, -0.3841971917699639, -0.38396793436988436, -0.38393429209130403, -0.31673136593422224, -0.31664852173930247, -0.31661790940525214, -0.3164108826195994, -0.31640728302670823, -0.31638388640010995, -0.3162219443140887, -0.31621115032177044, -0.31612300942473825, -0.31607804646997395, -0.3160744496346834, -0.3160600625914044, -0.3160438777373872, -0.3160402811850704, -0.3159413876663065, -0.31591082513406266, -0.3159072296834301, -0.3159018365632922, -0.3159000388714622, -0.31588565760470105, -0.3158586940130254, -0.3158173530902467, -0.31577601610237693, -0.31577421893128393, -0.315768827462626, -0.31575984183026334, -0.3157526534582291, -0.3157526534582291, -0.3157508563838111, -0.31571671338266116, -0.3157149164569538, -0.3157059319399389, -0.31566640227303855, -0.315632265910525, -0.3156250796497792, -0.3156232831031724, -0.3156178935079423, -0.3155765754997591, -0.3155657975353819, -0.3155657975353819, -0.3155640012339903, -0.3155514273322776, -0.3155388537946, -0.3155352614221242, -0.31552448448298437, -0.3155173000054593, -0.3154849713273074, -0.31547958344824273, -0.31547958344824273, -0.31547060379833736, -0.31546701199036126, -0.3154436659625689, -0.31544007437737287, -0.31540954710237173, -0.3153987732823199, -0.31539697767162916, -0.31538799972953446, -0.31538620416338686, -0.3153790219730322, -0.3153700444021147, -0.3153556806746439, -0.3153520898170034, -0.3153395220490661, -0.3153179781501318, -0.31531438760421054, -0.31530720660142175, -0.31529464013224495, -0.31529104977926564, -0.3152892546139066, -0.3152838691623512, -0.315278483777577, -0.3152766886641589, -0.3152766886641589, -0.3152766886641589, -0.3152766886641589, -0.3152605329772842, -0.31525873793806225, -0.31525694290625966, -0.31523181324001315, -0.31521027468335816, -0.31520130060000706, -0.3151977110185883, -0.3151977110185883, -0.3151923267020889, -0.31518873719484114, -0.31516540612085553, -0.31516540612085553, -0.3151618168361025, -0.31515643296459256, -0.3151438708572856, -0.31513310362593655, -0.3151313091133312, -0.3151313091133312, -0.3151205421934104, -0.31511515883354746, -0.3151008035334741, -0.31509003736980407, -0.315081065770618, -0.3150792714730207, -0.31506491735911035, -0.3150451812271003, -0.3150451812271003, -0.3150415929358203, -0.3150397988012982, -0.31503262233732693, -0.31499315390508603, -0.31498777212404155, -0.31498777212404155, -0.31498418430706215, -0.31498239040968734, -0.3149536890593876, -0.31493754538335733, -0.31493395798128804, -0.31493395798128804, -0.31492319595287493, -0.31491960866933383, -0.31491960866933383, -0.3149142277995798, -0.31491243419114356, -0.31491064059011475, -0.31489808559031696, -0.3148944985141812, -0.31489270498722366, -0.31488732445079143, -0.31488732445079143, -0.3148783570382022, -0.3148765635779035, -0.314874770125011, -0.31487118324144453, -0.31487118324144453, -0.31486221616213317, -0.31485504263198777, -0.3148532492679653, -0.3148478692203304, -0.31484607588592933, -0.31484248923934277, -0.31484069592715713, -0.3148173835425774, -0.3148155903340563, -0.3148012449324322, -0.3147815207788758, -0.3147779346653795, -0.3147689695111881, -0.3147564186062261, -0.3147366964883751, -0.3147080113701954, -0.31470263312145813, -0.31470263312145813, -0.31469904765930157, -0.31469904765930157, -0.3146972549393236, -0.3146882914504343, -0.3146847061066777, -0.3146721576366168, -0.31465960952912, -0.3146488542969639, -0.31463989180695895, -0.31463272194812236, -0.314620174979976, -0.31461838258554564, -0.31461838258554564, -0.31461479781887697, -0.31461300544663867, -0.31461300544663867, -0.31460762837430695, -0.3146040436964046, -0.31460045904809, -0.31459328984022217, -0.31458612075069964, -0.31457357512879175, -0.3145610298692833, -0.3145538613122661, -0.3145251882673959, -0.31450189281226826, -0.3144911414851835, -0.3144857659214488, -0.3144678478561968, -0.3144660560903303, -0.3144499305301755, -0.3144248475155371, -0.3144176812060039, -0.3144158896470972, -0.3144033489416822, -0.31439439151666176, -0.31437289445035843, -0.3143711030761969, -0.314367520350041, -0.3143657289980463, -0.31436393765344056, -0.3143621463162235, -0.3143549810412418, -0.31434065084592094, -0.314333485925574, -0.31432273876668426, -0.3143209475993921, -0.31428512580480306, -0.3142690069611518, -0.3142546796023466, -0.3142493069646497, -0.31424751610018725, -0.3142367710684913, -0.31422244477308997, -0.3142206540193933, -0.31421886327308046, -0.3142027468885304, -0.3142009562160532, -0.31419379359997607, -0.3141902123362356, -0.3141848404959963, -0.3141633537994637, -0.3141329161323344, -0.31411322230793026, -0.31411143200453984, -0.3140971098430979, -0.3140881587320389, -0.31406667681818073, -0.31406667681818073, -0.31404519596685, -0.31403445593959955, -0.3140272960689848, -0.31401655648438115, -0.31401655648438115, -0.31400939690885205, -0.314004027304661, -0.3139736008015407, -0.3139664419341181, -0.31396286254465855, -0.3139431764299402, -0.3139324389252877, -0.31393064936698867, -0.3139109647123728, -0.31390738578011707, -0.31389843857850847, -0.3138930703460192, -0.31389128094993507, -0.31389128094993507, -0.313869808771979, -0.31384297004234674, -0.31382150025276334, -0.3138089766989738, -0.31379108653428306, -0.31379108653428306, -0.31378393067475074, -0.31377319710652285, -0.3137141672226743, -0.31360686071268495, -0.31357288584444953, -0.31353712569638853, -0.3134799155833838, -0.31346203896850094, -0.3133673051925966, -0.3132225632963136, -0.30343918271032844, -0.3032156445433157, -0.30321040674722316, -0.302964301559759, -0.30291021202358587, -0.3028910205815612, -0.30272182365861194, -0.30270787221520096, -0.30264160897879, -0.30247425213845214, -0.3024289374238057, -0.3024219663488868, -0.3024149953858622, -0.30239756846781507, -0.3023905978963925, -0.3023853700412458, -0.30236794431190933, -0.30236794431190933, -0.30232786778767745, -0.30232786778767745, -0.30231915598915027, -0.3023174136504153, -0.30231392899391546, -0.3022825683435484, -0.3022651467384794, -0.3022616625013276, -0.30225295203074126, -0.3022372736239224, -0.3022337896103816, -0.30222333773745363, -0.3022198538357076, -0.3022128861160578, -0.3021972091555603, -0.302160631781637, -0.3021501816691798, -0.3021362485770418, -0.3021275406214439, -0.30211883284044416, -0.30206833115336, -0.3020648484948469, -0.30205962455944135, -0.30205788326160304, -0.30205614197074643, -0.30202479992913106, -0.30201435308454666, -0.30200912975648897, -0.3020021654168001, -0.3019917191166624, -0.30198301405848593, -0.30197430917479134, -0.3019656044655717, -0.30196386354466415, -0.3019603817237849, -0.3019464547194055, -0.3019464547194055, -0.301939491384692, -0.30193600975920276, -0.3019290465919569, -0.3019273058175895, -0.3019273058175895, -0.3019255650501995, -0.3019116391622625, -0.30190641706940785, -0.30190641706940785, -0.3018977137208523, -0.30187682639591207, -0.3018750858308448, -0.30187334527275345, -0.30187334527275345, -0.30186116156143133, -0.3018594210591444, -0.3018594210591444, -0.30184201641990704, -0.30182983358744153, -0.3018263528409357, -0.30182461247814424, -0.3018211317734837, -0.3018211317734837, -0.3018054689477214, -0.30180024813132694, -0.30179502737769315, -0.3017932871404284, -0.3017915469101369, -0.3017776253188323, -0.3017671844182078, -0.3017654442925073, -0.3017410832647641, -0.3017323832288674, -0.3017219434158412, -0.3017202034714019, -0.3017115038537669, -0.3017097639511518, -0.30169584498116414, -0.30169062548242614, -0.3016801866731356, -0.30167844689598095, -0.30167148785705655, -0.3016680083794102, -0.30166104950774697, -0.3016436528164065, -0.3016436528164065, -0.30163843394489026, -0.30161060102260123, -0.3016053825482475, -0.301600164136598, -0.3015984246799822, -0.3015914669231878, -0.301587988086591, -0.3015845092778606, -0.3015810304969961, -0.3015810304969961, -0.3015792911170134, -0.3015775517439971, -0.30157581237794695, -0.3015723336667453, -0.3015723336667453, -0.30156537632793456, -0.30156537632793456, -0.30156537632793456, -0.30156363701064665, -0.3015305913056171, -0.3015288521276348, -0.301516678076767, -0.3015114607308608, -0.30150624344763177, -0.3015045043671501, -0.30150276529363235, -0.301497548114862, -0.30149580906919937, -0.30149580906919937, -0.3014923309987649, -0.3014871139453395, -0.30148537494145783, -0.3014662463583247, -0.3014627685246357, -0.3014610296182352, -0.30145929071879707, -0.3014436409371587, -0.3014384244685966, -0.3014384244685966, -0.3014349468576975, -0.3014332080626905, -0.3014332080626905, -0.3014332080626905, -0.3014279917194392, -0.30142103669256415, -0.3014158204955011, -0.3014158204955011, -0.3014071269729499, -0.3014071269729499, -0.30140191094294916, -0.30140191094294916, -0.30140017228020355, -0.3013984336244185, -0.30139321769882627, -0.30139321769882627, -0.3013862632288145, -0.3013862632288145, -0.30138278603556956, -0.30138104744938715, -0.30137583173259935, -0.30137061607844967, -0.30137061607844967, -0.3013654004869366, -0.3013636619703512, -0.30136018495805855, -0.3013480156342489, -0.301346277187255, -0.30134106188802606, -0.3013323698618172, -0.3013323698618172, -0.3013323698618172, -0.3013271547295931, -0.30132541636610155, -0.3013202013173758, -0.3013202013173758, -0.30130281827388516, -0.301301080007803, -0.30129760349651075, -0.30129760349651075, -0.30129412701304764, -0.30129065055741316, -0.301287174129607, -0.3012854359261393, -0.3012819595400746, -0.3012767450131532, -0.3012767450131532, -0.30126979240798374, -0.30126631614713756, -0.3012645780271489, -0.3012645780271489, -0.30126283991411645, -0.30126283991411645, -0.30126283991411645, -0.30125936370892004, -0.30125241138199943, -0.30124893526027435, -0.30124719720984544, -0.30124372112985454, -0.3012385070620347, -0.3012350310515985, -0.3012332930568133, -0.30122112728806016, -0.30121243766188255, -0.3012106997575109, -0.30120722396963107, -0.30120548608612274, -0.30120027247732356, -0.30119332109628266, -0.30118810763351855, -0.30118810763351855, -0.30118636982650476, -0.30118463202644474, -0.30118463202644474, -0.30118463202644474, -0.3011828942333384, -0.30118115644718557, -0.30117941866798636, -0.30117941866798636, -0.30117072987629157, -0.30117072987629157, -0.30116551668471375, -0.30115509048928896, -0.30115509048928896, -0.3011533528143863, -0.3011516151464363, -0.301149877485439, -0.30114813983139416, -0.3011394516654563, -0.3011377140531256, -0.3011377140531256, -0.30113423884932067, -0.30113076367332386, -0.3011272885251348, -0.3011238134047531, -0.3011151257254528, -0.30110296326639113, -0.3010942760041654, -0.3010890637302396, -0.30107863937005275, -0.3010647406123499, -0.30106126599242355, -0.30105431683596695, -0.3010473677907022, -0.3010456305467593, -0.3010456305467593, -0.3010421560797211, -0.3010352072290335, -0.30102825848952797, -0.3010265213220233, -0.3010265213220233, -0.3010195727214903, -0.3010160984629143, -0.3010126242321313, -0.3010091500291411, -0.301007412938068, -0.30099872758692137, -0.3009969905375355, -0.3009969905375355, -0.3009830943925587, -0.30097440952773447, -0.30096919869220345, -0.30096051410525315, -0.30095356656073, -0.30095182969196504, -0.30093098780857397, -0.30092925103010537, -0.3009153570523897, -0.3009153570523897, -0.3009136203364286, -0.30090320018650435, -0.30089799020529584, -0.30089799020529584, -0.3008927802865878, -0.3008875704303785, -0.3008875704303785, -0.30088236063666673, -0.3008806240526509, -0.3008771509054509, -0.30087194123672933, -0.30087194123672933, -0.30086846815896673, -0.3008632585943993, -0.3008632585943993, -0.30086152208676353, -0.30085978558607124, -0.3008563126055163, -0.30085283965273396, -0.30083547530539617, -0.300830266136576, -0.300830266136576, -0.30082679339207413, -0.30082505703023654, -0.3008215843273878, -0.3008163753251801, -0.3008163753251801, -0.30081290269175104, -0.3008042212296583, -0.30080248495806444, -0.30080248495806444, -0.300799012435701, -0.3007868588260778, -0.3007851226238958, -0.3007816502403544, -0.3007747055565604, -0.3007712332563069, -0.3007712332563069, -0.30076776098381514, -0.3007469279318364, -0.30074519188928067, -0.3007434558536644, -0.3007260958791687, -0.3007243599198845, -0.30072088802213287, -0.3007174161521365, -0.300705264825716, -0.3006844347713826, -0.3006740201188557, -0.30067228436771554, -0.30066881288624697, -0.3006583986083313, -0.3006167439938081, -0.30060980194646303, -0.3005959181846626, -0.3005750933741332, -0.30055947542152045, -0.30055253428952594, -0.3005490637651297, -0.30054559326846675, -0.30053865235833915, -0.30053171155913966, -0.30052650603253434, -0.30052303571612743, -0.3005213005683228, -0.3005195654274505, -0.30049006909323417, -0.30048833407713665, -0.30048833407713665, -0.3004831290704321, -0.3004796591006187, -0.3004761891585298, -0.30046924935752367, -0.3004588398639371, -0.300451900340156, -0.3004414912623904, -0.3004380216252417, -0.30043455201581215, -0.3004328172214919, -0.3004310824341014, -0.3004137349413128, -0.30039812279023587, -0.30038771500130385, -0.3003859803940641, -0.3003356797976267, -0.3003270078697922, -0.3003061959494539, -0.300302727393025, -0.3003009931251988, -0.30027844827365147, -0.3002732457817994, -0.3002559045923791, -0.30025417051152, -0.3002472342573219, -0.30023856409535726, -0.30020908683931824, -0.30018654675812995, -0.30016920903014926, -0.30016574156760956, -0.30012240062159495, -0.30008946439511686, -0.2999872046626625, -0.299975073749716, -0.29997334078981275, -0.29995081294031417, -0.29989709739911957, -0.299876306069928, -0.2998607132262132, -0.2998607132262132, -0.29982086739112995, -0.2997619715480285, -0.29974291872045167, -0.2997221347708935, -0.29971693893891477, -0.299697888086807, -0.2996424721773399, -0.2987550498372048]
"Number of good channels:"
0
"R=0.0"
"Frozen channels:"
1024
