"MONTE _CARLO CHANNEL REPORT"
"---------------------------"
"N=1024"
"p=0.1"
"Capacity for 1024channels:543"
"No of good channels needed :5(valid if used)"
"tolerable error exponent:-5"
"Z Construct--------------------------------------------------------"
"Good Channels:"
[1023, 511, 767, 895, 959, 991, 1007, 1015, 1019, 1021, 255, 383, 639, 447, 703, 831, 479, 735, 863, 927, 495, 751, 879, 943, 975, 503, 759, 887, 951, 983, 507, 763, 1022, 891, 999, 955, 987, 1003, 509, 765, 893, 127, 191, 319, 957, 223, 575, 351, 607, 415, 239, 671, 367, 623, 799, 989, 431, 687, 1011, 815, 463, 247, 719, 375, 631, 847, 439, 695, 823, 911, 471, 727, 1005, 855, 251, 510, 919, 379, 766, 487, 635, 743, 443, 894, 699, 871, 827, 475, 958, 731, 935, 859, 1013, 923, 990, 491, 747, 967, 253, 875, 381, 637, 445, 63, 701, 939, 95, 159, 829, 111, 287, 477, 175, 543, 733, 1006, 499, 303, 755, 207, 559, 861, 119, 335, 971, 883, 183, 591, 311, 399, 1017, 215, 567, 655, 493, 925, 343, 749, 947, 599, 783, 407, 254, 877, 123, 231, 663, 382, 187, 359, 638, 315, 615, 791, 446, 1014, 219, 571, 423, 941, 702, 347, 979, 679, 603, 501, 830, 411, 478, 757, 807, 235, 455, 667, 734, 363, 711, 885, 125, 619, 973, 795, 862, 189, 427, 839, 317, 683, 31, 995, 221, 573, 494, 949, 243, 47, 349, 926, 750, 811, 1018, 459, 371]
"Corresponding Error Exponents:"
[-227.17311960714886, -113.28552980791045, -112.98449981224647, -112.3824398209185, -111.1783198382626, -108.77008014946294, -103.95556038854119, -94.55504910482293, -78.77894459490052, -58.586534703363775, -56.19121991045925, -55.89018991479527, -55.58915991913129, -55.28812992346732, -54.987099927803335, -54.38503993647538, -54.08401007906749, -53.78298008340351, -53.18092009207557, -51.97680038593183, -51.67675019860661, -51.37572020294263, -50.773660211614754, -49.5695407818272, -47.16326057156592, -46.97649455674748, -46.6754645610835, -46.07340456975686, -44.86928672581931, -42.46490073265346, -39.08844230178628, -38.7874123061223, -38.76900553631657, -38.18535231491777, -37.87797692412914, -36.98125304125436, -34.58499861789973, -30.170934179491052, -28.992237356017906, -28.691207360353925, -28.089147410282944, -27.493549963901664, -27.192519968237686, -26.89148997257371, -26.885406011597745, -26.590460046037773, -26.59045997690974, -26.289430050373802, -25.988400054709846, -25.687370197301934, -25.386830105807334, -25.386340201637996, -25.085800110143396, -24.784770114479503, -24.784280486822187, -24.52826912333807, -24.48374039524962, -24.18271039958581, -23.714650213230083, -23.58065096112609, -23.28060029011898, -23.03670228487777, -22.9795702944557, -22.73567228921445, -22.434642293551782, -22.37751140824051, -22.133613367245673, -21.832583371584324, -21.230525518972758, -21.175350351799935, -20.93142037066275, -20.630390375009277, -20.53132784157339, -20.028334656369317, -19.092676157397168, -19.083472772494307, -18.828065441333706, -18.791646161794905, -18.782442776918536, -18.63795846640059, -18.490616166254362, -18.33692847088394, -18.1895965249632, -18.180395164633463, -17.88856652954609, -17.73488447753753, -17.28652724702549, -16.991469313285883, -16.982827151863706, -16.6904393186026, -16.538211903731618, -16.08842060201218, -15.350252841708796, -14.896255204355807, -14.784843619548386, -14.784437094081547, -14.483407110864166, -14.353927683184104, -14.044573684512983, -13.881494157389882, -13.743543709477493, -13.442513755070493, -13.1416730101349, -12.9941999927909, -12.840643096966899, -12.699903697904402, -12.693170031690963, -12.392140105155061, -12.23896162773767, -12.091355061575857, -12.091110247747201, -11.963104566005171, -11.7903252041291, -11.790080528595308, -11.662074890759223, -11.590427073042001, -11.556295110951362, -11.489295484899415, -11.25526562711254, -11.188755151564573, -11.188266042103407, -11.060760811139673, -10.916291151113226, -10.88772570845768, -10.677045274697475, -10.65414831773066, -10.615261690130813, -10.586696817905414, -10.314232763827663, -10.286645180241598, -10.208993294981392, -10.014165191851166, -10.013204906876128, -9.985617392308697, -9.964633925134493, -9.907184175754951, -9.713137332541695, -9.663607128008781, -9.506799090503911, -9.412111609549953, -9.3855146713926, -9.11300272508657, -9.0901913928835, -9.063902749132914, -8.944278087586637, -8.867434239925318, -8.811981255824875, -8.789167586829173, -8.643253269355936, -8.566412243399439, -8.488149970075762, -8.342233628342495, -8.265398245496021, -8.213765637238327, -8.190383580968263, -8.075246667282245, -8.044189664618015, -8.041224341115576, -7.968075957370381, -7.949120879096232, -7.889378249749839, -7.743180307303409, -7.701976981154957, -7.667077820063118, -7.442191584905998, -7.374096429778464, -7.293851729327871, -7.147097614251887, -7.091391822907171, -7.07312955968546, -7.072441342739736, -6.940673572214703, -6.875933860375497, -6.84614959709694, -6.790449235317866, -6.639717107919949, -6.575015879248118, -6.481510203539511, -6.420226923128248, -6.338834131442906, -6.291194390736439, -6.2559826997465295, -6.200668525674399, -6.119291635315452, -6.048921950295095, -5.986850143830221, -5.818450983124952, -5.7481821803050694, -5.594010545145804, -5.5535981411866455, -5.530007770133723, -5.517799385869619, -5.4941838888263375, -5.463067536907066, -5.3266033297175985, -5.293103578255872, -5.229351050192186, -5.197514148298538, -5.193703484827544, -5.168433953300716, -5.039734221829069, -5.0374936376224655, -5.026045185742202]
"Number of good channels:"
203
"R=0.1982421875"
"Frozen channels:"
821
"Monte Carlo--------------------------------------------------------"
"sim ran :500000"
"Good Channels:"
[]
"Corresponding Error Exponents:"
[]
[-0.9806095048830352, -0.7291814669210799, -0.7290325063701758, -0.7287672968819283, -0.7286882306592006, -0.7284604144061966, -0.7279447824098533, -0.7276199235693758, -0.7275503425641529, -0.7268227295728568, -0.7267069800607342, -0.5187810262361234, -0.518365349728505, -0.5183051812725366, -0.5182077833473586, -0.5180445475798543, -0.5180187791189586, -0.5179071334528741, -0.5178498903964631, -0.5177411493714736, -0.5176696240691985, -0.5176095519173184, -0.5175666483241332, -0.5175666483241332, -0.5175494880735438, -0.5175151696063867, -0.5175094501255068, -0.517460837578963, -0.5173207495003771, -0.5172978822677528, -0.5172607255825498, -0.5170064305448436, -0.5169978613955821, -0.5169350261334514, -0.5169121792010579, -0.5167808326592241, -0.5167779777407419, -0.516743720182728, -0.5166209861189174, -0.5165724729149654, -0.5165610588309704, -0.5165039929103186, -0.5164897276017058, -0.5164754627616512, -0.5164611983901244, -0.5164611983901244, -0.5164241132166434, -0.5163756219983212, -0.5163699175050476, -0.5163157285557036, -0.516238734835898, -0.5161503514686869, -0.516130396423255, -0.5160363349857326, -0.5159394445045223, -0.5156004979460932, -0.37485224167659226, -0.37464638563543257, -0.3746258053969782, -0.374599052544905, -0.3745146889585246, -0.3744385700311241, -0.37442828471276957, -0.3743933164522705, -0.37438714587503197, -0.3743706914310081, -0.3743604077200656, -0.3743521809266348, -0.37430076699812387, -0.37427609047424415, -0.3742493591555275, -0.37423702217872845, -0.37420823726234087, -0.3741897336806486, -0.37417945425368315, -0.37417945425368315, -0.37417534255102175, -0.37417328671428884, -0.37411161613715116, -0.37403351264230833, -0.37402734717510944, -0.3740232369122697, -0.37399446616155346, -0.373957477996748, -0.37393898509561163, -0.37393693037742626, -0.3738937835409789, -0.37388556558192887, -0.3738752933517901, -0.3738547496203811, -0.37383626109296064, -0.3738300984253902, -0.3738239358452672, -0.3737849082017184, -0.37375820709780966, -0.3737356151381865, -0.37371097070432513, -0.3737089170646274, -0.3736965954303677, -0.37364731238887783, -0.37363909909232323, -0.37363293922183993, -0.37358161036522347, -0.37354671020759234, -0.373536445989072, -0.373534393174478, -0.3735323403695872, -0.3735261820131328, -0.3735056547889525, -0.37349744417093794, -0.37346049831068606, -0.37345844585504784, -0.3734563934091094, -0.3734563934091094, -0.3734563934091094, -0.37342355559318763, -0.3734215033121312, -0.3734215033121312, -0.3734153465271501, -0.3734030332190271, -0.3733968766958803, -0.37339072026000664, -0.3733640433796498, -0.3733640433796498, -0.37334352381745084, -0.3733271088657097, -0.3733147980590501, -0.3732799193351657, -0.3732696614200332, -0.37324299197454625, -0.37317324885903314, -0.37316299346308845, -0.37315478932069174, -0.373150687307611, -0.3731363305669333, -0.3731240251669409, -0.3730789083497485, -0.3730666045766398, -0.3730522506152219, -0.37302149372389926, -0.37302149372389926, -0.3730071412533479, -0.3729866385467493, -0.37298458832932385, -0.37298048792350874, -0.37295998647512485, -0.3729456360370743, -0.3728738909587054, -0.37285339454163674, -0.3728492953742992, -0.3728431466958372, -0.372836998104426, -0.3728288001179526, -0.37277756620824637, -0.37275912348024454, -0.37273658343177896, -0.3727345343944712, -0.3727119956221192, -0.3726177552454608, -0.37260341611115155, -0.3725972709128027, -0.3725808841422995, -0.3725563051458073, -0.37253991992091956, -0.3725255833562326, -0.3725091992903652, -0.37249895956306833, -0.37247643301281524, -0.37242728823125276, -0.372314685744371, -0.3722655592616932, -0.3722205315337951, -0.37218574057766285, -0.3721038904967279, -0.3720916143149733, -0.3718522981033036, -0.3129975050754204, -0.31292429698745183, -0.31289573132475784, -0.31283146545260626, -0.31282968042523496, -0.3127368691105532, -0.31266192060256875, -0.3126458618906363, -0.3126405091186107, -0.3126262353824073, -0.31249422555735784, -0.31248887465394465, -0.3124853074216289, -0.312417535574173, -0.312410402310669, -0.3123016345570162, -0.31229985170601154, -0.3122945031969106, -0.3122624135254802, -0.3122231960356664, -0.31218754684505634, -0.3121732879881288, -0.31216259415264824, -0.31207883488358723, -0.3120717071810095, -0.31206101584647716, -0.312057452126787, -0.31202003483548324, -0.31198796543714463, -0.3119808392257609, -0.31197905769118545, -0.31197015012792784, -0.31196836863719984, -0.3119238337438487, -0.3119184898635257, -0.31190602106514687, -0.3119006774039984, -0.31189711499976003, -0.3118953338085988, -0.3118864279623703, -0.3118793034168769, -0.31187396008445656, -0.31184546342179675, -0.31184546342179675, -0.31184012050570725, -0.31182943487071807, -0.31182765395711415, -0.3118080643894542, -0.31180450274481203, -0.31179559876099405, -0.3117849142213743, -0.31176532658142214, -0.3117599846511206, -0.311743959254447, -0.311743959254447, -0.3117332759851744, -0.3117297149538159, -0.311708349378821, -0.3117065689616828, -0.31170300814930296, -0.31169766698547396, -0.31169232588733237, -0.31167630298701576, -0.31165494003945277, -0.3116406986581904, -0.31163713838584284, -0.31163535826061395, -0.31161043727351556, -0.31159797731620836, -0.3115961973514888, -0.3115961973514888, -0.311589077565562, -0.3115748383438621, -0.3115712786113831, -0.3115712786113831, -0.3115623794078357, -0.3115605995890086, -0.3115570399732364, -0.311551700604282, -0.3115428018018978, -0.311535682891272, -0.3115089880156689, -0.3115089880156689, -0.3114947514195816, -0.31148051529016846, -0.31146627962739887, -0.31146450020236205, -0.3114609413741606, -0.3114591619709959, -0.31145738257512173, -0.3114520444312423, -0.31144848570510786, -0.3114200169457854, -0.3114022249188302, -0.3113879918220537, -0.31138621271775413, -0.31138265453101943, -0.3113808754485841, -0.31136664305146333, -0.31133817965638805, -0.31133817965638805, -0.3113346218631662, -0.3113203909817302, -0.3113168333342317, -0.3113079393429862, -0.3113061605665939, -0.31128659450710516, -0.31127058656861334, -0.31127058656861334, -0.3112670293290769, -0.31125102211172095, -0.31124390798227247, -0.3112367939693578, -0.31123145853614476, -0.31119411233886674, -0.31119055572566123, -0.31117988606080077, -0.31117810780880867, -0.3111656602487328, -0.31115676935281644, -0.31114610051797076, -0.31114076619882985, -0.31114076619882985, -0.3111372100224689, -0.31112831970896176, -0.3111229856082118, -0.3111229856082118, -0.3111194295774418, -0.31110520574552486, -0.3110945381772948, -0.31108920449143845, -0.3110767594791737, -0.3110714260116564, -0.3110643148235192, -0.31104298195771757, -0.31103587123530757, -0.31103231591776115, -0.31102520536998307, -0.3110109846236728, -0.3110003193695152, -0.31098965437726483, -0.3109860994380474, -0.3109860994380474, -0.31098254452792884, -0.31096832517843415, -0.31096832517843415, -0.3109629930423984, -0.3109612156782678, -0.31095943832141104, -0.3109452197284102, -0.31093988787604687, -0.31093100160090403, -0.31092211550758314, -0.3109114524355926, -0.31089723541351416, -0.31088301885682745, -0.3108776877680476, -0.3108776877680476, -0.3108705797514694, -0.3108457026095486, -0.31083859511644196, -0.31082438047917454, -0.31081194305320525, -0.31081016630714287, -0.3107995059834117, -0.31078884592134565, -0.310783515988433, -0.310783515988433, -0.310783515988433, -0.31077996273616443, -0.3107781861209319, -0.31076752658215745, -0.3107639734607059, -0.3107515377645418, -0.3107497612655863, -0.3107479847738976, -0.3107408788798097, -0.31073732597636516, -0.31070890379512917, -0.31070002224494014, -0.31069469340200895, -0.3106591694533328, -0.3106467367577476, -0.310625424393328, -0.31060588897800456, -0.3105987854084783, -0.31058990610995957, -0.31058813027204046, -0.31058102699297746, -0.31056682078338355, -0.31056504503985805, -0.3105632693035932, -0.31055439073117624, -0.31052065381127136, -0.3105135516357521, -0.3104230090771992, -0.31041590849830725, -0.31039460745815833, -0.3103839573298567, -0.3103182873091938, -0.31030941374364407, -0.3102331085632975, -0.31010891949767727, -0.3100805384111012, -0.3100521591791043, -0.3099581662165248, -0.30991383697331815, -0.3098695122544178, -0.30962846499486646, -0.3094849636278725, -0.3029119567421873, -0.3029119567421873, -0.3028561292231962, -0.3028491512878926, -0.30280379744105385, -0.30278112229364273, -0.30275844833007226, -0.30270264053946644, -0.30265032724808044, -0.30263637810122185, -0.302563152429867, -0.3025544359103791, -0.30255094935156807, -0.3024289374238057, -0.3023923405287594, -0.30238711265263574, -0.3023783996656077, -0.3023766570891783, -0.30237142940184153, -0.3023644592499437, -0.3023522617532949, -0.3023522617532949, -0.30231915598915027, -0.3023121866761504, -0.3023017329163455, -0.3022825683435484, -0.3022651467384794, -0.3022494678914228, -0.3022494678914228, -0.3022355316136583, -0.3021937254634101, -0.30214495670724467, -0.3021362485770418, -0.3021240574880926, -0.30212231593189276, -0.3021014178022107, -0.30209793487836284, -0.3020927105449631, -0.3020909691144622, -0.30208922769094404, -0.30207877929646965, -0.3020752965541709, -0.3020631071760632, -0.30205614197074643, -0.3020387294461604, -0.3020352470250178, -0.30201087085886136, -0.30201087085886136, -0.30200912975648897, -0.30200564757268455, -0.30200564757268455, -0.3020004243493278, -0.3019986832888352, -0.3019986832888352, -0.30199694223532253, -0.3019917191166624, -0.30198997809106826, -0.3019795320840707, -0.3019795320840707, -0.30197430917479134, -0.30197256821898966, -0.30196212263073524, -0.3019603817237849, -0.301948195570529, -0.3019447138752601, -0.3019447138752601, -0.3019429730380928, -0.3019412322079034, -0.30193600975920276, -0.3019255650501995, -0.3019116391622625, -0.3019046763857433, -0.3019029357090556, -0.301895973072071, -0.30189249179543776, -0.3018872699328106, -0.3018803075469742, -0.3018803075469742, -0.3018803075469742, -0.3018663831101447, -0.3018594210591444, -0.3018576805638327, -0.3018576805638327, -0.30183505475950806, -0.3018333143618448, -0.30182983358744153, -0.3018263528409357, -0.30181591076879827, -0.30180372866861643, -0.3017985078731424, -0.3017985078731424, -0.30179502737769315, -0.30178110567482125, -0.30178110567482125, -0.3017793654933404, -0.3017776253188323, -0.3017724048371438, -0.30177066469052605, -0.3017689245508807, -0.301761964062023, -0.30175500368472, -0.30175152353790047, -0.30174804341896827, -0.3017463033699598, -0.3017463033699598, -0.301744563327923, -0.30173760322949134, -0.3017323832288674, -0.30173064324260196, -0.3017219434158412, -0.3017202034714019, -0.30171846353393345, -0.30171846353393345, -0.30171846353393345, -0.3017097639511518, -0.3017080240555072, -0.3017080240555072, -0.3017080240555072, -0.3017045442851292, -0.30170106454263257, -0.30169932468183963, -0.30169410514128153, -0.30169236530836885, -0.30169062548242614, -0.30169062548242614, -0.30168888566345337, -0.30168714585145034, -0.30168366624835363, -0.3016819264572598, -0.3016801866731356, -0.30167670712579575, -0.30167670712579575, -0.3016680083794102, -0.3016645289296405, -0.3016627892152092, -0.30166104950774697, -0.3016471320989258, -0.3016471320989258, -0.3016453924541819, -0.3016453924541819, -0.3016436528164065, -0.3016401735617607, -0.3016401735617607, -0.30163843394489026, -0.30163669433498796, -0.3016349547320539, -0.3016332151360879, -0.3016332151360879, -0.30162973596506, -0.30162799638999793, -0.3016245172607774, -0.3016245172607774, -0.30162277770661877, -0.3016158195596609, -0.3016158195596609, -0.3016123405279871, -0.30161060102260123, -0.30161060102260123, -0.3015932063519362, -0.3015932063519362, -0.30158972750140606, -0.30158972750140606, -0.30158972750140606, -0.301587988086591, -0.3015845092778606, -0.30157581237794695, -0.3015723336667453, -0.3015671156521883, -0.30156537632793456, -0.30156537632793456, -0.3015618977003246, -0.3015618977003246, -0.30156015839696826, -0.3015584191005777, -0.3015566798111527, -0.30154972272310804, -0.30154972272310804, -0.30154798346851047, -0.30154276574650923, -0.3015392873000009, -0.30153580888135273, -0.3015288521276348, -0.3015271129566172, -0.3015253737925643, -0.301521895485352, -0.30151841720599765, -0.301516678076767, -0.301516678076767, -0.30150624344763177, -0.30150624344763177, -0.3015045043671501, -0.30149059197399297, -0.3014871139453395, -0.30148537494145783, -0.3014836359445394, -0.30148015797159233, -0.30148015797159233, -0.30148015797159233, -0.3014784189955635, -0.3014732021092552, -0.3014732021092552, -0.30147146316107837, -0.30146972421986434, -0.30146972421986434, -0.30146798528561314, -0.3014558129408083, -0.30145233519066894, -0.30145233519066894, -0.3014505963260426, -0.3014471186176765, -0.3014453797739366, -0.30144190210734273, -0.3014366856596662, -0.3014366856596662, -0.3014349468576975, -0.3014297304935614, -0.30142451419207894, -0.30142451419207894, -0.30142103669256415, -0.3014175592208943, -0.3014140817770689, -0.3014123430655978, -0.30140191094294916, -0.30139669497559396, -0.3013949563337299, -0.30139321769882627, -0.3013897404498999, -0.3013897404498999, -0.301384524628712, -0.301384524628712, -0.30137757029790213, -0.3013723546228732, -0.30136018495805855, -0.3013584464623512, -0.3013567079736031, -0.3013514925491135, -0.3013497540882017, -0.3013497540882017, -0.3013480156342489, -0.301346277187255, -0.3013445387472199, -0.30134106188802606, -0.30133932346886716, -0.3013358466514252, -0.301334108253142, -0.3013288931000428, -0.301321939659993, -0.30131846298171666, -0.30131846298171666, -0.30131846298171666, -0.30131498633127207, -0.3013132480164866, -0.3013080331138766, -0.301301080007803, -0.3012993417486782, -0.30129760349651075, -0.30129586525130053, -0.30129238878175185, -0.3012889123400316, -0.3012819595400746, -0.3012819595400746, -0.301278483181837, -0.30127153054884137, -0.30127153054884137, -0.3012680542740825, -0.3012611018080402, -0.3012611018080402, -0.3012611018080402, -0.30125936370892004, -0.30125936370892004, -0.30125936370892004, -0.30125936370892004, -0.3012541494532957, -0.30125067331765903, -0.3012454591663722, -0.3012454591663722, -0.30124372112985454, -0.30124198310029243, -0.30124198310029243, -0.3012385070620347, -0.3012367690533389, -0.30123155506898336, -0.3012298170881086, -0.3012280791141889, -0.3012263411472243, -0.30121938934891523, -0.30121938934891523, -0.3012159134914896, -0.30121243766188255, -0.30121243766188255, -0.30120722396963107, -0.30120722396963107, -0.30120374820956874, -0.30120374820956874, -0.30120027247732356, -0.30119332109628266, -0.3011915832684074, -0.30118810763351855, -0.30118810763351855, -0.30118810763351855, -0.30118636982650476, -0.30118636982650476, -0.30118636982650476, -0.30117941866798636, -0.30117768089574065, -0.3011759431304484, -0.30117072987629157, -0.3011689921388125, -0.3011689921388125, -0.3011620412584272, -0.3011620412584272, -0.3011603035557134, -0.3011603035557134, -0.30115509048928896, -0.30115509048928896, -0.3011516151464363, -0.301149877485439, -0.301149877485439, -0.30114813983139416, -0.30114640218430183, -0.30114640218430183, -0.30114466454416194, -0.30114292691097444, -0.30114292691097444, -0.3011394516654563, -0.30113250125784624, -0.30113076367332386, -0.3011272885251348, -0.30112207585498985, -0.30112207585498985, -0.3011203383121782, -0.3011203383121782, -0.30111860077631825, -0.30111686324740977, -0.30111338821044725, -0.3011099132012903, -0.3011099132012903, -0.3011099132012903, -0.3011099132012903, -0.30110817570713877, -0.30110470073968926, -0.30110122580004417, -0.30109948834064815, -0.3010925385725728, -0.30108558891570886, -0.30108385151886924, -0.30108211412898006, -0.30108211412898006, -0.3010803767460412, -0.3010803767460412, -0.3010803767460412, -0.30107690200101456, -0.30107516463892653, -0.30107516463892653, -0.3010734272837887, -0.30106300329891184, -0.30105779140029604, -0.30105431683596695, -0.30105431683596695, -0.30105431683596695, -0.3010525795642267, -0.3010491050415943, -0.3010473677907022, -0.3010438933097656, -0.3010404188566257, -0.3010386816404793, -0.3010369444312819, -0.3010299956639812, -0.3010299956639812, -0.3010265213220233, -0.3010265213220233, -0.30102478416146733, -0.3010230470078598, -0.3010230470078598, -0.3010213098612009, -0.3010160984629143, -0.30101436134404874, -0.3010126242321313, -0.3010056758539429, -0.30099872758692137, -0.30099872758692137, -0.30099872758692137, -0.3009969905375355, -0.30099525349509715, -0.3009935164596065, -0.3009935164596065, -0.3009883053948193, -0.30098483138636495, -0.30098483138636495, -0.30098483138636495, -0.30097267257561056, -0.30097267257561056, -0.30097093563043364, -0.30096919869220345, -0.30096746176092015, -0.30096398791919343, -0.30095877720870273, -0.3009553034364412, -0.30095182969196504, -0.30094835597527364, -0.30094661912734716, -0.30094140862524366, -0.300939671805101, -0.30093793499190413, -0.30093272459398807, -0.30092925103010537, -0.30092404073637236, -0.30091883050514723, -0.30091709377529596, -0.30091709377529596, -0.3009153570523897, -0.3009136203364286, -0.3009101469253411, -0.30090667354203327, -0.30090320018650435, -0.30089972685875416, -0.30089799020529584, -0.3008927802865878, -0.3008893070421707, -0.30088236063666673, -0.30087888747557895, -0.30087888747557895, -0.30087888747557895, -0.3008771509054509, -0.3008736777860262, -0.30087194123672933, -0.3008702046943763, -0.30086673163050076, -0.3008649951089783, -0.3008632585943993, -0.3008563126055163, -0.3008563126055163, -0.30085457612565353, -0.30085283965273396, -0.30085283965273396, -0.30085110318675734, -0.30084936672772383, -0.30084589383048543, -0.3008441573922804, -0.30083373890884707, -0.30083200251924025, -0.300830266136576, -0.30082679339207413, -0.3008198479863766, -0.3008181116523074, -0.3008146390049946, -0.30081290269175104, -0.3008059575081936, -0.300800748693412, -0.300799012435701, -0.30079553994110286, -0.30078859503520067, -0.3007816502403544, -0.30077644171709794, -0.30077644171709794, -0.3007747055565604, -0.3007747055565604, -0.30077296940296344, -0.30077296940296344, -0.3007660248579798, -0.30076255262712986, -0.3007538721714567, -0.300752136101142, -0.300752136101142, -0.3007434558536644, -0.3007417198249879, -0.30073998380325073, -0.30073998380325073, -0.30073824778845304, -0.30073824778845304, -0.30073651178059474, -0.3007347757796757, -0.30073303978569604, -0.3007313037986555, -0.3007260958791687, -0.30070352894969543, -0.30070352894969543, -0.30070005721846893, -0.3006983213632631, -0.3006965855149952, -0.3006965855149952, -0.30068964219130384, -0.30068096319279025, -0.30067749164194807, -0.30067749164194807, -0.3006740201188557, -0.30067228436771554, -0.30066881288624697, -0.30066360571607265, -0.30066360571607265, -0.30065666291962456, -0.3006549272378547, -0.30065145589512493, -0.30064451329290426, -0.30064104203341246, -0.3006236861521213, -0.30062021505909353, -0.30062021505909353, -0.3006167439938081, -0.3006150084715688, -0.3006150084715688, -0.30061153744789626, -0.3006045954837748, -0.3006045954837748, -0.30059938908350253, -0.30059418274564487, -0.30059418274564487, -0.30058724105892115, -0.3005837702571669, -0.3005785641065438, -0.30057682873687136, -0.3005750933741332, -0.30057335801832913, -0.30057162266945925, -0.30056815199252157, -0.30056815199252157, -0.30056815199252157, -0.3005664166644536, -0.3005612107218531, -0.30055947542152045, -0.3005577401281215, -0.30055600484165607, -0.30055600484165607, -0.30054038757547136, -0.30053691714813985, -0.3005299763766718, -0.3005195654274505, -0.3005195654274505, -0.3005195654274505, -0.300514360046428, -0.300512624933285, -0.30050221440000086, -0.3004970092269395, -0.30049353914622373, -0.3004761891585298, -0.3004761891585298, -0.3004727192441649, -0.30047098429737895, -0.3004605747622085, -0.3004605747622085, -0.3004588398639371, -0.3004553700881859, -0.3004553700881859, -0.30045016547653647, -0.30044843061984716, -0.30044669577008787, -0.30044669577008787, -0.300436286817062, -0.300436286817062, -0.3004328172214919, -0.3004310824341014, -0.3004154696594101, -0.3004137349413128, -0.3004137349413128, -0.30041026552590505, -0.30039812279023587, -0.30038077661391366, -0.30037036924066635, -0.3003686347027055, -0.30035649313094875, -0.30035475864840705, -0.30034782078751093, -0.3003443518986245, -0.300333945398207, -0.30033221100571367, -0.30033221100571367, -0.3003252735050042, -0.30031833611511394, -0.30031486746172487, -0.30031486746172487, -0.30031486746172487, -0.3003096645335851, -0.3003096645335851, -0.300302727393025, -0.3003009931251988, -0.30028711923189977, -0.30027844827365147, -0.30027844827365147, -0.30026977748852085, -0.30026110687650076, -0.30026110687650076, -0.3002593727748695, -0.3002559045923791, -0.30025243643758465, -0.3002368300837349, -0.30023509607903587, -0.3002316280904077, -0.3002298941064786, -0.30022816012947245, -0.30022816012947245, -0.3002108207401733, -0.30017961158387946, -0.30017787780762084, -0.30016920903014926, -0.30016227413275426, -0.300158806725583, -0.300158806725583, -0.3001553393460953, -0.30015360566673266, -0.30014667101848874, -0.30014667101848874, -0.30014493737372905, -0.30014320373589, -0.3001414701049711, -0.3001380028638946, -0.30013453565049897, -0.30011199943811884, -0.3001102659317577, -0.30008773097870284, -0.30008773097870284, -0.3000703971950781, -0.30006519719489566, -0.30006173056269697, -0.30004786431060954, -0.30004266458021467, -0.3000391981278708, -0.3000132006171885, -0.29999933591446487, -0.299975073749716, -0.29996640901934923, -0.2999594773595218, -0.2999456143717613, -0.29994041586543524, -0.29991615699198093, -0.2998884342243256, -0.2998867016101038, -0.29987803864267726, -0.299876306069928, -0.2998711083931514, -0.2998607132262132, -0.2997533110682378, -0.29974984692467777, -0.2997411866866645, -0.29968576525237983, -0.2993966493517572, -0.29923226806778563, -0.29910772579158973, -0.29896765840806283]
"Number of good channels:"
0
"R=0.0"
"Frozen channels:"
1024
